1.035000000000000000e+03
2.101000000000000000e+03
3.136000000000000000e+03
4.181000000000000000e+03
5.230000000000000000e+03
6.290000000000000000e+03
7.341000000000000000e+03
8.401000000000000000e+03
9.446000000000000000e+03
1.051800000000000000e+04
1.155900000000000000e+04
1.262500000000000000e+04
1.367000000000000000e+04
1.471900000000000000e+04
1.578200000000000000e+04
1.684500000000000000e+04
1.788600000000000000e+04
1.891300000000000000e+04
1.996200000000000000e+04
2.100100000000000000e+04
2.205200000000000000e+04
2.308900000000000000e+04
2.413400000000000000e+04
2.519100000000000000e+04
2.623800000000000000e+04
2.728300000000000000e+04
2.832800000000000000e+04
2.937900000000000000e+04
3.043000000000000000e+04
3.147100000000000000e+04
3.254000000000000000e+04
3.358900000000000000e+04
3.466100000000000000e+04
3.569800000000000000e+04
3.673500000000000000e+04
3.780100000000000000e+04
3.886700000000000000e+04
3.991400000000000000e+04
4.095900000000000000e+04
4.203100000000000000e+04
4.307600000000000000e+04
4.415100000000000000e+04
4.520500000000000000e+04
4.624800000000000000e+04
4.728700000000000000e+04
4.836900000000000000e+04
4.942000000000000000e+04
5.045700000000000000e+04
5.150800000000000000e+04
5.257100000000000000e+04
5.362800000000000000e+04
5.466100000000000000e+04
5.570400000000000000e+04
5.675500000000000000e+04
5.781500000000000000e+04
5.886400000000000000e+04
5.992100000000000000e+04
6.096800000000000000e+04
6.202200000000000000e+04
6.309100000000000000e+04
6.413800000000000000e+04
6.519500000000000000e+04
6.623800000000000000e+04
6.729200000000000000e+04
6.834900000000000000e+04
6.940300000000000000e+04
7.045400000000000000e+04
7.149100000000000000e+04
7.252800000000000000e+04
7.358200000000000000e+04
7.460900000000000000e+04
7.565400000000000000e+04
7.669900000000000000e+04
7.775300000000000000e+04
7.883500000000000000e+04
7.988000000000000000e+04
8.093100000000000000e+04
8.198200000000000000e+04
8.304200000000000000e+04
8.407700000000000000e+04
8.512800000000000000e+04
8.618200000000000000e+04
8.723900000000000000e+04
8.828200000000000000e+04
8.930700000000000000e+04
9.034600000000000000e+04
9.139300000000000000e+04
9.243800000000000000e+04
9.348500000000000000e+04
9.453200000000000000e+04
9.559500000000000000e+04
9.662800000000000000e+04
9.766700000000000000e+04
9.870800000000000000e+04
9.975100000000000000e+04
1.007980000000000000e+05
1.018450000000000000e+05
1.029140000000000000e+05
1.039740000000000000e+05
1.050400000000000000e+05
1.061180000000000000e+05
1.071650000000000000e+05
1.082280000000000000e+05
1.092770000000000000e+05
1.103200000000000000e+05
1.113800000000000000e+05
1.124340000000000000e+05
1.134770000000000000e+05
1.145310000000000000e+05
1.155780000000000000e+05
1.166110000000000000e+05
1.176710000000000000e+05
1.187080000000000000e+05
1.197620000000000000e+05
1.208070000000000000e+05
1.218790000000000000e+05
1.229160000000000000e+05
1.239850000000000000e+05
1.250320000000000000e+05
1.260730000000000000e+05
1.271100000000000000e+05
1.281760000000000000e+05
1.292420000000000000e+05
1.303020000000000000e+05
1.313680000000000000e+05
1.324050000000000000e+05
1.334380000000000000e+05
1.345040000000000000e+05
1.355730000000000000e+05
1.366330000000000000e+05
1.376870000000000000e+05
1.387300000000000000e+05
1.397710000000000000e+05
1.408140000000000000e+05
1.419000000000000000e+05
1.429470000000000000e+05
1.439960000000000000e+05
1.450500000000000000e+05
1.460910000000000000e+05
1.471510000000000000e+05
1.481940000000000000e+05
1.492690000000000000e+05
1.503290000000000000e+05
1.513920000000000000e+05
1.524370000000000000e+05
1.534800000000000000e+05
1.545190000000000000e+05
1.555730000000000000e+05
1.566120000000000000e+05
1.576660000000000000e+05
1.587070000000000000e+05
1.597610000000000000e+05
1.608040000000000000e+05
1.618700000000000000e+05
1.629210000000000000e+05
1.639600000000000000e+05
1.650050000000000000e+05
1.660800000000000000e+05
1.671270000000000000e+05
1.681900000000000000e+05
1.692620000000000000e+05
1.703050000000000000e+05
1.714110000000000000e+05
1.724890000000000000e+05
1.735320000000000000e+05
1.745920000000000000e+05
1.756490000000000000e+05
1.766900000000000000e+05
1.777410000000000000e+05
1.787840000000000000e+05
1.798130000000000000e+05
1.808880000000000000e+05
1.819420000000000000e+05
1.829870000000000000e+05
1.840340000000000000e+05
1.851000000000000000e+05
1.861600000000000000e+05
1.872290000000000000e+05
1.882800000000000000e+05
1.893520000000000000e+05
1.904340000000000000e+05
1.914790000000000000e+05
1.925480000000000000e+05
1.936200000000000000e+05
1.946710000000000000e+05
1.957310000000000000e+05
1.967720000000000000e+05
1.977970000000000000e+05
1.988510000000000000e+05
1.998960000000000000e+05
2.009370000000000000e+05
2.019740000000000000e+05
2.030090000000000000e+05
2.040840000000000000e+05
2.051410000000000000e+05
2.061800000000000000e+05
2.072310000000000000e+05
2.082780000000000000e+05
2.093380000000000000e+05
2.103850000000000000e+05
