4.545645952224731445e+00
9.129476785659790039e+00
1.376330995559692383e+01
1.844975495338439941e+01
2.312017297744750977e+01
2.779156398773193359e+01
3.245980501174926758e+01
3.702536082267761230e+01
4.165411782264709473e+01
4.620734000205993652e+01
5.065941596031188965e+01
5.514756989479064941e+01
5.970031595230102539e+01
6.428961300849914551e+01
6.881003189086914062e+01
7.337284183502197266e+01
7.791059589385986328e+01
8.252384781837463379e+01
8.691462993621826172e+01
9.141404485702514648e+01
9.601139879226684570e+01
1.005593788623809814e+02
1.052789168357849121e+02
1.098859069347381592e+02
1.145665287971496582e+02
1.192874379158020020e+02
1.239136588573455811e+02
1.284282839298248291e+02
1.331402339935302734e+02
1.377893998622894287e+02
1.425285809040069580e+02
1.470912728309631348e+02
1.517212748527526855e+02
1.564740757942199707e+02
1.611490898132324219e+02
1.658789439201354980e+02
1.705159809589385986e+02
1.751143338680267334e+02
1.796122839450836182e+02
1.841410098075866699e+02
1.887640810012817383e+02
1.932893149852752686e+02
1.981111798286437988e+02
2.028544750213623047e+02
2.073762719631195068e+02
2.118485410213470459e+02
2.163670070171356201e+02
2.210586829185485840e+02
2.258105828762054443e+02
2.302979598045349121e+02
2.349371337890625000e+02
2.394759819507598877e+02
2.440133128166198730e+02
2.486312389373779297e+02
2.533466069698333740e+02
2.581462810039520264e+02
2.627739408016204834e+02
2.676814877986907959e+02
2.723989028930664062e+02
2.771518177986145020e+02
2.817007138729095459e+02
2.864352788925170898e+02
2.912571218013763428e+02
2.958387038707733154e+02
3.003870508670806885e+02
3.050171539783477783e+02
3.094911568164825439e+02
3.141285278797149658e+02
3.187125358581542969e+02
3.231935329437255859e+02
3.278116710186004639e+02
3.323918418884277344e+02
3.370914528369903564e+02
3.417696578502655029e+02
3.464086449146270752e+02
3.508843009471893311e+02
3.553652689456939697e+02
3.598307049274444580e+02
3.642832729816436768e+02
3.688459148406982422e+02
3.733788290023803711e+02
3.779830229282379150e+02
3.826797609329223633e+02
3.872205870151519775e+02
3.916857898235321045e+02
3.961680848598480225e+02
4.006155328750610352e+02
4.051242117881774902e+02
4.097714209556579590e+02
4.142499527931213379e+02
4.188524508476257324e+02
4.233994188308715820e+02
4.280273439884185791e+02
4.329368999004364014e+02
4.376531310081481934e+02
4.423327178955078125e+02
4.469922828674316406e+02
4.514935569763183594e+02
4.560912318229675293e+02
4.606867008209228516e+02
4.652600429058074951e+02
4.698322679996490479e+02
4.743452877998352051e+02
4.788894929885864258e+02
4.834334459304809570e+02
4.881371979713439941e+02
4.928309659957885742e+02
4.974901130199432373e+02
5.019996848106384277e+02
5.065180408954620361e+02
5.111484889984130859e+02
5.157107598781585693e+02
5.203330669403076172e+02
5.249080269336700439e+02
5.295569498538970947e+02
5.341871459484100342e+02
5.388036057949066162e+02
5.433677108287811279e+02
5.478868508338928223e+02
5.524005877971649170e+02
5.569466118812561035e+02
5.616374759674072266e+02
5.661630070209503174e+02
5.709829828739166260e+02
5.756887698173522949e+02
5.801518249511718750e+02
5.846387097835540771e+02
5.892544538974761963e+02
5.937835538387298584e+02
5.982911357879638672e+02
6.028021910190582275e+02
6.073590638637542725e+02
6.120365319252014160e+02
6.167059588432312012e+02
6.212872169017791748e+02
6.257701618671417236e+02
6.302433447837829590e+02
6.347393438816070557e+02
6.392454609870910645e+02
6.437381169795989990e+02
6.482692148685455322e+02
6.528200869560241699e+02
6.574612119197845459e+02
6.619966228008270264e+02
6.665403728485107422e+02
6.710294799804687500e+02
6.755010979175567627e+02
6.802718799114227295e+02
6.848471038341522217e+02
6.896824758052825928e+02
6.943613729476928711e+02
6.990318329334259033e+02
7.035630328655242920e+02
7.082557318210601807e+02
7.128234889507293701e+02
7.175908999443054199e+02
7.221369409561157227e+02
7.266507449150085449e+02
7.311566069126129150e+02
7.357674767971038818e+02
7.406413149833679199e+02
7.452956628799438477e+02
7.498715147972106934e+02
7.544252569675445557e+02
7.589460790157318115e+02
7.636324038505554199e+02
7.683234949111938477e+02
7.731325809955596924e+02
7.777237098217010498e+02
7.822101218700408936e+02
7.866975319385528564e+02
7.911651937961578369e+02
7.957211039066314697e+02
8.004730780124664307e+02
8.050799818038940430e+02
8.096349887847900391e+02
8.141513140201568604e+02
8.189256119728088379e+02
8.236112439632415771e+02
8.282747960090637207e+02
8.327892959117889404e+02
8.373076448440551758e+02
8.418461239337921143e+02
8.464007458686828613e+02
8.509423668384552002e+02
8.556967289447784424e+02
8.602993919849395752e+02
8.649993619918823242e+02
8.696414837837219238e+02
8.742378509044647217e+02
8.789377319812774658e+02
8.836465358734130859e+02
8.882239599227905273e+02
8.927284889221191406e+02
8.972444038391113281e+02
9.020138800144195557e+02
9.066895618438720703e+02
9.114029448032379150e+02
9.159237489700317383e+02
9.204320979118347168e+02
