4.988713979721069336e+00
1.024332404136657715e+01
1.542783594131469727e+01
2.049578404426574707e+01
2.555200505256652832e+01
3.075412392616271973e+01
3.582510304450988770e+01
4.096463584899902344e+01
4.590651202201843262e+01
5.098790502548217773e+01
5.624669599533081055e+01
6.147665905952453613e+01
6.635989904403686523e+01
7.151730084419250488e+01
7.651507592201232910e+01
8.155082201957702637e+01
8.639403605461120605e+01
9.112157297134399414e+01
9.599498701095581055e+01
1.008887219429016113e+02
1.057789258956909180e+02
1.106226739883422852e+02
1.154745049476623535e+02
1.203896398544311523e+02
1.252812559604644775e+02
1.301591808795928955e+02
1.350561289787292480e+02
1.401762030124664307e+02
1.455056629180908203e+02
1.504399108886718750e+02
1.553956019878387451e+02
1.603339450359344482e+02
1.653623678684234619e+02
1.703277058601379395e+02
1.753729829788208008e+02
1.803781509399414062e+02
1.857722458839416504e+02
1.912137598991394043e+02
1.962119829654693604e+02
2.012153248786926270e+02
2.061016709804534912e+02
2.111652388572692871e+02
2.162405178546905518e+02
2.212351748943328857e+02
2.261228108406066895e+02
2.314051749706268311e+02
2.364978668689727783e+02
2.415136418342590332e+02
2.464619278907775879e+02
2.514502768516540527e+02
2.563920319080352783e+02
2.612219259738922119e+02
2.662244498729705811e+02
2.711329419612884521e+02
2.763524718284606934e+02
2.813183259963989258e+02
2.868617939949035645e+02
2.920865008831024170e+02
2.970174748897552490e+02
3.020001139640808105e+02
3.068936910629272461e+02
3.117859940528869629e+02
3.166382558345794678e+02
3.216835539340972900e+02
3.266143548488616943e+02
3.317229609489440918e+02
3.366606099605560303e+02
3.415097398757934570e+02
3.463997590541839600e+02
3.513023550510406494e+02
3.560813879966735840e+02
3.609241809844970703e+02
3.658037588596343994e+02
3.709883069992065430e+02
3.765429480075836182e+02
3.814594168663024902e+02
3.864209990501403809e+02
3.912864909172058105e+02
3.963882720470428467e+02
4.014240820407867432e+02
4.063370649814605713e+02
4.112635488510131836e+02
4.163061769008636475e+02
4.212948329448699951e+02
4.261909239292144775e+02
4.311019849777221680e+02
4.359819600582122803e+02
4.410945370197296143e+02
4.460928850173950195e+02
4.509605970382690430e+02
4.559516589641571045e+02
4.607907278537750244e+02
4.656311218738555908e+02
4.709915020465850830e+02
4.758519129753112793e+02
4.807131068706512451e+02
4.857990629673004150e+02
4.908039689064025879e+02
4.959372479915618896e+02
5.011975359916687012e+02
5.062211608886718750e+02
5.111284129619598389e+02
5.161598229408264160e+02
5.211257669925689697e+02
5.262359919548034668e+02
5.312203998565673828e+02
5.362311499118804932e+02
5.412568829059600830e+02
5.464330039024353027e+02
5.514911198616027832e+02
5.562549319267272949e+02
5.612607879638671875e+02
5.660879168510437012e+02
5.710313220024108887e+02
5.761534118652343750e+02
5.811531398296356201e+02
5.861263809204101562e+02
5.913631558418273926e+02
5.964205918312072754e+02
6.012257728576660156e+02
6.063253169059753418e+02
6.113068039417266846e+02
6.164552299976348877e+02
6.214510250091552734e+02
6.264257249832153320e+02
6.312713849544525146e+02
6.361277220249176025e+02
6.413809239864349365e+02
6.468459818363189697e+02
6.518216600418090820e+02
6.570869059562683105e+02
6.620457680225372314e+02
6.669159998893737793e+02
6.720000660419464111e+02
6.771261169910430908e+02
6.824057250022888184e+02
6.874433739185333252e+02
6.923566908836364746e+02
6.971696360111236572e+02
7.020903618335723877e+02
7.070233969688415527e+02
7.120660588741302490e+02
7.170267648696899414e+02
7.219554319381713867e+02
7.268752470016479492e+02
7.321149189472198486e+02
7.369617779254913330e+02
7.421012568473815918e+02
7.470347599983215332e+02
7.519285039901733398e+02
7.568141489028930664e+02
7.618291759490966797e+02
7.671894359588623047e+02
7.721996359825134277e+02
7.772122139930725098e+02
7.820534100532531738e+02
7.869449028968811035e+02
7.925227329730987549e+02
7.979212918281555176e+02
8.033389749526977539e+02
8.087790269851684570e+02
8.136056659221649170e+02
8.189706468582153320e+02
8.242478389739990234e+02
8.291793899536132812e+02
8.343241879940032959e+02
8.393131270408630371e+02
8.441229729652404785e+02
8.490013489723205566e+02
8.538976738452911377e+02
8.587140538692474365e+02
8.637373650074005127e+02
8.686940698623657227e+02
8.735499050617218018e+02
8.784886639118194580e+02
8.834722218513488770e+02
8.885444848537445068e+02
8.935358450412750244e+02
8.984153549671173096e+02
9.038456969261169434e+02
9.091499478816986084e+02
9.141069879531860352e+02
9.190738308429718018e+02
9.241229948997497559e+02
9.291838028430938721e+02
9.342789828777313232e+02
9.391191489696502686e+02
9.441302230358123779e+02
9.495967998504638672e+02
9.545829889774322510e+02
9.595646729469299316e+02
9.644715690612792969e+02
9.693113889694213867e+02
9.744420528411865234e+02
9.794150989055633545e+02
9.843132510185241699e+02
9.892620918750762939e+02
9.941674070358276367e+02
9.992436559200286865e+02
1.004272774934768677e+03
