9.233470932841301160e-01
4.834280203133821674e-01
3.683860910832881808e-01
2.839852224513888523e-01
2.491748230606317394e-01
1.959566842392087005e-01
1.646435269489884279e-01
1.510868854708969644e-01
1.600236446112394406e-01
1.291203315276652497e-01
1.331582799740135548e-01
1.194286536518484321e-01
1.561181973591447003e-01
1.336909469291567842e-01
1.040840723905712417e-01
9.431007307022809538e-02
9.230186069756746159e-02
1.148723546043038390e-01
1.130738315200433136e-01
9.070865471754223364e-02
8.459400047175585913e-02
1.040287695350125413e-01
9.869708200544119459e-02
9.540078638121485266e-02
8.098738633468746673e-02
7.573983941227196981e-02
7.976330427173525250e-02
8.321167179476469944e-02
7.013836554903536691e-02
7.644180310377851617e-02
7.158288970217108194e-02
6.560901701124384477e-02
5.405765382200479474e-02
8.782392255682498761e-02
9.294073347281664454e-02
7.130859488062560314e-02
6.368274482712149576e-02
6.809266336727887170e-02
6.768584147142246710e-02
4.923073501605540470e-02
5.844220348726957698e-02
5.047153493855148498e-02
5.388610663497820502e-02
6.011701612453907578e-02
5.754721544589847665e-02
4.518706831894814951e-02
4.304850096907466422e-02
5.932446791045367651e-02
4.366022527916357115e-02
4.611964602861553381e-02
4.852265071636065880e-02
5.294660594034940326e-02
4.359651855123229669e-02
4.234870155621320298e-02
4.199005040572956204e-02
3.595280275389086538e-02
3.954930802690796721e-02
3.829739093943498873e-02
4.074886017362586849e-02
3.662944791303016090e-02
3.437134984484873507e-02
3.311490638530813213e-02
4.294236623100004813e-02
4.283085566270165151e-02
3.684366281377151470e-02
3.163517795782536113e-02
3.330974711559247375e-02
4.043120980565435840e-02
4.407767846714705229e-02
3.516396534256636952e-02
4.792718973197043070e-02
3.370372116181533789e-02
3.407095230207778797e-02
3.156678618350997750e-02
2.823104651458561293e-02
3.947766556445276437e-02
3.014835141471121360e-02
2.608041101833805456e-02
3.176059339963831218e-02
3.602387404721230091e-02
2.725821550353430336e-02
2.806018575071357254e-02
3.145864570117555548e-02
3.198479012295138424e-02
3.843170299800113127e-02
3.524607436265796145e-02
2.777883524348726332e-02
2.913821423740591693e-02
3.843963597808033178e-02
3.217542608518851599e-02
3.165728236269205881e-02
2.889051459112670223e-02
2.619817341701127442e-02
3.386075219174381618e-02
2.783100581233156900e-02
3.114855332195293203e-02
2.755545255623292195e-02
2.469122254234389427e-02
2.239641381578985624e-02
2.279612999397795728e-02
1.612308278889395402e-02
1.922270657971967070e-02
1.861120389564894020e-02
1.647170454688602972e-02
2.014576602639863226e-02
1.755001108627766288e-02
1.759242595400428363e-02
2.127506299619563029e-02
1.550967831973684881e-02
1.555715082562528565e-02
1.749515786842675835e-02
2.604750451981090176e-02
2.360873008472844786e-02
1.994735876191407534e-02
2.270925593678839449e-02
2.536935337935574200e-02
1.930361506692133966e-02
1.866437037114519748e-02
1.685647800483275338e-02
2.464572833047714087e-02
2.350208588899113313e-02
2.159190933132777018e-02
1.806736606734921091e-02
1.692338271287735507e-02
1.558419824310112826e-02
1.434059419459663386e-02
1.918679751397576322e-02
1.382111015275586455e-02
1.169027029443532248e-02
1.128764867165591573e-02
9.694848482788074109e-03
1.034648854350962190e-02
1.149821532014175252e-02
1.085792254094849335e-02
1.065557311824522936e-02
9.971226630965248500e-03
8.584233833680628145e-03
1.570267258599051391e-02
1.562005987961310842e-02
1.013367079515592115e-02
9.458112975902622024e-03
8.995905171468620773e-03
1.008922192937461611e-02
1.062382295368297438e-02
7.097148673215997010e-03
7.553364789593615229e-03
6.801557034166762911e-03
1.086873013029980919e-02
1.021204866244806823e-02
8.028901285724714468e-03
1.265970807615667514e-02
9.102808408671990772e-03
1.080365184985566940e-02
8.726511507076793045e-03
8.101304300304036990e-03
6.477696167217800172e-03
7.460494663057033564e-03
7.330459464952582618e-03
5.686253937186847712e-03
5.864456012262962877e-03
6.787211663162452495e-03
7.643378963810391891e-03
5.641293640677758590e-03
7.241825837430951318e-03
4.924402676078898193e-03
4.618792891124030506e-03
4.664704640839773160e-03
1.320124502533144562e-02
1.310631883075984681e-02
1.184749556305905553e-02
9.268277535040397516e-03
9.625788624929555726e-03
7.974276364275284176e-03
8.388786700284981551e-03
7.958983278374943959e-03
7.133895876737369676e-03
6.843734931426297824e-03
4.771990314344293042e-03
5.574326100511825532e-03
4.698309592225996013e-03
3.476020576657901789e-03
3.141211102054512500e-03
3.279612167680170422e-03
3.915313973040610886e-03
3.415380897917202809e-03
3.871859481383580631e-03
3.430845464943558989e-03
7.416372738007339337e-03
5.343250719732168738e-03
4.489903894007511199e-03
5.386399194379919327e-03
5.276483936235308245e-03
5.341746729776787259e-03
5.150715878102346199e-03
8.340439832882112076e-03
8.760986143322952585e-03
7.279588035191409713e-03
7.861092941704554693e-03
5.350227609334979109e-03
3.547063666686881521e-03
