7.336200007200240902e-01
8.716600002050399754e-01
8.982800012826919200e-01
9.230400022268295812e-01
9.328600013256073131e-01
9.448400028944015094e-01
9.523800028562545705e-01
9.567000050544738343e-01
9.537200034856796460e-01
9.642400060892104552e-01
9.624000036716461315e-01
9.641400066614150832e-01
9.532600036859512072e-01
9.615400049686432249e-01
9.710400071144104084e-01
9.721800068616867074e-01
9.734800086021423438e-01
9.652200052738190150e-01
9.679400079250335409e-01
9.743200103044510341e-01
9.761600096225738765e-01
9.699400078058242336e-01
9.723200083971023089e-01
9.723000079393386841e-01
9.781200093030929521e-01
9.783000094890594855e-01
9.771800090074539424e-01
9.763000092506408656e-01
9.805200095176697106e-01
9.777000101804733667e-01
9.802200106382370492e-01
9.809000095129013497e-01
9.847000106573104983e-01
9.739400084018707826e-01
9.736600080728531337e-01
9.799800106287002155e-01
9.817600101232528687e-01
9.809000107049942185e-01
9.811400103569031250e-01
9.861800106763839446e-01
9.833200097084044966e-01
9.861400090456008405e-01
9.847600090503693115e-01
9.827600094079971260e-01
9.836800097227096362e-01
9.878000084161758787e-01
9.873200091123580657e-01
9.828200088739394991e-01
9.873800102472305440e-01
9.872000099420547015e-01
9.863400105237960513e-01
9.841000092029571489e-01
9.877000098228454483e-01
9.884400082826614309e-01
9.878400095701217465e-01
9.905000077486038057e-01
9.894200086593627486e-01
9.899400085210799949e-01
9.887600090503693151e-01
9.899800080060958685e-01
9.902800081968307078e-01
9.911000069379806154e-01
9.877000086307525795e-01
9.881400090456008423e-01
9.899400072097778169e-01
9.916600072383880971e-01
9.910600072145462347e-01
9.896600083112716550e-01
9.873600095510483010e-01
9.900400077104568597e-01
9.862600100040436191e-01
9.906000077724457231e-01
9.904200080633163150e-01
9.906400084495544656e-01
9.922400074005126580e-01
9.895200077295303043e-01
9.915200070142745625e-01
9.932600060701369804e-01
9.910000077486038617e-01
9.897400084733962711e-01
9.930200064182281849e-01
9.924600061178207033e-01
9.914200072288512633e-01
9.917000072002410960e-01
9.890400091409683458e-01
9.899000080823898706e-01
9.922200065851211059e-01
9.921200071573257340e-01
9.893600078821181976e-01
9.912800079584122015e-01
9.913600072860717649e-01
9.929800063371658769e-01
9.928600057363510256e-01
9.908200079202651445e-01
9.928600059747696438e-01
9.912800072431564580e-01
9.929000062942504590e-01
9.930200057029724414e-01
9.936400054693221850e-01
9.942800053358078483e-01
9.962000036239624379e-01
9.954800041913985931e-01
9.954200043678284038e-01
9.965000033378601518e-01
9.947000048160552499e-01
9.954600040912627845e-01
9.961800036430359384e-01
9.948800046443939671e-01
9.961800036430359384e-01
9.962000036239624379e-01
9.953800042867660958e-01
9.939000055789947163e-01
9.942800052165985392e-01
9.946800047159194413e-01
9.940400050878525073e-01
9.933200061321258989e-01
9.951400042772292620e-01
9.952000045776366877e-01
9.953400040864944787e-01
9.929200059175491422e-01
9.943400053977966557e-01
9.943400050401687285e-01
9.955400042533874005e-01
9.958000038862228065e-01
9.962800035476684357e-01
9.964400032758712333e-01
9.950400047302245810e-01
9.964000034332275435e-01
9.977000021934508966e-01
9.975400023460387899e-01
9.981800017356872168e-01
9.976000022888183993e-01
9.972400026321410760e-01
9.974000024795531827e-01
9.973600025177001838e-01
9.977200021743773961e-01
9.981000018119812189e-01
9.962200030088425029e-01
9.966800028085708307e-01
9.977400021553040066e-01
9.982000017166137162e-01
9.981200017929077184e-01
9.978000018596648868e-01
9.975600023269652894e-01
9.987600011825561452e-01
9.985200014114380407e-01
9.989400010108947514e-01
9.972400026321410760e-01
9.979200019836426128e-01
9.985200014114380407e-01
9.970000028610229714e-01
9.979400019645691122e-01
9.979400019645691122e-01
9.982600016593933256e-01
9.982200016975403267e-01
9.986800012588501474e-01
9.985800013542175391e-01
9.984200015068054324e-01
9.991200008392333576e-01
9.990400009155273597e-01
9.986000013351440385e-01
9.988200011253356436e-01
9.992000007629394664e-01
9.984600013494491222e-01
9.992400007247924654e-01
9.994800004959106809e-01
9.992400007247924654e-01
9.973800022602081761e-01
9.974200024604796821e-01
9.977200021743773961e-01
9.981800017356872168e-01
9.978600020408630034e-01
9.983600015640259340e-01
9.983000016212463246e-01
9.982600016593933256e-01
9.985600013732910396e-01
9.985800013542175391e-01
9.992000007629394664e-01
9.991200008392333576e-01
9.993000006675720748e-01
9.995800004005431783e-01
9.995800004005431783e-01
9.995000004768371804e-01
9.994400005340575710e-01
9.995600004196166788e-01
9.992800006866454643e-01
9.995000004768371804e-01
9.983000013828277064e-01
9.992600007057189648e-01
9.992600007057189648e-01
9.990400007963180506e-01
9.990200009346008603e-01
9.990200009346008603e-01
9.990600008964538592e-01
9.983800015449524334e-01
9.977200021743773961e-01
9.986200013160705380e-01
9.982600016593933256e-01
9.991200008392333576e-01
9.994400005340575710e-01
