2.272343872189521718e-01
7.237420062161982470e-02
4.303469894453883227e-02
2.697701780172065064e-02
1.619065243110526242e-02
9.476676474558189470e-03
6.230406365211819952e-03
3.821522219863254712e-03
2.573596902569988843e-03
1.878633395492215578e-03
1.346945993631379649e-03
1.086242093893815749e-03
9.430352844792650683e-04
7.434490502055268865e-04
5.671913391415727736e-04
5.064569965979899687e-04
3.938079232902964638e-04
4.318170994520187530e-04
3.545796469406923093e-04
3.005186488844628699e-04
3.150838656074483684e-04
2.661445445110075772e-04
2.453544366089772531e-04
2.439501445587666164e-04
2.221975544089218615e-04
2.106551766228221840e-04
2.020591561213223159e-04
1.786135593883955144e-04
1.606947420405049323e-04
1.580493543833654305e-04
1.584151200968335674e-04
1.355604376331029978e-04
1.471296715189964626e-04
1.263494295526470525e-04
1.026323485028115103e-03
3.744144973497896042e-04
1.700641595944034649e-04
1.544849354313555649e-04
1.430791472466808078e-04
1.330670555926190008e-04
1.194403495801452624e-04
1.150550875809130914e-04
1.179795694260974369e-04
1.066464356663345870e-04
9.168994009633024548e-05
9.305231424332305692e-05
8.401842525472602628e-05
9.735104389255866538e-05
9.554390672929002947e-05
9.190337445215845285e-05
8.349887505210062326e-05
8.148183185494418197e-05
8.229613248386158147e-05
7.731894675407602303e-05
7.456131228536833403e-05
6.417224660299325598e-05
7.010697672831156166e-05
7.570807759020681629e-05
6.372980282958450873e-05
7.162183592208748808e-05
7.539564926310049616e-05
5.737977730905186263e-05
6.219596384380565442e-05
5.825971478634528515e-05
5.766823899193696250e-05
6.198922004750783581e-05
4.792078322043380288e-05
5.397456406535638940e-05
5.573302695802340227e-05
4.971276737114749532e-05
4.980241362227389140e-05
4.647909350296686415e-05
4.616309381117389491e-05
4.637424668999301828e-05
4.591038734270113926e-05
4.853328605122441916e-05
5.053249326033437553e-05
4.537999030117134832e-05
4.507194724169494239e-05
5.159221399708258348e-05
5.679492444141942260e-05
4.155443861054664104e-05
4.162234898058159041e-05
4.402350062491678116e-05
3.882335119442359672e-05
3.954621239006428677e-05
3.953594654467451586e-05
4.334708616124771614e-05
4.595914340643503384e-05
3.889023560759596903e-05
3.599938776642375312e-05
3.525773497142381410e-05
3.470039405760871746e-05
3.544555233406754496e-05
3.461087310552102378e-05
3.460875335122182313e-05
3.246928729299725021e-05
3.555329459959466812e-05
3.042270530295354403e-05
3.414819268971314278e-05
3.120204835977347172e-05
2.678569482964121646e-05
2.856884164498296717e-05
2.525146545735879207e-05
3.108465171271745898e-05
2.636661056521916321e-05
3.413939211213801281e-05
2.869427596988316593e-05
2.906656412324082255e-05
2.924141633957333476e-05
3.041714571691045532e-05
2.635583818141640187e-05
2.695095676472192389e-05
2.622726357481042314e-05
2.549725798689905906e-05
2.725535348326957406e-05
2.291612746103055613e-05
2.479532734002987070e-05
2.669280086718117730e-05
2.336213724902336226e-05
2.244015725455028517e-05
2.370874874645778670e-05
2.897985076424447557e-05
2.392329324675301948e-05
2.654149634486202647e-05
2.171378848629501427e-05
2.644503591295688201e-05
2.353957295235886588e-05
2.551917605796916180e-05
2.364202101762202826e-05
2.348358855692822563e-05
2.179760341959990951e-05
2.224027154386476316e-05
2.292674800219174504e-05
2.141874739027116296e-05
2.318636162203802030e-05
2.147307430652745254e-05
2.068030475595605838e-05
2.160625459532639130e-05
2.184298846054844026e-05
1.961825425507868220e-05
1.963858943372542824e-05
2.097617282697683430e-05
1.784097383608696096e-05
3.246744965508696786e-05
2.121441783640420965e-05
1.913516915828950010e-05
2.075368145801803534e-05
1.806637212359873978e-05
2.347489479825526216e-05
2.046756497065871223e-05
1.819516999157144566e-05
1.813048112080650878e-05
1.922398344561315875e-05
1.866593841839403603e-05
1.733490537060333779e-05
1.955436537218702031e-05
1.815452134212591919e-05
1.719479030998627542e-05
1.533495233570647559e-05
1.707611341430492893e-05
1.523201171369237283e-05
1.940069427882917772e-05
1.959742301278311226e-05
1.879253406457337351e-05
1.839397779622231472e-05
1.751523612711025648e-05
1.584626731892058044e-05
1.573895192314012019e-05
1.815120991045660043e-05
1.530064380222029120e-05
1.457677727552209054e-05
1.650608741374526300e-05
1.677840213153558439e-05
1.729495964798388833e-05
1.629268648207471315e-05
1.472901602960519016e-05
1.532252468859951385e-05
1.314842181625408587e-05
1.709350421913313840e-05
1.507880484251700259e-05
1.480867729594592711e-05
1.402027534879835077e-05
1.513218305501595787e-05
1.528249613602383907e-05
1.436125249142605733e-05
1.480703798029026124e-05
1.542127413154048614e-05
1.468747444997120495e-05
1.358827348701652228e-05
1.434044078530405432e-05
1.284924864796721476e-05
1.501196060473830551e-05
1.570308444456713806e-05
1.424810227297257317e-05
1.409584267713626083e-05
1.277273661389699546e-05
1.311692587898960447e-05
1.250761497669827746e-05
1.442815363679983388e-05
