9.519800068736076204e-01
9.884000089168548664e-01
9.885000085830688565e-01
9.891400091648101522e-01
9.900800088644027275e-01
9.903800082206726252e-01
9.908000082969665723e-01
9.904400080442428145e-01
9.897400085926055802e-01
9.916000076532364149e-01
9.918400070667267032e-01
9.911200071573257331e-01
9.909600077867507517e-01
9.912200076580047758e-01
9.916000069379806714e-01
9.921400071382522334e-01
9.918400075435638286e-01
9.919000074863434380e-01
9.921200069189071158e-01
9.923000071048736492e-01
9.920200071334839276e-01
9.921800072193145414e-01
9.921800071001052324e-01
9.921000070571899254e-01
9.920000069141388099e-01
9.926000066995620541e-01
9.921800069808960343e-01
9.926600067615508616e-01
9.928000065088271597e-01
9.930600060224532566e-01
9.929800065755843841e-01
9.922000069618225337e-01
9.921800067424774161e-01
9.922600069046020321e-01
9.930400063991546844e-01
9.922000069618225337e-01
9.926400067806243621e-01
9.932000064849852983e-01
9.928000063896179617e-01
9.929000065326690772e-01
9.931600064039229903e-01
9.932000063657761002e-01
9.933000061511992884e-01
9.932200064659119088e-01
9.925400066375732466e-01
9.931000063419341828e-01
9.927800065279006603e-01
9.928600065708160782e-01
9.928400064706802697e-01
9.929400062561035689e-01
9.928200063705444611e-01
9.935400060415268131e-01
9.932600060701369804e-01
9.925200067758560563e-01
9.928600063323974600e-01
9.929800062179565678e-01
9.930400066375731916e-01
9.936200056076049947e-01
9.932200058698653633e-01
9.931800065040587988e-01
9.929000061750411499e-01
9.932400064468384082e-01
9.934400061368942048e-01
9.930200066566466921e-01
9.932000062465667911e-01
9.934000058174132786e-01
9.936400059461593104e-01
9.933600063323975160e-01
9.934600061178207042e-01
9.937600057125091091e-01
9.927000067234039715e-01
9.937400056123733005e-01
9.940000057220459428e-01
9.932600058317184732e-01
9.936000057458878043e-01
9.933000063896179066e-01
9.937400058507919187e-01
9.937400059700012278e-01
9.937600055932999110e-01
9.937400057315826096e-01
9.938800054788589078e-01
9.938800055980682169e-01
9.938800057172775260e-01
9.937600058317184182e-01
9.942000055313110485e-01
9.934200054407119618e-01
9.934800062179565128e-01
9.936600056886673027e-01
9.939200053215027086e-01
9.937400059700012278e-01
9.936800060272217294e-01
9.937400058507919187e-01
9.939200055599212158e-01
9.943000051975250386e-01
9.941400053501129319e-01
9.940800054073333225e-01
9.938400058746338361e-01
9.942000052928924303e-01
9.938000057935714171e-01
9.940000053644180156e-01
