3.344238042831420898e+00
6.629716873168945312e+00
9.792303085327148438e+00
1.309056687355041504e+01
1.635576796531677246e+01
1.963136386871337891e+01
2.290878701210021973e+01
2.618758797645568848e+01
2.948066687583923340e+01
3.273610091209411621e+01
3.605131506919860840e+01
3.934573507308959961e+01
4.267004489898681641e+01
4.598727607727050781e+01
4.926545000076293945e+01
5.253342294692993164e+01
5.582348203659057617e+01
5.912100005149841309e+01
6.239149308204650879e+01
6.559318995475769043e+01
6.876856493949890137e+01
7.205110001564025879e+01
7.533693695068359375e+01
7.859139490127563477e+01
8.186530804634094238e+01
8.513234901428222656e+01
8.842807507514953613e+01
9.169224500656127930e+01
9.497478008270263672e+01
9.826432991027832031e+01
1.015204589366912842e+02
1.048050940036773682e+02
1.081178529262542725e+02
1.114079558849334717e+02
1.146963539123535156e+02
1.179932398796081543e+02
1.212586510181427002e+02
1.244555349349975586e+02
1.276413328647613525e+02
1.309185168743133545e+02
1.342028100490570068e+02
1.374572989940643311e+02
1.407438600063323975e+02
1.440273919105529785e+02
1.472986059188842773e+02
1.505700960159301758e+02
1.538689889907836914e+02
1.571762940883636475e+02
1.604784789085388184e+02
1.637800889015197754e+02
1.670689270496368408e+02
1.703528599739074707e+02
1.736005790233612061e+02
1.769143919944763184e+02
1.801869690418243408e+02
1.833628308773040771e+02
1.866243169307708740e+02
1.899137320518493652e+02
1.932282559871673584e+02
1.965179638862609863e+02
1.998056838512420654e+02
2.031024038791656494e+02
2.063899369239807129e+02
2.096627929210662842e+02
2.129378578662872314e+02
2.162213978767395020e+02
2.194860799312591553e+02
2.227747368812561035e+02
2.260754249095916748e+02
2.293746528625488281e+02
2.326434059143066406e+02
2.359026629924774170e+02
2.392142610549926758e+02
2.424913880825042725e+02
2.456456780433654785e+02
2.489162650108337402e+02
2.522002410888671875e+02
2.554840610027313232e+02
2.587859098911285400e+02
2.620663809776306152e+02
2.653469610214233398e+02
2.686178789138793945e+02
2.719087378978729248e+02
2.751802349090576172e+02
2.784544858932495117e+02
2.817393679618835449e+02
2.850260238647460938e+02
2.883198390007019043e+02
2.916212420463562012e+02
2.949194378852844238e+02
2.981958758831024170e+02
3.013937649726867676e+02
3.045687389373779297e+02
3.078631670475006104e+02
3.111494140625000000e+02
3.144296269416809082e+02
3.177219889163970947e+02
3.209922330379486084e+02
3.242729470729827881e+02
3.275772089958190918e+02
