2.789958430230617403e-01
1.351627058684825855e-01
9.870863857120275309e-02
7.920548477768897533e-02
6.610879089683294185e-02
5.631119401007890490e-02
5.050102409720420849e-02
4.556202629208564586e-02
4.162287981063127196e-02
3.865832067653536541e-02
3.619125626236200516e-02
3.431415198370814379e-02
3.240626493468880959e-02
3.084549026563763660e-02
2.960946216434240386e-02
2.852165462821722175e-02
2.752478860691189716e-02
2.672926557809114298e-02
2.597206053137779067e-02
2.512866682186722794e-02
2.448678840324282693e-02
2.381304969266057059e-02
2.325675677880644637e-02
2.280396994203329197e-02
2.224482371658086793e-02
2.182413855567574487e-02
2.145895262435078624e-02
2.098778458312153955e-02
2.067776753380894811e-02
2.023528519272804402e-02
1.993857653439044808e-02
1.964477908983826640e-02
1.931556956470012812e-02
1.889160021767020275e-02
1.883474785462021725e-02
1.850692935287952257e-02
1.820940249785781007e-02
1.805291475728154280e-02
1.777089937217533541e-02
1.750552813895046855e-02
1.725873556919396007e-02
1.719105630926787837e-02
1.696621482446789703e-02
1.674209117330610619e-02
1.650020925141871056e-02
1.640277668088674715e-02
1.623004348017275181e-02
1.599438028596341516e-02
1.584918574802577501e-02
1.570588818937540196e-02
1.556316968798637443e-02
1.536721968837082355e-02
1.531068560481071462e-02
1.511896815337240678e-02
1.503958166204392988e-02
1.490301666222512700e-02
1.466981019265949787e-02
1.462755930237472080e-02
1.450024325028061861e-02
1.445131822861731030e-02
1.429065358266234410e-02
1.413912102952599552e-02
1.411781309358775549e-02
1.396264630556106646e-02
1.383649005554616479e-02
1.382241237163543690e-02
1.360248124413192261e-02
1.357378323189914297e-02
1.342983941733837117e-02
1.338611961714923464e-02
1.326982511021196874e-02
1.322266308404505299e-02
1.310381682962179217e-02
1.305349460057914253e-02
1.292348637059330917e-02
1.285713697783649051e-02
1.274495765566825874e-02
1.269680258072912633e-02
1.259868100658059070e-02
1.251660991460084964e-02
1.247464862465858491e-02
1.236821123957634015e-02
1.232510438375175078e-02
1.224990945495665028e-02
1.219503768905997286e-02
1.218719808198511639e-02
1.204969582706689850e-02
1.199137085676193169e-02
1.196249539032578392e-02
1.189310001581907195e-02
1.178304104320705009e-02
1.171693828701972882e-02
1.165247739665210315e-02
1.160794506780803148e-02
1.154592475108802245e-02
1.154587919265031778e-02
1.142999409325420879e-02
1.144642442464828547e-02
1.133341204375028569e-02
1.122372067160904395e-02
