7.015302866101265078e-01
3.788383916020393594e-01
2.749876737594604270e-01
2.220617875009775199e-01
1.821624935269355872e-01
1.530943709611892745e-01
1.296399610489606946e-01
1.134187156856060058e-01
9.859713187813759494e-02
8.555420044064521168e-02
7.816419460624456084e-02
6.909023912250995825e-02
6.149372003227472627e-02
5.550698366388678862e-02
5.086723659560084265e-02
4.633897034823894479e-02
4.305189237743616004e-02
3.921593762189149596e-02
3.629348066076636126e-02
3.419157134741544757e-02
3.155883192643522961e-02
3.000476934388279782e-02
2.817670403420925035e-02
2.604486176185310045e-02
2.453193468041717923e-02
2.314732549898326427e-02
2.204518724419176484e-02
2.075192460231483141e-02
2.012994390912354117e-02
1.884842874109745117e-02
1.820842543803155578e-02
1.727735541015863394e-02
1.656959100440144605e-02
1.594862546212971049e-02
1.540197780355811140e-02
1.472782042995095242e-02
1.424032274074852472e-02
1.360899253934621730e-02
1.331170673388987723e-02
1.286115304194390858e-02
1.238129141274839709e-02
1.214385414682328697e-02
1.160698627214878757e-02
1.137176005635410526e-02
1.124571925494819921e-02
1.067934741917997594e-02
1.038138608820736442e-02
9.927152785472572252e-03
9.812996188178659332e-03
9.584462109021842091e-03
9.271364280022681079e-03
9.253683289512992100e-03
8.967586211860180054e-03
8.815161789767444328e-03
8.667966332286596715e-03
8.259580159559845244e-03
8.084817819297313371e-03
7.919103193096816568e-03
7.656765072606503547e-03
7.545829167589545097e-03
7.477855891920626163e-03
7.369515166617929616e-03
7.030726031400263629e-03
7.006008316762745575e-03
6.905859421938657927e-03
6.810088449157774074e-03
6.620408544782549302e-03
6.636274907737970026e-03
6.328768149018287534e-03
6.325523351784795301e-03
6.192068766336888269e-03
6.128563676495104792e-03
5.943523384630679772e-03
5.846436004154384296e-03
5.785820732358843387e-03
5.644219425506889938e-03
5.633703124709427135e-03
5.468776376917958496e-03
5.418648472987115487e-03
5.380386185832321776e-03
5.310603648424148254e-03
5.170336052775383225e-03
5.162871254142374113e-03
5.007665904704481155e-03
5.028593460563570393e-03
4.905916643328964502e-03
4.833729246631265040e-03
4.831335559021681346e-03
4.740260502323507923e-03
4.724785445258021001e-03
4.535861550364643155e-03
4.592074869666248546e-03
4.513648150488734634e-03
4.403718010522424987e-03
4.364564358256757190e-03
4.321745137684047423e-03
4.235729733947664506e-03
4.170815255027264523e-03
4.129334313794970172e-03
4.088849966879934059e-03
4.083745142444967884e-03
4.028301706071942857e-03
3.957904368173331168e-03
3.946981531567871765e-03
3.880095638800412378e-03
3.852248057257384121e-03
3.817009503487497468e-03
3.719511578790843376e-03
3.679136562626808809e-03
3.672145039774477471e-03
3.607095038052648105e-03
3.554114564787596610e-03
3.531472070608288223e-03
3.510831600986421067e-03
3.476764870807528326e-03
3.449330330826342033e-03
3.411577885504812110e-03
3.372772065456956705e-03
3.335949171800166486e-03
3.347018047934397986e-03
3.274560563964769126e-03
3.289199841674417257e-03
3.244891594164073592e-03
3.150743931531905986e-03
3.187721552792936557e-03
3.098390182945877109e-03
3.087497764965519125e-03
3.064702145755290961e-03
3.081758547108620541e-03
3.079399917507544358e-03
2.974004932213574707e-03
2.953020366141572567e-03
2.919639533152803938e-03
2.884002896491438036e-03
2.904008654411882346e-03
2.867129131453111796e-03
2.840246207779273217e-03
2.779110840288922211e-03
2.830186944454908538e-03
2.800259859301150022e-03
2.715292194159701564e-03
2.763581680832430561e-03
2.731987706851214236e-03
2.704719156026840279e-03
2.658821510151028640e-03
2.637402919586747958e-03
2.618074304657057143e-03
2.595204756595194309e-03
2.577105262316763470e-03
2.523334786063060036e-03
2.549414984416216792e-03
2.562752098077907947e-03
2.461604245472699508e-03
2.482398966560140328e-03
2.458235992118716195e-03
2.452177751343697157e-03
2.445440981071442515e-03
2.434491030871867995e-03
2.363541804254055100e-03
2.370224189711734805e-03
2.356817638268694174e-03
2.367659480776637942e-03
2.320421004667878092e-03
2.348551207222044582e-03
2.295303229009732458e-03
2.293266622582450405e-03
2.291985371382906922e-03
2.251315870089456474e-03
2.248326909961179034e-03
2.248276050668209652e-03
2.225859782425686911e-03
2.209411240415647560e-03
2.207138333236798814e-03
2.170385271077975541e-03
2.164338825736194724e-03
2.140614084899425482e-03
2.145793730393052035e-03
2.081369858002290324e-03
2.087111269589513474e-03
2.082349785836413569e-03
2.052438008366152568e-03
2.065055825514718751e-03
2.049904241692274663e-03
2.041848300490528480e-03
2.005612757988274077e-03
2.006109953857958175e-03
1.981700587319210061e-03
2.006499868817627347e-03
1.986255492316558752e-03
1.945881566032767315e-03
1.943226832896471131e-03
1.948921134695410801e-03
1.944233061745762872e-03
1.906506461091339675e-03
1.902748508611693890e-03
1.889093978796154262e-03
1.889743042876943901e-03
1.886429599020630204e-03
1.886730804340913843e-03
1.867800607811659483e-03

