7.576999984383583353e-01
8.784200004339217660e-01
8.947400002479553027e-01
9.033800020217895854e-01
9.094000014066696558e-01
9.138200019598007318e-01
9.177600014209746915e-01
9.203400025367737269e-01
9.231800003051757741e-01
9.259400014877319229e-01
9.282800012826919467e-01
9.312800018787383838e-01
9.327200011014938896e-01
9.347000001668930302e-01
9.363400012254714522e-01
9.380200006961822989e-01
9.397400014400482116e-01
9.414600000381470046e-01
9.428200013637543231e-01
9.440000016689300555e-01
9.452599998712539753e-01
9.458000006675719717e-01
9.471400008201599219e-01
9.482000030279159608e-01
9.488000022172927705e-01
9.501800026893615359e-01
9.512600005865097241e-01
9.521800018548965960e-01
9.538000029325485185e-01
9.543200030326842720e-01
9.553000022172928318e-01
9.559200026988983190e-01
9.569400029182434375e-01
9.574800031185149995e-01
9.584000039100647461e-01
9.592800025939941522e-01
9.596400038003921606e-01
9.606600031852722266e-01
9.614400053024292347e-01
9.618400040864943934e-01
9.624400050640106175e-01
9.633000044822692676e-01
9.638800054788589922e-01
9.647000044584274070e-01
9.654400055408477455e-01
9.660600060224533436e-01
9.664800064563751070e-01
9.671600068807602035e-01
9.679200074672699161e-01
9.681400068998337050e-01
9.686400071382522681e-01
9.690600075721740314e-01
9.696600054502486632e-01
9.704600074291229728e-01
9.704000072479248562e-01
9.712000081539153840e-01
9.714400086402893431e-01
9.715800075531005886e-01
9.724400074481963641e-01
9.730400078296661537e-01
9.730600099563598837e-01
9.735400098562240201e-01
9.738200083971023657e-01
9.743200104236602321e-01
9.747200076580047057e-01
9.748400098085403531e-01
9.754000086784362367e-01
9.755800101757049481e-01
9.761800105571747377e-01
9.763800102472305342e-01
9.767800107002257981e-01
9.772400107383728551e-01
9.771000111103057550e-01
9.776200103759765669e-01
9.778200103044509817e-01
9.780000100135802787e-01
9.785600104331970694e-01
9.785800102949142598e-01
9.787800108194351090e-01
9.791800096035003786e-01
9.794800097942352179e-01
9.794800112247467050e-01
9.801000099182128888e-01
9.800800120830536200e-01
9.804600101709365356e-01
9.808600103855132923e-01
9.813200107812881656e-01
9.811800113916396837e-01
9.813200106620788565e-01
9.817200100421905606e-01
9.819000101089477850e-01
9.821000107526779432e-01
9.821600106954574416e-01
9.826800103187560698e-01
9.825600105524062711e-01
9.829200105667114107e-01
9.828400115966796635e-01
9.833200105428695492e-01
9.833200106620788583e-01
9.833800103664398495e-01
9.839400110244751474e-01
9.841800111532211792e-01
9.841400117874145037e-01
9.843400115966797204e-01
9.842400102615356250e-01
9.844600100517273411e-01
9.844400106668472761e-01
9.847800103425979890e-01
9.848800102472304863e-01
9.851800112724303782e-01
9.852600115537643033e-01
9.852600106000900526e-01
9.854200096130371067e-01
9.857800101041793717e-01
9.858800110816955398e-01
9.858800103664397962e-01
9.862200108766555617e-01
9.861400102376938204e-01
9.861000105142593286e-01
9.863000104427337433e-01
9.868000098466873649e-01
9.868400089740753112e-01
9.869800107479095308e-01
9.869400095939636630e-01
9.873400102853775451e-01
9.873800098896026167e-01
9.874200092554092922e-01
9.877000093460083230e-01
9.878400098085403647e-01
9.877400091886520128e-01
9.880000100135802876e-01
9.881000084877014089e-01
9.884800091981887915e-01
9.884200092554092931e-01
9.886600098609924503e-01
9.887800091505050126e-01
9.887000087499618894e-01
9.889400088787079213e-01
9.890800086259842194e-01
9.891800090074539531e-01
9.892600090503692600e-01
9.893200087547302513e-01
9.895200086832046660e-01
9.897200081348419554e-01
9.896600086688995823e-01
9.900600080490111754e-01
9.900400081872939850e-01
9.900400087833404195e-01
9.903000085353851345e-01
9.902600083351135174e-01
9.903600087165832511e-01
9.908000081777572632e-01
9.906200082302093479e-01
9.907200081348419562e-01
9.908000079393386450e-01
9.908800077438354448e-01
9.911200079917907857e-01
9.912200075387954668e-01
9.913000079393387010e-01
9.911800069808960334e-01
9.914400070905685647e-01
9.914200073480605724e-01
9.917400070428847858e-01
9.917400075197220222e-01
9.918200074434280200e-01
9.919200073480606283e-01
9.919800069332123105e-01
9.920800065994263006e-01
9.919400069713592005e-01
9.922400069236755327e-01
9.923400069475174501e-01
9.924200066328048297e-01
9.923400068283081410e-01
9.924600067138671378e-01
9.925200070142745634e-01
9.925000067949295568e-01
9.925600068569183643e-01
9.926400066614150530e-01
9.928200067281722774e-01
9.928800065517425777e-01
9.930400063991546844e-01
9.930600064992904930e-01
9.930200064182281849e-01
9.930400065183639935e-01
9.931800062656402917e-01
9.932600060701369804e-01
9.932200062274932906e-01
9.934000062942505149e-01
9.932800058126449727e-01
9.935000057220458869e-01
9.935800061225891211e-01
9.937000057697296107e-01
9.937400058507919187e-01
9.937000058889389198e-01
9.938200057744980276e-01
9.939200053215027086e-01
9.940200057029724423e-01
9.938800053596497097e-01
9.940200055837631332e-01
9.942600053548812378e-01
