1.091986342668533227e+00
5.122841192483902351e-01
4.137012451887130959e-01
3.687265076041221779e-01
3.414313056170940608e-01
3.215619429349899083e-01
3.060790590643882592e-01
2.931702385693788493e-01
2.821524209976196129e-01
2.724705581367015683e-01
2.636265750825405041e-01
2.555426964908838472e-01
2.481849870681762660e-01
2.412786325216293437e-01
2.349194319993257452e-01
2.289032534509897188e-01
2.232351313680410454e-01
2.178526402115821825e-01
2.127052916288375839e-01
2.077730332911014444e-01
2.031743174493312876e-01
1.987592598497867624e-01
1.944990956187248321e-01
1.904845948889851703e-01
1.865156179219484289e-01
1.828234479278326163e-01
1.791670040115714013e-01
1.757011778205633257e-01
1.722350986152887398e-01
1.691602610349655089e-01
1.658849550709128318e-01
1.629304390326142271e-01
1.600483756586909279e-01
1.572071512043476116e-01
1.544177668020129124e-01
1.518546974584460141e-01
1.492553879544138984e-01
1.467857761979103060e-01
1.444366022795438853e-01
1.421872668266296325e-01
1.398608013987541199e-01
1.375677389279007790e-01
1.356156643331050959e-01
1.334567848369479226e-01
1.314248348399996713e-01
1.294808797426521829e-01
1.275447702221572388e-01
1.257504456564784157e-01
1.239131570756435430e-01
1.221577238328754866e-01
1.204952942505478908e-01
1.187632580623030620e-01
1.171163859367370663e-01
1.154880780875682800e-01
1.140282389074563918e-01
1.123862566798925350e-01
1.109015704765915905e-01
1.093975579515099467e-01
1.081089555732905882e-01
1.066821605712175436e-01
1.052777750566601805e-01
1.040736086107790503e-01
1.027610555849969437e-01
1.014917653203010611e-01
1.002102262824773743e-01
9.900357044115662419e-02
9.773130225017666317e-02
9.669616894051433209e-02
9.546617788821458450e-02
9.429530220106244198e-02
9.326945654302835897e-02
9.214945279061793892e-02
9.105763727799058571e-02
9.006673950329423251e-02
8.906370345875620764e-02
8.802401160821318737e-02
8.713577846810222072e-02
8.610004607960582146e-02
8.524842295795678759e-02
8.420193232595921118e-02
8.338545798882841809e-02
8.252357832714915520e-02
8.159452437236905387e-02
8.070144332572817825e-02
7.987143899127840951e-02
7.901929609663783938e-02
7.823444084450602298e-02
7.746670586988330109e-02
7.666933210194111503e-02
7.584717116504907652e-02
7.508969192206860210e-02
7.441610434837639398e-02
7.367105643823743111e-02
7.293923240527511176e-02
7.220046660862862453e-02
7.144862094894051385e-02
7.079727473109960478e-02
7.015654842928051305e-02
6.947513999789953210e-02
6.880383520014583809e-02
6.816862729564308887e-02
6.750498737581074604e-02
6.686945388466120077e-02
6.623525654152036257e-02
6.555628203600645520e-02
6.502494452334940667e-02
6.451419495232403600e-02
6.388801382295787590e-02
6.330732764117419364e-02
6.277033451199531822e-02
6.220889579132199421e-02
6.165242667868733178e-02
6.109607814997434355e-02
6.053616922348737522e-02
6.004948240704834767e-02
5.949061249010265118e-02
5.901248780265450772e-02
5.847559989616275128e-02
5.799025206826627366e-02
5.747299396246671743e-02
5.699915330857038831e-02
5.654103803075850171e-02
5.603542909212410467e-02
5.554752650298178107e-02
5.511993422731756992e-02
5.469501933455467313e-02
5.421115966327488128e-02
5.372442741692066287e-02
5.332779929041862182e-02
5.291428321041166671e-02
5.242125886306166910e-02
5.203407630883156998e-02
5.161264650523662845e-02
5.116235840320586953e-02
5.082327887229621394e-02
5.042122690938413004e-02
5.001488579250872035e-02
4.956373316608369411e-02
4.922022208012640648e-02
4.880492548644542461e-02
4.846943624317646276e-02
4.808382806926965458e-02
4.764548469707369921e-02
4.735607073642313786e-02
4.697245486080646459e-02
4.658697679266333297e-02
4.627851619571447112e-02
4.591724016144872050e-02
4.556326434761286126e-02
4.522289530932903368e-02
4.487367598153650661e-02
4.453765813168138188e-02
4.422714777290821103e-02
4.386560953222215509e-02
4.352060406468808568e-02
4.324413594137876959e-02
4.291193042695522208e-02
4.260354117304086807e-02
4.229886182211339135e-02
4.195530409924685955e-02
4.168209878727793805e-02
4.138199230842292548e-02
4.108597529772668733e-02
4.081788627710193629e-02
4.047646372392773445e-02
4.021990259457379480e-02
3.993827804923057861e-02
3.964797400403767547e-02
3.933755199424922300e-02
3.906553840637207176e-02
3.878276225645094916e-02
3.853434044029563355e-02
3.825045802257955041e-02
3.797976493649184854e-02
3.774377123545855084e-02
3.745858304388820920e-02
3.718742343783378729e-02
3.696068372577428901e-02
3.665731398481875819e-02
3.642897915840148659e-02
3.620859154313802591e-02
3.597430310398340436e-02
3.570821538940072148e-02
3.548484647274017384e-02
3.522839883342385181e-02
3.498670874163508498e-02
3.475518419407307852e-02
3.450926401372998720e-02
3.432642308436334444e-02
3.407981496118009379e-02
3.385187108628451985e-02
3.362421879917382866e-02
3.338409096002578624e-02
3.319601281639188856e-02
3.293376232404261750e-02
3.275209684949368510e-02
3.252285226620733882e-02
3.231121003907173883e-02
3.210340135358274311e-02
3.188140996918082531e-02
