3.216729757917592969e-01
1.066600155421110196e-01
6.916749005643976766e-02
5.275009844494474298e-02
4.311741675700064141e-02
3.433766064742158064e-02
2.937699848548902537e-02
2.397577550279490766e-02
2.134021156779652983e-02
1.886954008703626423e-02
1.629957865310977319e-02
1.415950563272611040e-02
1.201895703158602398e-02
1.063474719406170416e-02
9.514245986724937168e-03
8.527018976728537383e-03
7.534648504958555565e-03
6.818219987923777869e-03
5.950431867422788929e-03
5.368537680196348513e-03
