1.693339586257934570e+01
3.742887687683105469e+01
5.558639788627624512e+01
7.347251296043395996e+01
9.125112009048461914e+01
1.085604648590087891e+02
1.277871198654174805e+02
1.456599559783935547e+02
1.608501338958740234e+02
1.849453070163726807e+02
2.233811669349670410e+02
2.615940330028533936e+02
2.995872550010681152e+02
3.368357849121093750e+02
3.761002399921417236e+02
4.136314520835876465e+02
4.520241990089416504e+02
4.910366208553314209e+02
5.298802719116210938e+02
5.684719870090484619e+02
6.076984848976135254e+02
6.460976738929748535e+02
6.856172418594360352e+02
7.255593130588531494e+02
7.649687478542327881e+02
8.039203760623931885e+02
8.423408460617065430e+02
8.812016100883483887e+02
9.197922580242156982e+02
9.595292260646820068e+02
9.993068718910217285e+02
1.037215390920639038e+03
1.075441931962966919e+03
1.114150378942489624e+03
1.152619214057922363e+03
1.190292557954788208e+03
1.229009796857833862e+03
1.268089838981628418e+03
1.307112303018569946e+03
1.345991429090499878e+03
1.384547517061233521e+03
1.423167469024658203e+03
1.463214940071105957e+03
1.502632086992263794e+03
1.540438102006912231e+03
1.579923703908920288e+03
1.619472790956497192e+03
1.658102240085601807e+03
1.697025659084320068e+03
1.736412432909011841e+03
1.775609241008758545e+03
1.814398396968841553e+03
1.853549252986907959e+03
1.892326631069183350e+03
1.930912817001342773e+03
1.970197694063186646e+03
2.010561279058456421e+03
2.049385696887969971e+03
2.089372742891311646e+03
2.128999240875244141e+03
2.167930063009262085e+03
2.207185932874679565e+03
2.245118943929672241e+03
2.285028017997741699e+03
2.324394499063491821e+03
2.364857905864715576e+03
2.404845259904861450e+03
2.444037941932678223e+03
2.481910552024841309e+03
2.520174592018127441e+03
2.561040364980697632e+03
2.599083528041839600e+03
2.638541511058807373e+03
2.676907435894012451e+03
2.715992439031600952e+03
2.755482040882110596e+03
2.794713705062866211e+03
2.833812202930450439e+03
2.872993491888046265e+03
2.912739028930664062e+03
2.953251879930496216e+03
2.992077570915222168e+03
3.031471787929534912e+03
3.070113990068435669e+03
3.109146950960159302e+03
3.149642559051513672e+03
3.190297764062881470e+03
3.230127033948898315e+03
3.269089098930358887e+03
3.308475395917892456e+03
3.348417131900787354e+03
3.388604920864105225e+03
3.428524405002593994e+03
3.468004844903945923e+03
3.507425904035568237e+03
3.547102220058441162e+03
3.587306535005569458e+03
3.627527050018310547e+03
3.668054909944534302e+03
3.708559973001480103e+03
