3.954116010665893555e+01
7.831612706184387207e+01
1.164661030769348145e+02
1.553361580371856689e+02
1.943063139915466309e+02
2.335079579353332520e+02
2.727878799438476562e+02
3.110818660259246826e+02
3.499674310684204102e+02
3.895447850227355957e+02
4.271511681079864502e+02
4.664546859264373779e+02
5.054595179557800293e+02
5.450634911060333252e+02
5.859000899791717529e+02
6.241857800483703613e+02
6.634368989467620850e+02
7.021435871124267578e+02
7.413720860481262207e+02
7.799987459182739258e+02
8.168312270641326904e+02
8.559229090213775635e+02
8.956267359256744385e+02
9.353574991226196289e+02
9.746012709140777588e+02
1.012713529109954834e+03
1.053324345111846924e+03
1.091921760082244873e+03
1.130987926006317139e+03
1.169414921998977661e+03
1.208528958082199097e+03
1.248552817106246948e+03
1.287549092054367065e+03
1.326632543087005615e+03
1.365898806095123291e+03
1.405119884014129639e+03
1.444572226047515869e+03
1.483654068946838379e+03
1.522516585111618042e+03
1.561730169057846069e+03
1.601965543031692505e+03
1.641567945003509521e+03
1.680926002979278564e+03
1.720444499969482422e+03
1.759817094087600708e+03
1.798815963029861450e+03
1.835749619960784912e+03
1.873816926956176758e+03
1.912222496986389160e+03
1.950345125913619995e+03
1.989361879110336304e+03
2.026727095127105713e+03
2.066296730041503906e+03
2.105205173969268799e+03
2.145163789987564087e+03
2.185556684017181396e+03
2.225409877061843872e+03
2.263253950119018555e+03
2.302713437080383301e+03
2.342143805980682373e+03
2.382092329978942871e+03
2.421421571016311646e+03
2.460494472026824951e+03
2.500825320005416870e+03
2.541024605035781860e+03
2.580761471033096313e+03
2.620093980073928833e+03
2.658272943973541260e+03
2.696586858987808228e+03
2.735753623008728027e+03
2.775582142114639282e+03
2.814916659116744995e+03
2.853771699905395508e+03
2.893808635950088501e+03
2.933261507987976074e+03
2.972008717060089111e+03
3.012296689033508301e+03
3.050574944972991943e+03
3.090906609058380127e+03
3.129154582977294922e+03
3.167916254043579102e+03
3.206677254915237427e+03
3.245041960000991821e+03
3.282976850986480713e+03
3.321641309976577759e+03
3.361272408008575439e+03
3.402317965984344482e+03
3.442303909063339233e+03
3.480955915927886963e+03
3.519801918029785156e+03
3.549558226108551025e+03
3.566565896987915039e+03
3.584443819999694824e+03
3.602519305944442749e+03
3.620237586975097656e+03
3.636795021057128906e+03
3.653729239940643311e+03
3.672878402948379517e+03
3.689873537063598633e+03
3.707963943004608154e+03
