9.867975287570440734e-01
9.957582683602640428e-01
9.980909109115601030e-01
9.986177699132399166e-01
9.988367779688401837e-01
9.989896703850139614e-01
9.991115710952065410e-01
9.991776867346330304e-01
9.992169428832274880e-01
9.992603312839161145e-01
9.993057857860218052e-01
9.993285130370747060e-01
9.992995874448256099e-01
9.993326452399088344e-01
9.993615708567878952e-01
9.993698353117163036e-01
9.993760336529124988e-01
9.994380170648747841e-01
9.994173559275540963e-01
9.994483476335351835e-01
9.994194220412860874e-01
9.994173559275540963e-01
9.994648765433918891e-01
9.994586782021955829e-01
9.994070253465786591e-01
9.995041327043012735e-01
9.994566120884634808e-01
9.995185955004258771e-01
9.995227277278899702e-01
9.995433888652107690e-01
9.995764466849240693e-01
9.995537194338711684e-01
9.995661161162636699e-01
9.995909094810485618e-01
9.995557855352882326e-01
9.995971078099298301e-01
9.995723144451448272e-01
9.995247938169921076e-01
9.995289260567712386e-01
9.996095045046372585e-01
9.996136367321014626e-01
9.995867772412694308e-01
9.995929755947806639e-01
9.996363639831542525e-01
9.996301656419580572e-01
9.995785127986561713e-01
9.996177689595655558e-01
9.996239673007618620e-01
9.996363639831542525e-01
9.996487606655467539e-01
9.996673556891354506e-01
9.996549590067429492e-01
9.996404962106184566e-01
9.996280995282259552e-01
9.996322317556901593e-01
9.996611573479392554e-01
9.996446284380826608e-01
9.996528928930109581e-01
9.996508267792788560e-01
9.996673556891354506e-01
9.996735540303316458e-01
9.996714879165996548e-01
9.996776862577958500e-01
9.997148763049732434e-01
9.997004135088487509e-01
9.996673556768204127e-01
9.996590912342071533e-01
9.996838845989920452e-01
9.996983473951166488e-01
9.996818184729450163e-01
9.997107440775091503e-01
9.997107440775091503e-01
9.997066118377299082e-01
9.996942151676524446e-01
9.997004134965337130e-01
9.996756201440637479e-01
9.997004135088487509e-01
9.996652895754033485e-01
9.997045457363128440e-01
9.997045457363128440e-01
9.997355374422940422e-01
9.996880168141412115e-01
9.997334713285619401e-01
9.996921490539204536e-01
9.997252068736336428e-01
9.997190085324374476e-01
9.996983473951166488e-01
9.997293391010978469e-01
9.997024796225807419e-01
9.997210746461694386e-01
9.997231407599015407e-01
9.997314052148298380e-01
9.997024796225807419e-01
9.997396696697581353e-01
9.997231407599015407e-01
9.997293391010978469e-01
9.997272729873657449e-01
9.997438018972223395e-01
9.997355374422940422e-01
9.997376035560261442e-01
