3.699971914291381836e+01
7.313676309585571289e+01
1.094193239212036133e+02
1.445034599304199219e+02
1.807627389430999756e+02
2.178508400917053223e+02
2.548082420825958252e+02
2.919594199657440186e+02
3.283102331161499023e+02
3.636305129528045654e+02
3.986330089569091797e+02
4.337870011329650879e+02
4.700533869266510010e+02
5.071478250026702881e+02
5.442381501197814941e+02
5.812350680828094482e+02
6.178056321144104004e+02
6.556622650623321533e+02
6.917277159690856934e+02
7.282318551540374756e+02
7.650215790271759033e+02
8.023769469261169434e+02
8.391345720291137695e+02
8.755753779411315918e+02
9.109697771072387695e+02
9.477669351100921631e+02
9.845498850345611572e+02
1.020502434968948364e+03
1.057460046052932739e+03
1.094003317117691040e+03
1.130225075960159302e+03
1.166376479148864746e+03
1.201614124059677124e+03
1.238141823053359985e+03
1.273406127929687500e+03
1.309071670055389404e+03
1.345918900012969971e+03
1.383081942081451416e+03
1.418403476953506470e+03
1.454818980932235718e+03
1.490794023036956787e+03
1.525218630075454712e+03
1.560442935943603516e+03
1.596040291070938110e+03
1.632505712032318115e+03
1.668874115943908691e+03
1.705313555955886841e+03
1.741639789104461670e+03
1.777558629989624023e+03
1.814160792112350464e+03
1.852184402942657471e+03
1.890432248115539551e+03
1.928487349987030029e+03
1.966057241916656494e+03
2.003783746957778931e+03
2.041760306119918823e+03
2.080077424049377441e+03
2.118162828922271729e+03
2.156538563966751099e+03
2.194811015129089355e+03
2.233151952981948853e+03
2.271167601108551025e+03
2.308921263933181763e+03
2.346756083011627197e+03
2.384867198944091797e+03
2.423174946069717407e+03
2.461560445070266724e+03
2.499904292106628418e+03
2.538477555036544800e+03
2.576751644134521484e+03
2.615409024000167847e+03
2.654009366035461426e+03
2.692074871063232422e+03
2.729940040111541748e+03
2.767675266981124878e+03
2.805839085102081299e+03
2.843983273029327393e+03
2.882116789102554321e+03
2.919892768144607544e+03
2.957760013103485107e+03
2.995668102025985718e+03
3.033724862098693848e+03
3.071766003131866455e+03
3.109993051052093506e+03
3.148135406017303467e+03
3.186155607938766479e+03
3.224569381952285767e+03
3.263119357109069824e+03
3.300929511070251465e+03
3.338202185153961182e+03
3.375948023080825806e+03
3.414081278085708618e+03
3.452657984018325806e+03
3.490914382934570312e+03
3.529216663122177124e+03
3.567584289073944092e+03
3.605844692945480347e+03
3.644457678079605103e+03
3.682107535123825073e+03
3.719757920980453491e+03
