9.963822343717675389e-01
9.990454554557800515e-01
9.991115710952065410e-01
9.992107445543462196e-01
9.992500007152557151e-01
9.992913229898973126e-01
9.993264469233426039e-01
9.993574386293238021e-01
9.993491741743955048e-01
9.993533064018595979e-01
9.994214881550181895e-01
9.994028931314294928e-01
9.994214881550181895e-01
9.994462815198030814e-01
9.994318187236785889e-01
9.994566120884634808e-01
9.994442154060710903e-01
9.995020665905692825e-01
9.994648765433918891e-01
9.994772732257842796e-01
9.995103310454975798e-01
9.994793393395163816e-01
9.995041327043012735e-01
9.994917360219088831e-01
9.994896699081767810e-01
9.995185955004258771e-01
9.995185955004258771e-01
9.994896699081767810e-01
9.995206616141579792e-01
9.995144632729616729e-01
9.995309921828183786e-01
9.995516533201390663e-01
9.995289260690862765e-01
9.995351244102824717e-01
9.995495872064070753e-01
9.995289260690862765e-01
9.995681822299957719e-01
9.995309921828183786e-01
9.995247938416220723e-01
9.995702483437277630e-01
9.995475210926749732e-01
9.995516533201390663e-01
9.995785127986561713e-01
9.995702483437277630e-01
9.995805789123881624e-01
9.995785127986561713e-01
9.995495872064070753e-01
9.995909094810485618e-01
9.995516533201390663e-01
9.995826450261202645e-01
9.995888433673164597e-01
9.995764466849240693e-01
9.995991739359768591e-01
9.995971078222448680e-01
9.996136367321014626e-01
9.995847111398523666e-01
9.995826450261202645e-01
9.995867772535844686e-01
9.995929755947806639e-01
9.995971078222448680e-01
9.996053722771731653e-01
9.995929755947806639e-01
9.996198350732976579e-01
9.996012400497089612e-01
9.996012400497089612e-01
9.996219011870297599e-01
9.996095045046372585e-01
9.996095045046372585e-01
9.996177689595655558e-01
9.996219011870297599e-01
9.995971078222448680e-01
9.996239673007618620e-01
9.996177689595655558e-01
9.996198350732976579e-01
9.996115706183693606e-01
9.996136367321014626e-01
9.996342978694222614e-01
9.996425623243505587e-01
9.996363639831542525e-01
9.996425623243505587e-01
9.996177689595655558e-01
9.996177689595655558e-01
9.996177689595655558e-01
9.996404962106184566e-01
9.996446284380826608e-01
9.996508267792788560e-01
9.996384300968863545e-01
9.996342978694222614e-01
9.996508267792788560e-01
9.996342978694222614e-01
9.996466945518146519e-01
9.996219011870297599e-01
9.996404962106184566e-01
9.996528928930109581e-01
9.996404962106184566e-01
9.996363639831542525e-01
9.996239673007618620e-01
9.996673556891354506e-01
9.996528928930109581e-01
9.996301656419580572e-01
