9.962148789685866257e-01
9.990681827068328413e-01
9.991301661187952377e-01
9.991983478719538292e-01
9.992272734642029253e-01
9.992851246487010064e-01
9.993347113782709012e-01
9.993450419469313006e-01
9.993429758331991986e-01
9.993553725155917000e-01
9.993739675391803967e-01
9.993595047430559042e-01
9.993636369705199973e-01
9.994194220412860874e-01
9.993863642215728982e-01
9.994276864962143847e-01
9.994545459747314897e-01
9.994524798609993876e-01
9.994566120884634808e-01
9.994318187236785889e-01
9.994607443159276849e-01
9.994607443159276849e-01
9.994690087708559822e-01
9.994855376807125769e-01
9.994710748845880843e-01
9.994772732257842796e-01
9.995123971592295709e-01
9.994958682493729762e-01
9.994958682493729762e-01
9.995061988180333756e-01
9.994938021356408742e-01
9.995206616141579792e-01
9.995206616141579792e-01
9.995144632729616729e-01
9.995289260690862765e-01
9.995227277278899702e-01
9.995392566377466759e-01
9.995495872064070753e-01
9.995537194338711684e-01
9.995371905240145738e-01
9.995475210926749732e-01
9.995599177750673636e-01
9.995805789123881624e-01
9.995702483437277630e-01
9.995578516613353726e-01
9.995516533201390663e-01
9.995433888652107690e-01
9.995640500025315678e-01
9.995909094810485618e-01
9.995640500025315678e-01
9.995702483437277630e-01
9.995847111398523666e-01
9.995619838887994657e-01
9.996033061634410632e-01
9.995971078222448680e-01
9.996033061634410632e-01
9.995991739359768591e-01
9.996074383909051564e-01
9.995929755947806639e-01
9.996033061634410632e-01
9.995991739359768591e-01
9.996095045046372585e-01
9.996095045046372585e-01
9.996177689595655558e-01
9.996095045046372585e-01
9.996157028458335647e-01
9.996342978694222614e-01
9.996095045046372585e-01
9.996136367321014626e-01
9.996074383909051564e-01
9.996342978694222614e-01
9.996115706183693606e-01
9.996322317556901593e-01
9.996404962106184566e-01
9.996115706183693606e-01
9.996115706183693606e-01
9.996322317556901593e-01
9.996239673007618620e-01
9.996280995282259552e-01
9.996239673007618620e-01
9.996301656419580572e-01
9.996322317556901593e-01
9.996590912342071533e-01
9.996322317556901593e-01
9.996136367321014626e-01
9.996570251204750512e-01
9.996611573479392554e-01
9.996425623243505587e-01
9.996466945518146519e-01
9.996301656419580572e-01
9.996487606655467539e-01
9.996590912342071533e-01
9.996549590067429492e-01
9.996404962106184566e-01
9.996384300968863545e-01
9.996632234616713575e-01
9.996487606655467539e-01
9.996487606655467539e-01
9.996404962106184566e-01
9.996611573479392554e-01
