4.279762101173400879e+01
8.685092091560363770e+01
1.395608599185943604e+02
1.784661839008331299e+02
2.172223570346832275e+02
2.574198529720306396e+02
2.967633590698242188e+02
3.366230919361114502e+02
3.755052919387817383e+02
4.147186179161071777e+02
4.554595389366149902e+02
4.953280100822448730e+02
5.339472050666809082e+02
5.748597850799560547e+02
6.137997388839721680e+02
6.524481358528137207e+02
6.913374788761138916e+02
7.292822329998016357e+02
7.685858628749847412e+02
8.078100209236145020e+02
8.477466259002685547e+02
8.871552960872650146e+02
9.254788789749145508e+02
9.650895850658416748e+02
1.005928550004959106e+03
1.045549293994903564e+03
1.084555670022964478e+03
1.125175005912780762e+03
1.165239078044891357e+03
1.204902860879898071e+03
1.245356965065002441e+03
1.285158042907714844e+03
1.324676970005035400e+03
1.363239492893218994e+03
1.402281884908676147e+03
1.442378674983978271e+03
1.481817949056625366e+03
1.520492219924926758e+03
1.559171943902969360e+03
1.598382319927215576e+03
1.638926194906234741e+03
1.679543906927108765e+03
1.718248302936553955e+03
1.756718453884124756e+03
1.795015781879425049e+03
1.833667923927307129e+03
1.872890205860137939e+03
1.912084830999374390e+03
1.950509294033050537e+03
1.990668215036392212e+03
2.031541277885437012e+03
2.071492762088775635e+03
2.111132983922958374e+03
2.150202593088150024e+03
2.189535014867782593e+03
2.229275274038314819e+03
2.268102248907089233e+03
2.308432147979736328e+03
2.348589828014373779e+03
2.387973016977310181e+03
2.427614574909210205e+03
2.467874484062194824e+03
2.508968894004821777e+03
2.549095220088958740e+03
2.588635775089263916e+03
2.629211534976959229e+03
2.669694283962249756e+03
2.708509976863861084e+03
2.748587609052658081e+03
2.787450459003448486e+03
2.826559616088867188e+03
2.866480728864669800e+03
2.905276480913162231e+03
2.946989989995956421e+03
2.987741302013397217e+03
3.028045258998870850e+03
3.069137660026550293e+03
3.111338238000869751e+03
3.152097930908203125e+03
3.193285634994506836e+03
3.233888732910156250e+03
3.274053415060043335e+03
3.313642894983291626e+03
3.353556417942047119e+03
3.392833370923995972e+03
3.432540250062942505e+03
3.472641752958297729e+03
3.514518172979354858e+03
3.555129559040069580e+03
3.595290296077728271e+03
3.636382647037506104e+03
3.678338018894195557e+03
3.719672230958938599e+03
3.761344055891036987e+03
3.803316365957260132e+03
3.846655435085296631e+03
3.890460175037384033e+03
3.934010457038879395e+03
3.977363600969314575e+03
4.003998936891555786e+03
