1.180963683128356934e+01
2.383142089843750000e+01
3.584644079208374023e+01
4.741130685806274414e+01
5.923106479644775391e+01
7.108208394050598145e+01
8.262369680404663086e+01
9.432481193542480469e+01
1.061557648181915283e+02
1.178807599544525146e+02
1.294077038764953613e+02
1.412176938056945801e+02
1.529753317832946777e+02
1.644632039070129395e+02
1.762199637889862061e+02
1.882439439296722412e+02
2.055425758361816406e+02
2.338165748119354248e+02
2.621177699565887451e+02
2.905616059303283691e+02
3.189034907817840576e+02
3.474285688400268555e+02
3.761022808551788330e+02
4.044584608078002930e+02
4.326599459648132324e+02
4.611391479969024658e+02
4.896371188163757324e+02
5.180563368797302246e+02
5.466180257797241211e+02
5.751780648231506348e+02
6.052291569709777832e+02
6.372329969406127930e+02
6.700850338935852051e+02
6.984916977882385254e+02
7.352916657924652100e+02
7.655894389152526855e+02
7.937498788833618164e+02
8.222828209400177002e+02
8.506289827823638916e+02
8.790864667892456055e+02
9.076067299842834473e+02
9.358513689041137695e+02
9.645017118453979492e+02
9.928625359535217285e+02
1.021227328777313232e+03
1.049721197843551636e+03
1.078527905941009521e+03
1.109204578876495361e+03
1.142108830928802490e+03
1.171142016887664795e+03
1.199882702827453613e+03
1.228413785934448242e+03
1.257027752876281738e+03
1.285633076906204224e+03
1.314301330804824829e+03
1.348150647878646851e+03
1.380899815797805786e+03
1.411832145929336548e+03
1.440653297901153564e+03
1.469197871923446655e+03
1.497447688817977905e+03
1.525877708911895752e+03
1.554177715778350830e+03
1.582740823984146118e+03
1.611125600814819336e+03
1.639492333889007568e+03
1.667879514932632446e+03
1.696445190906524658e+03
1.725178981781005859e+03
1.753337776899337769e+03
1.781742197990417480e+03
1.810244539976119995e+03
1.838328345775604248e+03
1.866930919885635376e+03
1.895372113943099976e+03
1.923979515790939331e+03
1.953729638814926147e+03
1.979819936990737915e+03
2.006303065776824951e+03
2.040530466794967651e+03
2.069566991806030273e+03
2.098469555854797363e+03
2.127270482778549194e+03
2.156231877803802490e+03
2.184817888975143433e+03
2.213766439914703369e+03
2.242635726928710938e+03
2.271676799774169922e+03
2.300704257965087891e+03
2.329517398834228516e+03
2.358006030797958374e+03
2.386541764974594116e+03
2.415165359973907471e+03
2.444039218902587891e+03
2.472720580816268921e+03
2.501213018894195557e+03
2.530017102956771851e+03
2.558729990959167480e+03
2.587406777858734131e+03
2.616146743774414062e+03
