1.776673507690429688e+01
3.507497286796569824e+01
5.229798388481140137e+01
6.910911202430725098e+01
8.612034106254577637e+01
1.033939318656921387e+02
1.215614340305328369e+02
1.421337649822235107e+02
1.617630770206451416e+02
1.810477828979492188e+02
2.012716288566589355e+02
2.193642320632934570e+02
2.384427809715270996e+02
2.567907679080963135e+02
2.735988330841064453e+02
2.905259439945220947e+02
3.080837080478668213e+02
3.282012999057769775e+02
3.462877719402313232e+02
3.636123750209808350e+02
3.801414160728454590e+02
3.969273760318756104e+02
4.134434309005737305e+02
4.298929150104522705e+02
4.487192089557647705e+02
4.694783220291137695e+02
4.875146570205688477e+02
5.050962569713592529e+02
5.216662778854370117e+02
5.393136439323425293e+02
5.605935928821563721e+02
5.772358000278472900e+02
5.942505710124969482e+02
6.116128289699554443e+02
6.302613039016723633e+02
6.511651320457458496e+02
6.684906840324401855e+02
6.889403469562530518e+02
7.076054999828338623e+02
7.267784068584442139e+02
7.471065318584442139e+02
7.665493969917297363e+02
7.863842620849609375e+02
8.044291510581970215e+02
8.234746010303497314e+02
8.420859608650207520e+02
8.592445349693298340e+02
8.763785078525543213e+02
8.932744948863983154e+02
9.133045330047607422e+02
9.327173879146575928e+02
9.501712579727172852e+02
9.671043589115142822e+02
9.836586840152740479e+02
1.004163225889205933e+03
1.023729516029357910e+03
1.041115041971206665e+03
1.057960640907287598e+03
1.075451550960540771e+03
1.093392145872116089e+03
1.113521008014678955e+03
1.132670660972595215e+03
1.154107244014739990e+03
1.172121641874313354e+03
1.189664382934570312e+03
1.206754026889801025e+03
1.223948919057846069e+03
1.240757056951522827e+03
1.257566197872161865e+03
1.277117321968078613e+03
1.293975753068923950e+03
1.311304555892944336e+03
1.328387753963470459e+03
1.345212912082672119e+03
1.362192872047424316e+03
1.379554148912429810e+03
1.396138202905654907e+03
1.412904407024383545e+03
1.430423229932785034e+03
1.447088042020797729e+03
1.465896550893783569e+03
1.485678858041763306e+03
1.502717997074127197e+03
1.519252223014831543e+03
1.535577967882156372e+03
1.554029222965240479e+03
1.571157192945480347e+03
1.587917015075683594e+03
1.606315795898437500e+03
1.623318050861358643e+03
1.641553731918334961e+03
1.658143238067626953e+03
1.675955816030502319e+03
1.695604063987731934e+03
1.713943273067474365e+03
1.730805788040161133e+03
1.747640225887298584e+03
1.765067373037338257e+03
1.782876785993576050e+03
1.802624741077423096e+03
