9.963698376431937564e-01
9.990495876832441446e-01
9.991466950286518323e-01
9.992685957388444118e-01
9.992665296251123097e-01
9.992830585349690153e-01
9.993181824684143066e-01
9.993326452645387992e-01
9.993450419469313006e-01
9.993595047430559042e-01
9.993677691979842015e-01
9.993884303353050003e-01
9.993801658803765919e-01
9.994028931314294928e-01
9.994318187236785889e-01
9.994380170648747841e-01
9.994380170648747841e-01
9.994566120884634808e-01
9.994421492923389883e-01
9.994483476335351835e-01
9.994628104296597870e-01
9.994504137472672856e-01
9.994669426571238802e-01
9.994731409983201864e-01
9.994669426571238802e-01
9.994669426571238802e-01
9.994752071120521775e-01
9.994814054532484837e-01
9.994855376807125769e-01
9.995020665905692825e-01
9.995000004768371804e-01
9.994731409983201864e-01
9.995103310454975798e-01
9.994834715669805858e-01
9.994855376807125769e-01
9.995000004768371804e-01
9.995330582965503696e-01
9.995289260690862765e-01
9.995082649317654777e-01
9.995289260690862765e-01
9.995185955004258771e-01
9.995061988180333756e-01
9.995268599553541744e-01
9.995289260690862765e-01
9.995289260690862765e-01
9.995516533201390663e-01
9.995454549789428711e-01
9.995433888652107690e-01
9.995557855476032705e-01
9.995351244102824717e-01
9.995371905240145738e-01
9.995578516613353726e-01
9.995454549789428711e-01
9.995743805711919672e-01
9.995495872064070753e-01
9.995475210926749732e-01
9.995640500025315678e-01
9.995723144574598651e-01
9.995661161162636699e-01
9.995723144574598651e-01
9.995661161162636699e-01
9.995351244102824717e-01
9.995743805711919672e-01
9.995764466849240693e-01
9.995661161162636699e-01
9.995537194338711684e-01
9.995599177750673636e-01
9.995619838887994657e-01
9.996095045046372585e-01
9.995950417085127659e-01
9.995826450261202645e-01
9.995826450261202645e-01
9.995888433673164597e-01
9.995847111398523666e-01
9.995723144574598651e-01
9.996115706183693606e-01
9.995991739359768591e-01
9.995805789123881624e-01
9.996136367321014626e-01
9.995929755947806639e-01
9.996012400497089612e-01
9.995991739359768591e-01
9.995867772535844686e-01
9.995929755947806639e-01
9.995867772535844686e-01
9.996074383909051564e-01
9.995847111398523666e-01
9.996136367321014626e-01
9.996012400497089612e-01
9.995991739359768591e-01
9.995950417085127659e-01
9.995909094810485618e-01
9.996219011870297599e-01
9.996012400497089612e-01
9.996115706183693606e-01
9.996136367321014626e-01
9.996239673007618620e-01
9.996280995282259552e-01
9.996239673007618620e-01
9.996033061634410632e-01
