5.023087035000616679e-02
6.262534642895137456e-03
4.910539565275376210e-03
4.144222685689114352e-03
3.850566721221861024e-03
3.566522207697105529e-03
3.329525364994676256e-03
3.127465165853810566e-03
3.047213927461861222e-03
2.922608864825956658e-03
2.862601679525074005e-03
2.802244412659325723e-03
2.703866316160427347e-03
2.669568407264322294e-03
2.614120313319290376e-03
2.513851133425463059e-03
2.480726167435526753e-03
2.488975808626130940e-03
2.416516775293372533e-03
2.383510559611599824e-03
2.378891616107023203e-03
2.278780988286628530e-03
2.273037398749355037e-03
2.254548436409952328e-03
2.219470402732898976e-03
2.176551937117257585e-03
2.174486733109133943e-03
2.117031640552551226e-03
2.113937923453223372e-03
2.132804742297992467e-03
2.068932846904400231e-03
2.014166579301146509e-03
2.010240219816063299e-03
1.984266277769120793e-03
1.940185174136752630e-03
1.978778771025690390e-03
1.961401901438846081e-03
1.923832042269841376e-03
1.917984515392046714e-03
1.928166946616269133e-03
1.886439497183410065e-03
1.898870267763421230e-03
1.834053228666870147e-03
1.814053784764386437e-03
1.818033685914212079e-03
1.831862141042702981e-03
1.849428825077331726e-03
1.794574924582970901e-03
1.763177812278142421e-03
1.810728609135942154e-03
1.766776852444530829e-03
1.764488516532445542e-03
1.758197503677027358e-03
1.730407184196104762e-03
1.747387174194182935e-03
1.695931484537347659e-03
1.683637314325572062e-03
1.713517281952838586e-03
1.650411157997584265e-03
1.665303636229494792e-03
1.662647242449956765e-03
1.646770944835892342e-03
1.616007310724328462e-03
1.633694721505207781e-03
1.633318318711133579e-03
1.606147358220011857e-03
1.600660133197826960e-03
1.632406528490724798e-03
1.572917596070666632e-03
1.629491246826302291e-03
1.577383860516916097e-03
1.618032453510306716e-03
1.569174011535637899e-03
1.563355159783362319e-03
1.567410051294468656e-03
1.583533010830627226e-03
1.543619823109386403e-03
1.567992875883626085e-03
1.509719039987489093e-03
1.528930136954721828e-03
1.520527889024548022e-03
1.524144560132970234e-03
1.508538468340201062e-03
1.487887832326765039e-03
1.470491250691663811e-03
1.523014067395002825e-03
1.475258546045430785e-03
1.483572247460356085e-03
1.469044268422774538e-03
1.482832732693780114e-03
1.460951053623968593e-03
1.429223363544193312e-03
1.466932878892024264e-03
1.511020368100833957e-03
1.470347591098448503e-03
1.447779968722244081e-03
1.431559882204372271e-03
1.463021016076473382e-03
1.470248939624722818e-03
1.417709893214300987e-03
