9.961590940640731029e-01
9.990537199107083488e-01
9.991570255973122316e-01
9.992252073504708232e-01
9.992500007152557151e-01
9.992768601937727091e-01
9.993326452645387992e-01
9.993037196722898141e-01
9.993553725155917000e-01
9.993347113782709012e-01
9.993429758331991986e-01
9.993780997666446009e-01
9.993863642215728982e-01
9.994111575863577901e-01
9.993966947902332976e-01
9.993925625627690934e-01
9.994028931314294928e-01
9.994421492923389883e-01
9.994421492923389883e-01
9.994669426571238802e-01
9.994607443159276849e-01
9.994524798609993876e-01
9.994938021356408742e-01
9.994772732257842796e-01
9.994524798609993876e-01
9.995000004768371804e-01
9.994876037944446789e-01
9.994772732257842796e-01
9.995144632729616729e-01
9.995082649317654777e-01
9.995082649317654777e-01
9.995082649317654777e-01
9.995000004768371804e-01
9.995061988180333756e-01
9.995144632729616729e-01
9.995413227514786669e-01
9.995185955004258771e-01
9.995185955004258771e-01
9.995330582965503696e-01
9.995289260690862765e-01
9.995392566377466759e-01
9.995371905240145738e-01
9.995392566377466759e-01
9.995578516613353726e-01
9.995392566377466759e-01
9.995351244102824717e-01
9.995516533201390663e-01
9.995475210926749732e-01
9.995640500025315678e-01
9.995743805711919672e-01
9.995599177750673636e-01
9.995537194338711684e-01
9.995619838887994657e-01
9.995702483437277630e-01
9.995454549789428711e-01
9.995723144574598651e-01
9.995454549789428711e-01
9.995516533201390663e-01
9.995929755947806639e-01
9.995909094810485618e-01
9.995681822299957719e-01
9.995764466849240693e-01
9.995867772535844686e-01
9.995826450261202645e-01
9.995888433673164597e-01
9.995640500025315678e-01
9.996012400497089612e-01
9.995805789123881624e-01
9.995991739359768591e-01
9.996033061634410632e-01
9.995909094810485618e-01
9.995888433673164597e-01
9.995909094810485618e-01
9.995847111398523666e-01
9.996115706183693606e-01
9.995971078222448680e-01
9.996219011870297599e-01
9.996033061634410632e-01
9.996074383909051564e-01
9.996322317556901593e-01
9.996322317556901593e-01
9.996219011870297599e-01
9.996053722771731653e-01
9.996280995282259552e-01
9.996239673007618620e-01
9.996053722771731653e-01
9.995971078222448680e-01
9.996136367321014626e-01
9.996466945518146519e-01
9.996157028458335647e-01
9.996157028458335647e-01
9.996219011870297599e-01
9.996466945518146519e-01
9.996384300968863545e-01
9.996280995282259552e-01
9.996384300968863545e-01
9.996219011870297599e-01
9.996425623243505587e-01
9.996322317556901593e-01
9.996301656419580572e-01
