9.958801684423911338e-01
9.990041331811384540e-01
9.991446289149197302e-01
9.992417362603274178e-01
9.992500007152557151e-01
9.992685957388444118e-01
9.992830585349690153e-01
9.992665296251123097e-01
9.993099180134860093e-01
9.993264469233426039e-01
9.993657030842520994e-01
9.992995874448256099e-01
9.993780997666446009e-01
9.993863642215728982e-01
9.994070253588936970e-01
9.993842981078407961e-01
9.993925625627690934e-01
9.994318187236785889e-01
9.994070253588936970e-01
9.994297526099464868e-01
9.994256203824823936e-01
9.994524798609993876e-01
9.994338848374106909e-01
9.994545459747314897e-01
9.994710748845880843e-01
9.994400831786068862e-01
9.994896699081767810e-01
9.994814054532484837e-01
9.994731409983201864e-01
9.994483476335351835e-01
9.995123971592295709e-01
9.994876037944446789e-01
9.994793393395163816e-01
9.995144632729616729e-01
9.994917360219088831e-01
9.994938021356408742e-01
9.995165293866937750e-01
9.995206616141579792e-01
9.995227277278899702e-01
9.994979343631050783e-01
9.995165293866937750e-01
9.995351244102824717e-01
9.995103310454975798e-01
9.995247938416220723e-01
9.995557855476032705e-01
9.995578516613353726e-01
9.995309921828183786e-01
9.995619838887994657e-01
9.995537194338711684e-01
9.995661161162636699e-01
9.995619838887994657e-01
9.995392566377466759e-01
9.995392566377466759e-01
9.995599177750673636e-01
9.995537194338711684e-01
9.995661161162636699e-01
9.995661161162636699e-01
9.995826450261202645e-01
9.995702483437277630e-01
9.995867772535844686e-01
9.995826450261202645e-01
9.995681822299957719e-01
9.995661161162636699e-01
9.995764466849240693e-01
9.996239673007618620e-01
9.995909094810485618e-01
9.995971078222448680e-01
9.995785127986561713e-01
9.996177689595655558e-01
9.996074383909051564e-01
9.995867772535844686e-01
9.995909094810485618e-01
9.995723144574598651e-01
9.996115706183693606e-01
9.995971078222448680e-01
9.995929755947806639e-01
9.996363639831542525e-01
9.996239673007618620e-01
9.996280995282259552e-01
9.996177689595655558e-01
9.996095045046372585e-01
9.996528928930109581e-01
9.996157028458335647e-01
9.996198350732976579e-01
9.996115706183693606e-01
9.996342978694222614e-01
9.996177689595655558e-01
9.996239673007618620e-01
9.996198350732976579e-01
9.996301656419580572e-01
9.996301656419580572e-01
9.996198350732976579e-01
9.996301656419580572e-01
9.996260334144938531e-01
9.996239673007618620e-01
9.996570251204750512e-01
9.996425623243505587e-01
9.996384300968863545e-01
9.996384300968863545e-01
9.996260334144938531e-01
