5.124374996295414514e-02
6.266915324167636817e-03
4.683775645173212862e-03
3.945109592232933296e-03
3.631370315618797674e-03
3.364801119978663452e-03
3.186871471617518450e-03
3.063066059860657369e-03
2.969380536805981373e-03
2.791342283043460239e-03
2.767552431518844041e-03
2.678655090962707690e-03
2.633183758684597663e-03
2.578324367037145796e-03
2.494553258512789782e-03
2.435738568218323314e-03
2.395318821277026868e-03
2.395979760565992035e-03
2.358917458609126241e-03
2.389006340027580253e-03
2.293742748905752173e-03
2.276562744644943567e-03
2.232783461039812133e-03
2.261412305425204630e-03
2.201069653356096164e-03
2.181273331246881119e-03
2.157671375674314902e-03
2.115018494282970216e-03
2.113437430235791132e-03
2.054553470195759259e-03
2.080145904238626508e-03
2.053038105875638637e-03
2.056172762944103935e-03
2.051296138955790212e-03
2.002288612285599463e-03
2.009603519049378128e-03
1.991081575123238110e-03
1.938244480975074213e-03
2.004578835711876787e-03
1.957213235325788551e-03
1.891912227905258835e-03
1.920665061159671731e-03
1.954853292197132695e-03
1.877447457496640151e-03
1.862629484150117544e-03
1.855240536070870390e-03
1.830318781227643606e-03
1.854115329345588708e-03
1.793099137250074191e-03
1.829147334757361305e-03
1.818643665788851997e-03
1.825328306728500431e-03
1.808405703444587211e-03
1.755808175860689487e-03
1.772620016953067998e-03
1.771941232503370040e-03
1.740064352669408584e-03
1.715741951089185501e-03
1.740688538319686788e-03
1.727090949502226545e-03
1.718447278792403126e-03
1.754553410021645167e-03
1.715308155760979008e-03
1.708518446369214610e-03
1.695832200639857141e-03
1.720236781729373495e-03
1.711133367162117648e-03
1.691018763067178967e-03
1.665209861937009357e-03
1.674151068240873914e-03
1.651588618989261164e-03
1.655526288168083626e-03
1.614547333886239434e-03
1.645597386521144029e-03
1.686365622446296762e-03
1.618950670479714360e-03
1.620018326315809856e-03
1.615807834715548555e-03
1.597595955246145687e-03
1.633078983274557309e-03
1.611281724856377610e-03
1.579799296366898474e-03
1.577866176741490834e-03
1.608516830946750149e-03
1.608687965775161153e-03
1.581672504765346170e-03
1.562622565804129299e-03
1.563577318890921938e-03
1.545005070655286429e-03
1.540186776330281990e-03
1.571556209973150407e-03
1.566988805218997661e-03
1.558573382422306008e-03
1.567121391151938842e-03
1.516866184840754642e-03
1.583648777073450292e-03
1.522523139483984060e-03
1.474139611916654678e-03
1.520678786420970796e-03
1.518674173795179008e-03
