3.677516317367553711e+01
7.480598402023315430e+01
1.122082462310791016e+02
1.496275000572204590e+02
1.876452791690826416e+02
2.249715950489044189e+02
2.619495081901550293e+02
2.990804860591888428e+02
3.367858331203460693e+02
3.746432640552520752e+02
4.136174530982971191e+02
4.502867360115051270e+02
4.885211050510406494e+02
5.269326221942901611e+02
5.649147250652313232e+02
6.028056302070617676e+02
6.400544431209564209e+02
6.768181791305541992e+02
7.139364581108093262e+02
7.510488331317901611e+02
7.874901981353759766e+02
8.245570390224456787e+02
8.616017172336578369e+02
8.991934900283813477e+02
9.365479431152343750e+02
9.736041040420532227e+02
1.010790392160415649e+03
1.048827714204788208e+03
1.086419494152069092e+03
1.124135308027267456e+03
1.162561690092086792e+03
1.199660774230957031e+03
1.236540650129318237e+03
1.274038130998611450e+03
1.311962316036224365e+03
1.348940300226211548e+03
1.386943568229675293e+03
1.424335051059722900e+03
1.462006944179534912e+03
1.499836811065673828e+03
1.537205801010131836e+03
1.573681565046310425e+03
1.610943300008773804e+03
1.649096409082412720e+03
1.686162805080413818e+03
1.723759699106216431e+03
1.761100653171539307e+03
1.797434390068054199e+03
1.834353330135345459e+03
1.871530451059341431e+03
1.909532723188400269e+03
1.947471137046813965e+03
1.984808587074279785e+03
2.023446884155273438e+03
2.060496061086654663e+03
2.098052105188369751e+03
2.135813496112823486e+03
2.174517001152038574e+03
2.212625457048416138e+03
2.250424015045166016e+03
2.287895927190780640e+03
2.324572082996368408e+03
2.362339731216430664e+03
2.399931926012039185e+03
2.437715630054473877e+03
2.474354127168655396e+03
2.512481661081314087e+03
2.550060717105865479e+03
2.588544499158859253e+03
2.625814431190490723e+03
2.663945810079574585e+03
2.702421154022216797e+03
2.739677065134048462e+03
2.777240865230560303e+03
2.814349178075790405e+03
2.851726280212402344e+03
2.888902085065841675e+03
2.925692985057830811e+03
2.952879286050796509e+03
2.969801952123641968e+03
2.989904848098754883e+03
3.007899303197860718e+03
3.025992570161819458e+03
3.042200130224227905e+03
3.058712971210479736e+03
3.075231608152389526e+03
3.094934142112731934e+03
3.112708061218261719e+03
3.130508305072784424e+03
3.147690553188323975e+03
3.165270390033721924e+03
3.184991631031036377e+03
3.204346735000610352e+03
3.220935471057891846e+03
3.237791832208633423e+03
3.254270688056945801e+03
3.270872116088867188e+03
3.290896360158920288e+03
3.309257209062576294e+03
3.328094992160797119e+03
