9.867624050675899428e-01
9.957768634700577826e-01
9.980062002485449169e-01
9.986446293917569106e-01
9.987995879093477525e-01
9.989504142241044660e-01
9.990206620909950486e-01
9.991301661187952377e-01
9.991921495307575229e-01
9.992293395656199895e-01
9.992975213310935079e-01
9.993223146958785108e-01
9.993450419469313006e-01
9.993636369582049594e-01
9.993822319941086940e-01
9.994132237000898922e-01
9.993987609039652886e-01
9.994318187236785889e-01
9.994297526099464868e-01
9.994359509388277552e-01
9.994834715669805858e-01
9.994690087708559822e-01
9.994917360219088831e-01
9.995082649317654777e-01
9.994834715546655479e-01
9.995082649317654777e-01
9.995061988180333756e-01
9.995578516613353726e-01
9.995330582965503696e-01
9.995165293866937750e-01
9.995599177750673636e-01
9.995516533201390663e-01
9.995661161162636699e-01
9.995702483437277630e-01
9.995640500025315678e-01
9.995888433673164597e-01
9.995867772535844686e-01
9.995475210926749732e-01
9.996095045046372585e-01
9.995723144574598651e-01
9.995929755824656260e-01
9.996177689595655558e-01
9.996487606655467539e-01
9.996425623243505587e-01
9.996157028335185268e-01
9.996425623243505587e-01
9.995950416961977281e-01
9.996363639831542525e-01
9.996280995282259552e-01
9.996322317556901593e-01
9.996384300968863545e-01
9.996425623243505587e-01
9.996694218028675527e-01
9.996280995282259552e-01
9.996404962106184566e-01
9.996549590067429492e-01
9.996652895754033485e-01
9.996590912342071533e-01
9.996425623243505587e-01
9.996797523715279521e-01
9.996735540303316458e-01
9.996983473951166488e-01
9.997024796225807419e-01
9.996652895754033485e-01
9.996508267669638181e-01
9.997190085324374476e-01
9.996776862577958500e-01
9.996590912342071533e-01
9.997190085324374476e-01
9.997086779637770482e-01
9.996942151676524446e-01
9.997024796225807419e-01
9.996942151676524446e-01
9.997148763049732434e-01
9.996859507127241473e-01
9.997169424187053455e-01
9.996983473951166488e-01
9.996962812813845467e-01
9.996962812813845467e-01
9.997210746461694386e-01
9.997169424187053455e-01
9.997190085324374476e-01
9.997417357834902374e-01
9.997045457363128440e-01
9.997190085324374476e-01
9.997231407599015407e-01
9.997479341246865436e-01
9.997396696697581353e-01
9.997334713285619401e-01
9.997458680109544416e-01
9.997169424187053455e-01
9.997376035560261442e-01
9.997438018972223395e-01
9.997396696697581353e-01
9.997520663521506368e-01
9.997355374422940422e-01
9.997314052148298380e-01
9.997293391010978469e-01
9.997417357834902374e-01
9.997293391010978469e-01
