4.877749483054407559e-02
6.233099222017023447e-03
4.655439295735155046e-03
4.150383523773605761e-03
3.728369214952767432e-03
3.507502730314048401e-03
3.263654353228529273e-03
3.152115851327293855e-03
3.035275585580541995e-03
2.974370989673197178e-03
2.825543753044994222e-03
2.758876998399320199e-03
2.764014231089720677e-03
2.685981309130977372e-03
2.671630256068319251e-03
2.547951930362930481e-03
2.565173539578383729e-03
2.445403846369410827e-03
2.442158345910466332e-03
2.410044970372100456e-03
2.360270035988599937e-03
2.318584368621231032e-03
2.282742658559629070e-03
2.291261951370697665e-03
2.249337616640031696e-03
2.250735183167292767e-03
2.203105515484235499e-03
2.164391639834403660e-03
2.140363009461607006e-03
2.129646666146095112e-03
2.121233386507382235e-03
2.077595384462031011e-03
2.035510385451006973e-03
2.049244070928377300e-03
2.058309907384637399e-03
2.014521857292929374e-03
1.979968626893829735e-03
1.973498668453975511e-03
1.970986099507431467e-03
1.941881737521041970e-03
1.910835565525036790e-03
1.948415272117607743e-03
1.905949149442567577e-03
1.863135571087026982e-03
1.856332847322591031e-03
1.841355440063009068e-03
1.854385704917446091e-03
1.826893754849881176e-03
1.842340050866688502e-03
1.779659898614289158e-03
1.808545163230669810e-03
1.773596105980478196e-03
1.775472889415344270e-03
1.811243389040217283e-03
1.709300380964051723e-03
1.779194091994754697e-03
1.765902040745850020e-03
1.797426446590730297e-03
1.744079891888819685e-03
1.752942037023034116e-03
1.722045680559796624e-03
1.672695590366777901e-03
1.673084344285874795e-03
1.712911409580779786e-03
1.698769262722779876e-03
1.690901417670372976e-03
1.661546413383953444e-03
1.722642509699007099e-03
1.651018144384805084e-03
1.678193501908582753e-03
1.656149910486034429e-03
1.649087903833393364e-03
1.658283760620111579e-03
1.622159160230143794e-03
1.706042718623852327e-03
1.591966492901707728e-03
1.657781325428498700e-03
1.597176005703806632e-03
1.599647704455781517e-03
1.599401489594844995e-03
1.590287605342217015e-03
1.578786832116084579e-03
1.576800288934697295e-03
1.609584110364903906e-03
1.573233760980943894e-03
1.588740543696373023e-03
1.561228209765495346e-03
1.580632007468901366e-03
1.556021849001087195e-03
1.527029284508127404e-03
1.537916847231087436e-03
1.562717752168716560e-03
1.500802359544970701e-03
1.553898235585478597e-03
1.504218987224938391e-03
1.504846463478465247e-03
1.497317596925690263e-03
1.489685474173059465e-03
1.537825039705462485e-03
1.500107329316136082e-03
