1.246525624182945047e-01
1.856219777677444935e-02
1.233098694764453787e-02
1.000430668554603587e-02
8.479101618665052520e-03
7.370977147155458736e-03
6.661600623709632712e-03
6.235725914719160781e-03
5.811140551594697230e-03
5.430503227308532826e-03
5.241310372429708493e-03
4.849858621407691223e-03
4.895626191369384893e-03
4.650272784531183506e-03
4.232840475359364585e-03
4.226837780590192960e-03
4.280511934145827396e-03
4.025607479742432902e-03
3.866727914873615158e-03
3.798984940430806621e-03
3.664465838669795500e-03
3.626000288081252312e-03
3.447791706098880284e-03
3.307636391783557502e-03
3.357070469317943642e-03
3.233394295832925109e-03
3.186340441947668311e-03
3.088152634689713370e-03
2.903877413918098168e-03
2.983464549710003119e-03
2.870542951999340269e-03
2.826645451296480680e-03
2.876600483972847466e-03
2.757938412072171233e-03
2.786783025428407352e-03
2.768440880924745093e-03
2.704243810303561500e-03
2.971333249614842298e-03
2.805860617512329330e-03
2.546025928621317366e-03
2.574414030132437907e-03
2.609752686044069549e-03
2.517226547914384015e-03
2.486150270223416465e-03
2.441153702565116920e-03
2.539540342588153445e-03
2.648419566016554753e-03
2.418640547581004524e-03
2.384155190948046218e-03
2.369322057265533122e-03
2.356154236016652897e-03
2.414217778098548019e-03
2.344381139922435166e-03
2.345534404247708472e-03
2.373371553075322507e-03
2.246164179777119119e-03
2.296072851531470033e-03
2.345438702066489616e-03
2.201452447384176156e-03
2.176514110936837026e-03
2.222840214005452047e-03
2.155200720086384528e-03
2.242207318003546640e-03
2.131061209192517542e-03
2.102598562689876258e-03
2.217922472119878991e-03
2.229100115160147395e-03
2.103696201632793313e-03
2.100277438643724862e-03
2.119362192157516530e-03
2.104329622700794409e-03
2.105808259975669710e-03
2.039834220117092874e-03
2.061289937355566867e-03
2.029584236599094559e-03
2.137483843549077729e-03
1.975853909755516218e-03
2.020002311460861785e-03
2.030504887927681718e-03
2.008560457143542151e-03
1.966026902201836735e-03
2.013814471252285080e-03
2.069579337261781646e-03
2.009181466330630435e-03
1.943055857028879027e-03
2.052175025909781098e-03
2.141411381559768339e-03
1.915331385413639089e-03
1.996754359754927561e-03
1.914278569688717584e-03
1.917099545388937371e-03
1.889125710320685913e-03
1.958388325074916347e-03
1.872089159969867822e-03
1.946329015472872664e-03
1.936412487580485087e-03
1.891747344406281102e-03
1.819476436702240118e-03
1.947585681600539622e-03
1.847752913391739879e-03
