9.959173584880292029e-01
9.990000009536743608e-01
9.991549594835801296e-01
9.991983478719538292e-01
9.992396701465953157e-01
9.992851246487010064e-01
9.993223146958785108e-01
9.993223146958785108e-01
9.993078518997539073e-01
9.993016535585577120e-01
9.993574386293238021e-01
9.993657030842520994e-01
9.993780997666446009e-01
9.993884303353050003e-01
9.993987609039652886e-01
9.993904964490369913e-01
9.994008270176973907e-01
9.994194220412860874e-01
9.994090914726256880e-01
9.993946286765011955e-01
9.994090914726256880e-01
9.994524798609993876e-01
9.994338848374106909e-01
9.994235542687502916e-01
9.994607443159276849e-01
9.994359509511427930e-01
9.994607443159276849e-01
9.994628104296597870e-01
9.994669426571238802e-01
9.994938021356408742e-01
9.994752071120521775e-01
9.994586782021955829e-01
9.994524798609993876e-01
9.994731409983201864e-01
9.994855376807125769e-01
9.994855376807125769e-01
9.994917360219088831e-01
9.995061988180333756e-01
9.995000004768371804e-01
9.994772732257842796e-01
9.995309921828183786e-01
9.995000004768371804e-01
9.995206616141579792e-01
9.995165293866937750e-01
9.995165293866937750e-01
9.995268599553541744e-01
9.995330582965503696e-01
9.995227277278899702e-01
9.995144632729616729e-01
9.995247938416220723e-01
9.995309921828183786e-01
9.995330582965503696e-01
9.995454549789428711e-01
9.995351244102824717e-01
9.995475210926749732e-01
9.995640500025315678e-01
9.995516533201390663e-01
9.995578516613353726e-01
9.995578516613353726e-01
9.995330582965503696e-01
9.995640500025315678e-01
9.995702483437277630e-01
9.995723144574598651e-01
9.995702483437277630e-01
9.995557855476032705e-01
9.995640500025315678e-01
9.995681822299957719e-01
9.995867772535844686e-01
9.995661161162636699e-01
9.995619838887994657e-01
9.995888433673164597e-01
9.995640500025315678e-01
9.995785127986561713e-01
9.995599177750673636e-01
9.995599177750673636e-01
9.995991739359768591e-01
9.995681822299957719e-01
9.995826450261202645e-01
9.995805789123881624e-01
9.996012400497089612e-01
9.995950417085127659e-01
9.995867772535844686e-01
9.996115706183693606e-01
9.996053722771731653e-01
9.996115706183693606e-01
9.996177689595655558e-01
9.995867772535844686e-01
9.996157028458335647e-01
9.995888433673164597e-01
9.995929755947806639e-01
9.995826450261202645e-01
9.996115706183693606e-01
9.995909094810485618e-01
9.996115706183693606e-01
9.996198350732976579e-01
9.996115706183693606e-01
9.996157028458335647e-01
9.996157028458335647e-01
9.996033061634410632e-01
9.996280995282259552e-01
