4.925958265766668814e-02
6.451114459911674696e-03
4.920688815884415035e-03
4.226705677555859381e-03
3.775788060961193099e-03
3.558289508478345870e-03
3.396877592408713200e-03
3.249547414616395236e-03
3.102306128085947218e-03
3.042828537839769708e-03
2.929906341308775430e-03
2.783438598708167303e-03
2.724859023989913837e-03
2.710403157766261978e-03
2.619187384674254507e-03
2.574444542967307785e-03
2.521245910503983490e-03
2.410441495835997840e-03
2.455546915817566605e-03
2.409621850279296870e-03
2.334986496189155568e-03
2.304458046286196344e-03
2.327993130514991599e-03
2.253158005318675952e-03
2.237016910325380706e-03
2.253212611948440802e-03
2.216938970973538012e-03
2.167763192126450234e-03
2.159298399426592963e-03
2.105325202497692130e-03
2.166856116002033490e-03
2.035589764284771296e-03
2.038674626377286712e-03
2.033449969095340107e-03
2.044730796629394207e-03
2.033471353617514413e-03
1.967603885277865398e-03
1.959177551873944861e-03
1.959554813039206343e-03
1.977231117092186075e-03
1.900612934952755281e-03
1.958357951363821035e-03
1.924662345833409597e-03
1.872613474818513252e-03
1.838580164391436693e-03
1.856166502039968648e-03
1.857753008614499487e-03
1.837444933975092721e-03
1.842942878099827200e-03
1.823944500392591815e-03
1.829328198782191519e-03
1.840370377539759898e-03
1.760656319864639099e-03
1.759400599614726734e-03
1.812663995213291065e-03
1.746508990190620385e-03
1.777512451730271868e-03
1.717412694385993992e-03
1.754619003881406712e-03
1.697616014956699173e-03
1.681910074937661113e-03
1.707625676915108543e-03
1.668482464074756916e-03
1.659307620239394189e-03
1.693467085350645754e-03
1.639801087684192782e-03
1.669429135666662635e-03
1.636400070817944268e-03
1.655354720662436784e-03
1.700591179034598773e-03
1.682161628367839041e-03
1.614084675890948249e-03
1.671748948048434272e-03
1.656390186826308102e-03
1.598739154688374152e-03
1.617285683818416378e-03
1.586925652855207059e-03
1.615430193205710059e-03
1.567928591972606901e-03
1.607648566197668544e-03
1.608433665069664963e-03
1.591201689422396762e-03
1.563889456083594450e-03
1.628065286800224566e-03
1.549362610599596584e-03
1.559626233835733917e-03
1.580037176208081828e-03
1.514892956970235582e-03
1.510701359349286149e-03
1.503650858206073302e-03
1.502966707208357091e-03
1.530176867782490893e-03
1.517749591475322157e-03
1.502323917504443801e-03
1.491086812388495858e-03
1.558528820422839687e-03
1.546785728644944251e-03
1.477981113557435546e-03
1.478950400052460919e-03
1.515429635159953924e-03
