9.963574409238563634e-01
9.989917364987459525e-01
9.991611578247764358e-01
9.992004139856858203e-01
9.992376040328633247e-01
9.992830585349690153e-01
9.992995874448256099e-01
9.992954552173614058e-01
9.993264469233426039e-01
9.992975213310935079e-01
9.993409097194672075e-01
9.993533064018595979e-01
9.993491741743955048e-01
9.993615708567878952e-01
9.993904964490369913e-01
9.993677691979842015e-01
9.993863642215728982e-01
9.994111575863577901e-01
9.993863642215728982e-01
9.994111575863577901e-01
9.994276864962143847e-01
9.994235542687502916e-01
9.994710748845880843e-01
9.994111575863577901e-01
9.994524798609993876e-01
9.994359509511427930e-01
9.994586782021955829e-01
9.994483476335351835e-01
9.994607443159276849e-01
9.994669426571238802e-01
9.994628104296597870e-01
9.994504137472672856e-01
9.994917360219088831e-01
9.994896699081767810e-01
9.994834715669805858e-01
9.994814054532484837e-01
9.994979343631050783e-01
9.995144632729616729e-01
9.994917360219088831e-01
9.995082649317654777e-01
9.995185955004258771e-01
9.994979343631050783e-01
9.994958682493729762e-01
9.995082649317654777e-01
9.995123971592295709e-01
9.995413227514786669e-01
9.995309921828183786e-01
9.995330582965503696e-01
9.995475210926749732e-01
9.995619838887994657e-01
9.995413227514786669e-01
9.995392566377466759e-01
9.995516533201390663e-01
9.995330582965503696e-01
9.995640500025315678e-01
9.995516533201390663e-01
9.995578516613353726e-01
9.995495872064070753e-01
9.995743805711919672e-01
9.995537194338711684e-01
9.995640500025315678e-01
9.995640500025315678e-01
9.995785127986561713e-01
9.995557855476032705e-01
9.995661161162636699e-01
9.995826450261202645e-01
9.995847111398523666e-01
9.995619838887994657e-01
9.995785127986561713e-01
9.995785127986561713e-01
9.995392566377466759e-01
9.996033061634410632e-01
9.995723144574598651e-01
9.995805789123881624e-01
9.995785127986561713e-01
9.996053722771731653e-01
9.996012400497089612e-01
9.995950417085127659e-01
9.995764466849240693e-01
9.995929755947806639e-01
9.996033061634410632e-01
9.995826450261202645e-01
9.995909094810485618e-01
9.995888433673164597e-01
9.996074383909051564e-01
9.995909094810485618e-01
9.995909094810485618e-01
9.995867772535844686e-01
9.996053722771731653e-01
9.996095045046372585e-01
9.996095045046372585e-01
9.996074383909051564e-01
9.996074383909051564e-01
9.996033061634410632e-01
9.995971078222448680e-01
9.996198350732976579e-01
9.996280995282259552e-01
9.996219011870297599e-01
9.996095045046372585e-01
9.996363639831542525e-01
