1.251958209067806360e-01
1.868789751506708813e-02
1.266231189861586823e-02
9.825468402420130601e-03
8.547461489355600434e-03
7.409877203066240516e-03
6.690992333174972627e-03
6.157304384769229227e-03
5.781149100781957616e-03
5.358814944691794348e-03
4.987323365301653613e-03
4.859051017897888548e-03
4.810197224498762025e-03
4.550061561771565240e-03
4.406911198339379110e-03
3.966503277353679649e-03
4.223813121097918892e-03
3.944536490041721834e-03
3.797708730781620447e-03
3.539415168361001104e-03
3.548456787688307554e-03
3.449328688415981541e-03
3.424124872063199175e-03
3.412897488794239265e-03
3.153745514378701858e-03
3.151903138250568281e-03
3.067768147086234048e-03
3.204523300907439511e-03
3.110896561793573181e-03
2.942023371523954604e-03
2.964395359666855637e-03
2.808299200665519569e-03
2.839183804996146462e-03
2.807426185260685284e-03
2.777959009020844385e-03
2.744173454156157918e-03
2.720967282455844221e-03
2.715575491619298242e-03
2.752515029576650240e-03
2.585404518351258965e-03
2.578068805440892133e-03
2.526960456085805811e-03
2.600858238116408698e-03
2.606353237138512875e-03
2.376378945231866907e-03
2.445792705722197712e-03
2.317129138994136750e-03
2.423066787426388178e-03
2.350905774284087722e-03
2.408642671970340383e-03
2.575967756582140007e-03
2.294102068687808166e-03
2.356662363542430354e-03
2.301037274371218588e-03
2.463641571054068537e-03
2.308072007948407545e-03
2.308538242955965845e-03
2.218392141708606241e-03
2.308503897765936622e-03
2.232066734411067115e-03
2.214096851816731333e-03
2.231611802668820831e-03
2.129936218193412799e-03
2.211390789468510674e-03
2.227423067356793396e-03
2.055596334354756367e-03
2.229012899928644459e-03
2.086201889973050318e-03
2.126782863136951907e-03
2.106050209585246229e-03
2.075050041607636765e-03
2.031183681071462889e-03
2.064651378501988679e-03
2.024217622174838156e-03
2.113946756159188443e-03
2.072135937607173881e-03
2.101659069859633782e-03
1.949740419437911206e-03
2.024434608264281694e-03
2.077847051380423207e-03
1.979489446595406564e-03
2.076301411618818472e-03
2.015751404335633639e-03
1.988488003057268909e-03
2.017489228107191470e-03
2.022539090875555626e-03
2.030737149472572247e-03
2.014685984772180902e-03
1.896512404449820577e-03
1.914664280267847725e-03
1.977895801011107617e-03
1.931268550581013814e-03
1.890222228694241925e-03
1.913502043055688440e-03
1.834618316370733096e-03
1.940203741923569826e-03
1.865535471492307850e-03
1.888463832315074014e-03
1.941486092671443299e-03
1.897494268954855135e-03
