9.961694246234972239e-01
9.990619843656366461e-01
9.991838850758292256e-01
9.992293395779349163e-01
9.992954552173614058e-01
9.993181824684143066e-01
9.993595047430559042e-01
9.993780997666446009e-01
9.993987609039652886e-01
9.994152898138219943e-01
9.993884303353050003e-01
9.994090914726256880e-01
9.994214881550181895e-01
9.994132237000898922e-01
9.994504137472672856e-01
9.994235542687502916e-01
9.994400831786068862e-01
9.994483476335351835e-01
9.994648765433918891e-01
9.994524798609993876e-01
9.994834715669805858e-01
9.994586782021955829e-01
9.995041327043012735e-01
9.994958682493729762e-01
9.994855376807125769e-01
9.995000004768371804e-01
9.994958682493729762e-01
9.994876037944446789e-01
9.995123971592295709e-01
9.995433888652107690e-01
9.995165293866937750e-01
9.995309921828183786e-01
9.995330582965503696e-01
9.995289260690862765e-01
9.995165293866937750e-01
9.995681822299957719e-01
9.995495872064070753e-01
9.995495872064070753e-01
9.995371905240145738e-01
9.995681822299957719e-01
9.995681822299957719e-01
9.995681822299957719e-01
9.995661161162636699e-01
9.995723144574598651e-01
9.995661161162636699e-01
9.995723144574598651e-01
9.995557855476032705e-01
9.995723144574598651e-01
9.995785127986561713e-01
9.995640500025315678e-01
9.995888433673164597e-01
9.995702483437277630e-01
9.995847111398523666e-01
9.995950417085127659e-01
9.995743805711919672e-01
9.995867772535844686e-01
9.995888433673164597e-01
9.996177689595655558e-01
9.996157028458335647e-01
9.996012400497089612e-01
9.995991739359768591e-01
9.996095045046372585e-01
9.995991739359768591e-01
9.996260334144938531e-01
9.996384300968863545e-01
9.996322317556901593e-01
9.996157028458335647e-01
9.996136367321014626e-01
9.996219011870297599e-01
9.996219011870297599e-01
9.996095045046372585e-01
9.996301656419580572e-01
9.996260334144938531e-01
9.996322317556901593e-01
9.996177689595655558e-01
9.996342978694222614e-01
9.996342978694222614e-01
9.996322317556901593e-01
9.996384300968863545e-01
9.996322317556901593e-01
9.996466945518146519e-01
9.996280995282259552e-01
9.996508267792788560e-01
9.996363639831542525e-01
9.996528928930109581e-01
9.996342978694222614e-01
9.996590912342071533e-01
9.996425623243505587e-01
9.996673556891354506e-01
9.996487606655467539e-01
9.996590912342071533e-01
9.996508267792788560e-01
9.996549590067429492e-01
9.996714879165996548e-01
9.996735540303316458e-01
9.996818184852600542e-01
9.996652895754033485e-01
9.996301656419580572e-01
9.996797523715279521e-01
9.996838845989920452e-01
