4.278192710876464844e+01
8.689990592002868652e+01
1.318021471500396729e+02
1.721244630813598633e+02
2.114677009582519531e+02
2.512779891490936279e+02
2.895092999935150146e+02
3.271299281120300293e+02
3.667261540889739990e+02
4.072213940620422363e+02
4.467570149898529053e+02
4.857253839969635010e+02
5.258455100059509277e+02
5.653897509574890137e+02
6.041252000331878662e+02
6.435856990814208984e+02
6.835890901088714600e+02
7.232887010574340820e+02
7.639117560386657715e+02
8.026698489189147949e+02
8.418982450962066650e+02
8.808580601215362549e+02
9.200555901527404785e+02
9.603453569412231445e+02
1.000469468116760254e+03
1.040689268112182617e+03
1.079883331060409546e+03
1.118526780128479004e+03
1.157818040132522583e+03
1.197401690959930420e+03
1.235016027927398682e+03
1.274125582933425903e+03
1.313747452974319458e+03
1.353809396028518677e+03
1.392264935970306396e+03
1.432100098133087158e+03
1.471118813037872314e+03
1.510450272083282471e+03
1.549929614067077637e+03
1.588814492940902710e+03
1.629554039001464844e+03
1.669838150024414062e+03
1.708543219089508057e+03
1.748254209041595459e+03
1.787870069026947021e+03
1.828033677101135254e+03
1.866927556037902832e+03
1.906035496950149536e+03
1.946095546007156372e+03
1.986113873958587646e+03
2.026420737981796265e+03
2.065706303119659424e+03
2.104998497962951660e+03
2.144606743097305298e+03
2.184618057012557983e+03
2.223512210130691528e+03
2.262191553115844727e+03
2.301996797084808350e+03
2.340984369993209839e+03
2.379670151948928833e+03
2.418160634040832520e+03
2.457318814039230347e+03
2.496742969036102295e+03
2.536636244058609009e+03
2.575868533134460449e+03
2.614040458917617798e+03
2.654075199127197266e+03
2.694158295154571533e+03
2.733435610055923462e+03
2.772903691053390503e+03
2.812475006103515625e+03
2.851467632055282593e+03
2.891990592002868652e+03
2.930609506130218506e+03
2.969078706979751587e+03
3.007605535984039307e+03
3.047005067110061646e+03
3.083460973024368286e+03
3.123511470079421997e+03
3.164963824987411499e+03
3.204705455064773560e+03
3.244410259008407593e+03
3.284769746065139771e+03
3.324017502069473267e+03
3.364836539030075073e+03
3.404258939027786255e+03
3.443573209047317505e+03
3.482927511930465698e+03
3.524662122964859009e+03
3.564680525064468384e+03
3.605396672964096069e+03
3.645307294130325317e+03
3.687070730924606323e+03
3.729223967075347900e+03
3.771256439924240112e+03
3.813363423109054565e+03
3.856980970144271851e+03
3.900822660923004150e+03
3.944372833967208862e+03
3.987895746946334839e+03
