9.866384379850500208e-01
9.952272772050101413e-01
9.979028945496259961e-01
9.985929765238249489e-01
9.988119846040551808e-01
9.989855381575497573e-01
9.991281000050631356e-01
9.991756206209009283e-01
9.992272734642029253e-01
9.992396701465953157e-01
9.992500007152557151e-01
9.992706618525765139e-01
9.993099180134860093e-01
9.993491741743955048e-01
9.993429758331991986e-01
9.993904964490369913e-01
9.993966947902332976e-01
9.993987609039652886e-01
9.993760336529124988e-01
9.994256203824823936e-01
9.994256203824823936e-01
9.994648765433918891e-01
9.994421492923389883e-01
9.994421492923389883e-01
9.994772732257842796e-01
9.994607443036126471e-01
9.995000004768371804e-01
9.995020665905692825e-01
9.994917360219088831e-01
9.994917360219088831e-01
9.995413227514786669e-01
9.995619838887994657e-01
9.995433888652107690e-01
9.995041326919863467e-01
9.995640500025315678e-01
9.995681822299957719e-01
9.995785127986561713e-01
9.995661161162636699e-01
9.995537194215561305e-01
9.995144632729616729e-01
9.995785127986561713e-01
9.995743805711919672e-01
9.995599177627524368e-01
9.996053722771731653e-01
9.995805789123881624e-01
9.996157028458335647e-01
9.995929755824656260e-01
9.995991739359768591e-01
9.996012400497089612e-01
9.996177689595655558e-01
9.996074383909051564e-01
9.996342978694222614e-01
9.995723144574598651e-01
9.996157028458335647e-01
9.996301656419580572e-01
9.996528928930109581e-01
9.996239673007618620e-01
9.996198350732976579e-01
9.996714879165996548e-01
9.996404962106184566e-01
9.996219011870297599e-01
9.996570251204750512e-01
9.996239672884468241e-01
9.996549590067429492e-01
9.996363639831542525e-01
9.996611573479392554e-01
9.996776862577958500e-01
9.996983473951166488e-01
9.996694218028675527e-01
9.996838845989920452e-01
9.996983473951166488e-01
9.996797523715279521e-01
9.996962812813845467e-01
9.996549589944280223e-01
9.996859507127241473e-01
9.996983473951166488e-01
9.996900829401883515e-01
9.996838845989920452e-01
9.996942151676524446e-01
9.996570251081600134e-01
9.996735540303316458e-01
9.997252068736336428e-01
9.997045457363128440e-01
9.997004135088487509e-01
9.997169424187053455e-01
9.997107440775091503e-01
9.997293391010978469e-01
9.997004135088487509e-01
9.997128101912411413e-01
9.996962812813845467e-01
9.997252068736336428e-01
9.996859507004091094e-01
9.997066118500449461e-01
9.997066118500449461e-01
9.997231407599015407e-01
9.997376035560261442e-01
9.997190085324374476e-01
9.997169424187053455e-01
9.997272729873657449e-01
9.997376035560261442e-01
