2.825834202766418457e+01
5.647317004203796387e+01
8.467625522613525391e+01
1.127441840171813965e+02
1.411210541725158691e+02
1.696140570640563965e+02
1.981872990131378174e+02
2.267393400669097900e+02
2.552871520519256592e+02
2.838351480960845947e+02
3.124595670700073242e+02
3.410058209896087646e+02
3.695538802146911621e+02
3.981324410438537598e+02
4.263296961784362793e+02
4.593401291370391846e+02
4.946473400592803955e+02
5.223596711158752441e+02
5.547402691841125488e+02
5.854722800254821777e+02
6.140374162197113037e+02
6.425939161777496338e+02
6.713238379955291748e+02
6.998065941333770752e+02
7.285295481681823730e+02
7.570961391925811768e+02
7.858771581649780273e+02
8.150378921031951904e+02
8.436437630653381348e+02
8.726332511901855469e+02
9.036378772258758545e+02
9.353577032089233398e+02
9.678512110710144043e+02
9.965271391868591309e+02
1.025217799186706543e+03
1.054203419208526611e+03
1.082946561098098755e+03
1.111990799188613892e+03
1.146955420017242432e+03
1.181645920991897583e+03
1.207851900100708008e+03
1.237494046211242676e+03
1.266149996042251587e+03
1.295114894151687622e+03
1.323606374025344849e+03
1.352164458990097046e+03
1.381136583089828491e+03
1.409613884210586548e+03
1.438163303136825562e+03
1.466574892997741699e+03
1.495189291000366211e+03
1.523849107027053833e+03
1.552728644132614136e+03
1.581378535032272339e+03
1.610273715019226074e+03
1.639187966108322144e+03
1.667658560037612915e+03
1.696328229188919067e+03
1.725080146074295044e+03
1.757263714075088501e+03
1.788812610149383545e+03
1.819927821159362793e+03
1.854305898189544678e+03
1.882814560174942017e+03
1.911721938133239746e+03
1.940803539991378784e+03
1.969321830034255981e+03
1.998093272209167480e+03
2.027048079013824463e+03
2.055890258073806763e+03
2.084618205070495605e+03
2.113237904071807861e+03
2.141870805025100708e+03
2.170558075189590454e+03
2.199441373109817505e+03
2.228241286993026733e+03
2.256932663202285767e+03
2.285783192157745361e+03
2.314593525171279907e+03
2.343409456014633179e+03
2.372195887088775635e+03
2.401097145080566406e+03
2.429743849992752075e+03
2.458661149024963379e+03
2.487579042196273804e+03
2.516843919038772583e+03
2.536519430160522461e+03
2.555601095199584961e+03
2.574830905199050903e+03
2.591057741165161133e+03
2.603318014144897461e+03
2.614991991043090820e+03
2.626519921064376831e+03
2.638775651216506958e+03
2.650864928007125854e+03
2.662682184219360352e+03
2.678450673103332520e+03
2.695997945070266724e+03
2.714992588996887207e+03
2.730248135089874268e+03
