1.256424332719704162e-01
1.969639441515088144e-02
1.298083255319059520e-02
1.003803395858483827e-02
8.707262835384073016e-03
7.419827299539869837e-03
6.748953338382691035e-03
6.408017439796761736e-03
5.603427791980675719e-03
5.360545368174758456e-03
5.204528218541970043e-03
4.886964257638440681e-03
4.752532521890752253e-03
4.581419728164149406e-03
4.289019504486073393e-03
4.123577133091466465e-03
3.914770337448790841e-03
3.980794325100060760e-03
3.814685140748998778e-03
3.926477605088343412e-03
3.585602201604889700e-03
3.556062919399717408e-03
3.354035425719520836e-03
3.506785401412509245e-03
3.375289217900380966e-03
3.173696852742850447e-03
3.168984135076176063e-03
3.173997613170706934e-03
3.082588934189929662e-03
2.913551954221918830e-03
2.973352933489622259e-03
2.934148438921022495e-03
2.878803057568396755e-03
2.879988534508179897e-03
2.850042755331434231e-03
2.889580092150485259e-03
2.659136289409902171e-03
2.669816499257070784e-03
2.697780283468144240e-03
2.685539852222034070e-03
2.574934861546683898e-03
2.541529731225892607e-03
2.530018388503498666e-03
2.530443105413814238e-03
2.509869905332921119e-03
2.751725448296071710e-03
2.443599576343402548e-03
2.357953146667929843e-03
2.390375150569418183e-03
2.430195943139638014e-03
2.559937432020185227e-03
2.389071727520410224e-03
2.355039249674051142e-03
2.330292988029933777e-03
2.378678794828239206e-03
2.224768226030170073e-03
2.273912953876615611e-03
2.359654866062243714e-03
2.299946968661908259e-03
2.229372066967078448e-03
2.242663180065104529e-03
2.228411377982570610e-03
2.186228258272728420e-03
2.281125917469747910e-03
2.158697360865020811e-03
2.286071952940154934e-03
2.112441715105823140e-03
2.114801942088080644e-03
2.132575097199791887e-03
2.161371734700009636e-03
2.053844453321421182e-03
1.999176113103934716e-03
2.264039454640292669e-03
2.083282728817496040e-03
2.067990697592554054e-03
1.979344752077271188e-03
2.016897075614518253e-03
2.128018036185020875e-03
1.944233541915131981e-03
1.952851654782356179e-03
1.989098626835319669e-03
2.000238028964056950e-03
2.105730012276096907e-03
1.928859988700067779e-03
1.914915488036906784e-03
1.929182402560411427e-03
1.946441590123535468e-03
2.003930417563358577e-03
1.988375132474282971e-03
1.927895822892637277e-03
1.961773603679497005e-03
1.906948924830789748e-03
1.876395100811992537e-03
2.065087458858495643e-03
1.801665404823588100e-03
1.843396464874496720e-03
1.863962805104050742e-03
1.890991963662784188e-03
1.897014803671845905e-03
1.779071570119924268e-03
