1.256721965007460973e-01
2.000081435724811868e-02
1.332734820600368214e-02
1.034106285825890301e-02
8.586491883632198577e-03
7.448842404561174281e-03
6.807732838506652499e-03
6.307804850110202907e-03
5.845061935904911216e-03
5.735082316730331919e-03
5.165266730678426572e-03
4.787339407574123587e-03
4.630272404932282530e-03
4.463231788704885052e-03
4.332627890383542422e-03
4.207088636848469246e-03
4.169779299536458331e-03
3.844792714278825411e-03
4.119144502504594289e-03
3.730047359563324217e-03
3.622922205160708509e-03
3.588906584825377142e-03
3.443028996139406959e-03
3.636598978165832621e-03
3.164108252421409841e-03
3.261104340363315569e-03
3.046014146651611094e-03
3.170088898753622899e-03
2.995036468172664230e-03
3.197821378060791437e-03
2.849104555612067512e-03
2.810547265944140453e-03
2.800395686908964399e-03
3.010057004377460210e-03
2.671599256649086294e-03
2.756769100068602769e-03
2.686496579143719983e-03
2.671378198894393870e-03
2.668724840637795841e-03
2.893899645433964645e-03
2.555479856586173777e-03
2.654661971391122054e-03
2.564775483788083853e-03
2.435580480634733959e-03
2.597901368906695239e-03
2.385210214567003509e-03
2.452279781355661947e-03
2.538392084876937935e-03
2.529963234181426945e-03
2.404290483884252878e-03
2.429171395398731052e-03
2.298911300230784514e-03
2.822540152894741691e-03
2.354028903809746425e-03
2.284475141236782473e-03
2.171054757590249601e-03
2.466039243297980452e-03
2.293616850436898478e-03
2.205553155393981390e-03
2.282422953150900751e-03
2.179514406471492333e-03
2.135951514563434045e-03
2.183847744770126692e-03
2.265802808973883462e-03
2.293664966351553845e-03
2.133482751005881962e-03
2.135154267331282763e-03
2.116182323010677106e-03
2.069201809768660659e-03
2.041138294512710727e-03
2.106373971647016678e-03
2.060484347975192077e-03
2.227417437399683946e-03
2.169613637840422330e-03
1.978636164526618654e-03
2.090457603940767614e-03
1.968044477506895092e-03
2.065278092865579194e-03
1.958115502105830727e-03
2.163090039550893268e-03
2.147874894683495829e-03
1.874270097664520931e-03
1.970174538808598316e-03
2.023547838870087649e-03
1.920286335422008526e-03
1.912627828975852233e-03
1.884386280220419615e-03
1.922383950656628019e-03
1.925719785045795947e-03
1.864337902476632253e-03
1.853214124229869177e-03
1.940270602829397744e-03
1.910104953977324362e-03
1.893494474343890678e-03
1.850318358372040695e-03
1.809035243813932872e-03
1.916183010585555558e-03
1.825851539885360022e-03
1.913562700029969484e-03
1.821413503300385768e-03
