2.822251701354980469e+01
5.655177998542785645e+01
8.498429107666015625e+01
1.133611559867858887e+02
1.416969890594482422e+02
1.699787540435791016e+02
1.985339941978454590e+02
2.270400471687316895e+02
2.552966430187225342e+02
2.837369630336761475e+02
3.122132091522216797e+02
3.407370500564575195e+02
3.692241241931915283e+02
3.976984331607818604e+02
4.262083411216735840e+02
4.584057571887969971e+02
4.912861800193786621e+02
5.230812890529632568e+02
5.537131381034851074e+02
5.828990721702575684e+02
6.112265980243682861e+02
6.397022471427917480e+02
6.681853630542755127e+02
6.966589121818542480e+02
7.253381481170654297e+02
7.536890630722045898e+02
7.822964861392974854e+02
8.110722000598907471e+02
8.396211550235748291e+02
8.683187229633331299e+02
9.000149011611938477e+02
9.327089090347290039e+02
9.625825490951538086e+02
9.910968861579895020e+02
1.019392775058746338e+03
1.047801774978637695e+03
1.076261927127838135e+03
1.106074656963348389e+03
1.133961322069168091e+03
1.166614174127578735e+03
1.199019837141036987e+03
1.229268980026245117e+03
1.257448935031890869e+03
1.286130691051483154e+03
1.314489855051040649e+03
1.343304382085800171e+03
1.372000131130218506e+03
1.400647260189056396e+03
1.429034785985946655e+03
1.457522284984588623e+03
1.485879650115966797e+03
1.514453680992126465e+03
1.542784446001052856e+03
1.571281059980392456e+03
1.599827093124389648e+03
1.628413145065307617e+03
1.656926784038543701e+03
1.685409716129302979e+03
1.713845962047576904e+03
1.743246427059173584e+03
1.778910732984542847e+03
1.817471750974655151e+03
1.845684118986129761e+03
1.874592936038970947e+03
1.903536456108093262e+03
1.932568988084793091e+03
1.961353482007980347e+03
1.990091876983642578e+03
2.019029990196228027e+03
2.048080386161804199e+03
2.076822345018386841e+03
2.106041635990142822e+03
2.135185696125030518e+03
2.163931478977203369e+03
2.192944184064865112e+03
2.221835667133331299e+03
2.250513365030288696e+03
2.279146507024765015e+03
2.308062087059020996e+03
2.336450170040130615e+03
2.365018884181976318e+03
2.393656218051910400e+03
2.422278052091598511e+03
2.434031183004379272e+03
2.445552363157272339e+03
2.457763367176055908e+03
2.469447973012924194e+03
2.480505766153335571e+03
2.492151415109634399e+03
2.505698282003402710e+03
2.522409342050552368e+03
2.540685194969177246e+03
2.560788779020309448e+03
2.581201920032501221e+03
2.593419939041137695e+03
2.605639137983322144e+03
2.617101932048797607e+03
2.628974236965179443e+03
2.641186702013015747e+03
2.652945337057113647e+03
