2.820025777816772461e+01
6.851017498970031738e+01
1.072957468032836914e+02
1.487087049484252930e+02
1.880557188987731934e+02
2.278251309394836426e+02
2.670859568119049072e+02
3.058186728954315186e+02
3.459603979587554932e+02
3.873449158668518066e+02
4.289387209415435791e+02
4.697988209724426270e+02
5.100185608863830566e+02
5.493554728031158447e+02
5.878432068824768066e+02
6.266936869621276855e+02
6.655806748867034912e+02
7.057380468845367432e+02
7.451070079803466797e+02
7.847543499469757080e+02
8.236548089981079102e+02
8.635051729679107666e+02
9.031442279815673828e+02
9.446529219150543213e+02
9.851842877864837646e+02
1.024382059812545776e+03
1.064249307870864868e+03
1.103902902841567993e+03
1.144834941864013672e+03
1.184297786951065063e+03
1.224553284883499146e+03
1.263840020895004272e+03
1.305821793794631958e+03
1.346468874931335449e+03
1.384841538906097412e+03
1.424315921783447266e+03
1.464290232896804810e+03
1.505205326795578003e+03
1.546245203971862793e+03
1.587539166927337646e+03
1.626807104825973511e+03
1.665606390953063965e+03
1.705469645977020264e+03
1.745601318836212158e+03
1.785826227903366089e+03
1.827351372957229614e+03
1.869771522998809814e+03
1.911794724941253662e+03
1.953867036819458008e+03
1.995901628971099854e+03
2.038074449777603149e+03
2.079992666006088257e+03
2.121768929958343506e+03
2.163775523900985718e+03
2.205758680820465088e+03
2.247546255826950073e+03
2.289328391790390015e+03
2.331654356956481934e+03
2.373787942886352539e+03
2.415712800979614258e+03
2.457407236814498901e+03
2.499335823774337769e+03
2.541482884883880615e+03
2.583306485891342163e+03
2.625522588968276978e+03
2.667375822782516479e+03
2.709594026803970337e+03
2.751641743898391724e+03
2.794067303895950317e+03
2.836127763986587524e+03
2.878227288961410522e+03
2.920219365835189819e+03
2.961962633848190308e+03
3.003567813873291016e+03
3.045368723869323730e+03
3.087324710845947266e+03
3.129173521995544434e+03
3.170844623804092407e+03
3.212653700828552246e+03
3.254394959926605225e+03
3.296788887977600098e+03
3.338717100858688354e+03
3.380704568862915039e+03
3.422215807914733887e+03
3.463925177812576294e+03
3.505696163892745972e+03
3.547516007900238037e+03
3.589605849981307983e+03
3.631506351947784424e+03
3.673360904932022095e+03
3.715536859989166260e+03
3.744290797948837280e+03
3.763094398975372314e+03
3.782071313858032227e+03
3.801182090997695923e+03
3.820236591815948486e+03
3.839195721864700317e+03
3.858584638833999634e+03
3.877714591979980469e+03
3.896750105857849121e+03
