9.864690163349809637e-01
9.953243845627327557e-01
9.978140516591466058e-01
9.985020675319284944e-01
9.988037201491268835e-01
9.989979348399422587e-01
9.990909099455707043e-01
9.991136372089386430e-01
9.992252073504708232e-01
9.992644634867502429e-01
9.992706618525765139e-01
9.993285130370747060e-01
9.993615708567878952e-01
9.993264469233426039e-01
9.994008270176973907e-01
9.993760336529124988e-01
9.994256203824823936e-01
9.994793393395163816e-01
9.994648765433918891e-01
9.994752071120521775e-01
9.994462815198030814e-01
9.994607443159276849e-01
9.994917360219088831e-01
9.994958682493729762e-01
9.994731409736901107e-01
9.994690087585409444e-01
9.994648765433918891e-01
9.995309921828183786e-01
9.995330582965503696e-01
9.995041327043012735e-01
9.995082649317654777e-01
9.995123971592295709e-01
9.995392566377466759e-01
9.995413227514786669e-01
9.995785127986561713e-01
9.995247938416220723e-01
9.995454549789428711e-01
9.995309921828183786e-01
9.995743805711919672e-01
9.995867772535844686e-01
9.995516533201390663e-01
9.995702483437277630e-01
9.995971078222448680e-01
9.996219011870297599e-01
9.996115706183693606e-01
9.995867772535844686e-01
9.996177689595655558e-01
9.996115706183693606e-01
9.996095045046372585e-01
9.995661161162636699e-01
9.995578516613353726e-01
9.996219011870297599e-01
9.996487606655467539e-01
9.996177689595655558e-01
9.996363639831542525e-01
9.996590912342071533e-01
9.996694218028675527e-01
9.996590912342071533e-01
9.996466945518146519e-01
9.996363639831542525e-01
9.996756201440637479e-01
9.996466945518146519e-01
9.997004135088487509e-01
9.996714879165996548e-01
9.996776862577958500e-01
9.996404962106184566e-01
9.996714879165996548e-01
9.996776862577958500e-01
9.996797523715279521e-01
9.996652895754033485e-01
9.997210746461694386e-01
9.996983473951166488e-01
9.996838845989920452e-01
9.997128101912411413e-01
9.996838845989920452e-01
9.996900829401883515e-01
9.997066118500449461e-01
9.997066118500449461e-01
9.996921490539204536e-01
9.996942151676524446e-01
9.997086779637770482e-01
9.997045457363128440e-01
9.997045457363128440e-01
9.996983473951166488e-01
9.997376035560261442e-01
9.997086779637770482e-01
9.997293391010978469e-01
9.997272729873657449e-01
9.997128101912411413e-01
9.997169424187053455e-01
9.997231407599015407e-01
9.997086779637770482e-01
9.997376035560261442e-01
9.997272729873657449e-01
9.997376035560261442e-01
9.997272729873657449e-01
9.997500002384185347e-01
9.997148763049732434e-01
9.997086779637770482e-01
9.997438018972223395e-01
