1.856743597984313965e+01
3.693064618110656738e+01
5.563517904281616211e+01
7.408456397056579590e+01
9.209196519851684570e+01
1.112099859714508057e+02
1.299648621082305908e+02
1.471277010440826416e+02
1.674332101345062256e+02
1.857153451442718506e+02
2.037163531780242920e+02
2.210067470073699951e+02
2.382143940925598145e+02
2.579969880580902100e+02
2.760656580924987793e+02
2.910457201004028320e+02
3.080925891399383545e+02
3.260272371768951416e+02
3.502203340530395508e+02
3.863984940052032471e+02
4.216860899925231934e+02
4.579777781963348389e+02
4.939292821884155273e+02
5.296559391021728516e+02
5.665578801631927490e+02
6.032354090213775635e+02
6.383474609851837158e+02
6.735421571731567383e+02
7.093837151527404785e+02
7.444741220474243164e+02
7.803384521007537842e+02
8.164321610927581787e+02
8.514935610294342041e+02
8.878517270088195801e+02
9.248282151222229004e+02
9.620832622051239014e+02
9.986360991001129150e+02
1.034616224050521851e+03
1.071145285129547119e+03
1.107778940200805664e+03
1.144030539989471436e+03
1.180596862077713013e+03
1.217004692077636719e+03
1.252041352033615112e+03
1.288407169103622437e+03
1.324257205009460449e+03
1.360765202045440674e+03
1.397338972091674805e+03
1.434404555082321167e+03
1.471094596147537231e+03
1.506947720050811768e+03
1.543390935182571411e+03
1.580147845029830933e+03
1.615882875204086304e+03
1.650551489114761353e+03
1.686452242136001587e+03
1.722093877077102661e+03
1.758451366186141968e+03
1.795535871982574463e+03
1.832542010068893433e+03
1.868792824983596802e+03
1.904635626077651978e+03
1.941052613973617554e+03
1.977520951986312866e+03
2.014840911149978638e+03
2.051079323053359985e+03
2.086312602043151855e+03
2.123046445131301880e+03
2.160131124973297119e+03
2.197757208108901978e+03
2.234527212142944336e+03
2.269683017015457153e+03
2.305224091053009033e+03
2.340880419015884399e+03
2.376208172082901001e+03
2.412848051071166992e+03
2.449311861038208008e+03
2.485477854013442993e+03
2.520081740140914917e+03
2.556470095157623291e+03
2.592547340154647827e+03
2.629524878978729248e+03
2.666626758098602295e+03
2.703638037204742432e+03
2.738481412172317505e+03
2.774546689987182617e+03
2.810781993150711060e+03
2.846921435117721558e+03
2.882401308059692383e+03
2.916715138196945190e+03
2.953521094083786011e+03
2.988337285995483398e+03
3.023727058172225952e+03
3.059086390018463135e+03
3.096066169023513794e+03
3.131033236026763916e+03
3.166395015001296997e+03
3.202977193117141724e+03
3.238960571050643921e+03
3.276156733989715576e+03
