9.961962838064540859e-01
9.990268604321913548e-01
9.991549594835801296e-01
9.992396701465953157e-01
9.992913229898973126e-01
9.992954552173614058e-01
9.993243808096105019e-01
9.993264469233426039e-01
9.993347113782709012e-01
9.993326452645387992e-01
9.993450419469313006e-01
9.993801658803765919e-01
9.993491741743955048e-01
9.993719014254482946e-01
9.993966947902332976e-01
9.993904964490369913e-01
9.994111575863577901e-01
9.994421492923389883e-01
9.994214881550181895e-01
9.994607443159276849e-01
9.994545459747314897e-01
9.994607443159276849e-01
9.994462815198030814e-01
9.994607443159276849e-01
9.994690087708559822e-01
9.994504137472672856e-01
9.994669426571238802e-01
9.994814054532484837e-01
9.995000004768371804e-01
9.994958682493729762e-01
9.994586782021955829e-01
9.994772732257842796e-01
9.995206616141579792e-01
9.995144632729616729e-01
9.994938021356408742e-01
9.995289260690862765e-01
9.995268599553541744e-01
9.995289260690862765e-01
9.995165293866937750e-01
9.995020665905692825e-01
9.995392566377466759e-01
9.995247938416220723e-01
9.995123971592295709e-01
9.995640500025315678e-01
9.995578516613353726e-01
9.995371905240145738e-01
9.995413227514786669e-01
9.995268599553541744e-01
9.995475210926749732e-01
9.995330582965503696e-01
9.995537194338711684e-01
9.995723144574598651e-01
9.995847111398523666e-01
9.995702483437277630e-01
9.995475210926749732e-01
9.995557855476032705e-01
9.995599177750673636e-01
9.995826450261202645e-01
9.995764466849240693e-01
9.995826450261202645e-01
9.995805789123881624e-01
9.995661161162636699e-01
9.995991739359768591e-01
9.995867772535844686e-01
9.995702483437277630e-01
9.995950417085127659e-01
9.996012400497089612e-01
9.995971078222448680e-01
9.995971078222448680e-01
9.995847111398523666e-01
9.996033061634410632e-01
9.996033061634410632e-01
9.995785127986561713e-01
9.995929755947806639e-01
9.995971078222448680e-01
9.995971078222448680e-01
9.996198350732976579e-01
9.996280995282259552e-01
9.996301656419580572e-01
9.995971078222448680e-01
9.996260334144938531e-01
9.996219011870297599e-01
9.996219011870297599e-01
9.995826450261202645e-01
9.996115706183693606e-01
9.996425623243505587e-01
9.996053722771731653e-01
9.996322317556901593e-01
9.996342978694222614e-01
9.996590912342071533e-01
9.996570251204750512e-01
9.996446284380826608e-01
9.996384300968863545e-01
9.996177689595655558e-01
9.996384300968863545e-01
9.996384300968863545e-01
9.996280995282259552e-01
9.996528928930109581e-01
9.996466945518146519e-01
9.996239673007618620e-01
