9.959607470257223483e-01
9.989979348399422587e-01
9.991570255973122316e-01
9.991776867346330304e-01
9.992561990564520213e-01
9.992582651578690855e-01
9.992809924212369133e-01
9.993553725155917000e-01
9.993367774920030033e-01
9.993471080606634027e-01
9.993512402881276069e-01
9.993202485821464087e-01
9.993946286765011955e-01
9.993822319941086940e-01
9.993987609039652886e-01
9.994028931314294928e-01
9.993739675391803967e-01
9.994297526099464868e-01
9.994132237000898922e-01
9.994008270176973907e-01
9.994318187236785889e-01
9.994400831786068862e-01
9.994318187236785889e-01
9.994462815198030814e-01
9.994524798609993876e-01
9.994752071120521775e-01
9.994814054532484837e-01
9.994421492923389883e-01
9.994938021356408742e-01
9.995000004768371804e-01
9.994648765433918891e-01
9.995041327043012735e-01
9.994793393395163816e-01
9.994876037944446789e-01
9.994896699081767810e-01
9.994938021356408742e-01
9.995123971592295709e-01
9.994855376807125769e-01
9.995227277278899702e-01
9.995020665905692825e-01
9.995268599553541744e-01
9.995268599553541744e-01
9.995268599553541744e-01
9.995103310454975798e-01
9.994979343631050783e-01
9.995475210926749732e-01
9.995309921828183786e-01
9.995165293866937750e-01
9.995537194338711684e-01
9.995495872064070753e-01
9.995516533201390663e-01
9.995371905240145738e-01
9.995578516613353726e-01
9.995392566377466759e-01
9.995351244102824717e-01
9.995599177750673636e-01
9.995495872064070753e-01
9.995475210926749732e-01
9.995640500025315678e-01
9.995392566377466759e-01
9.995929755947806639e-01
9.995516533201390663e-01
9.995599177750673636e-01
9.995371905240145738e-01
9.995681822299957719e-01
9.995702483437277630e-01
9.995950417085127659e-01
9.995847111398523666e-01
9.995723144574598651e-01
9.995785127986561713e-01
9.995661161162636699e-01
9.995743805711919672e-01
9.995723144574598651e-01
9.995805789123881624e-01
9.995867772535844686e-01
9.995743805711919672e-01
9.995764466849240693e-01
9.995888433673164597e-01
9.995867772535844686e-01
9.996012400497089612e-01
9.996177689595655558e-01
9.996033061634410632e-01
9.995991739359768591e-01
9.995888433673164597e-01
9.996074383909051564e-01
9.996219011870297599e-01
9.996425623243505587e-01
9.996136367321014626e-01
9.996280995282259552e-01
9.996074383909051564e-01
9.996095045046372585e-01
9.996219011870297599e-01
9.996280995282259552e-01
9.996074383909051564e-01
9.996363639831542525e-01
9.996342978694222614e-01
9.996074383909051564e-01
9.996425623243505587e-01
9.996260334144938531e-01
9.996053722771731653e-01
