5.036029777499704402e-02
6.194979924728328396e-03
4.664659929172062028e-03
4.052449935904803811e-03
3.652483446018800223e-03
3.391853104409721115e-03
3.254418882470944217e-03
3.107367258435110319e-03
2.978982356228901222e-03
2.833935530102167991e-03
2.784705042529461456e-03
2.739896817304026018e-03
2.647568237796443444e-03
2.580320387439938735e-03
2.575762289719827226e-03
2.494687482187356656e-03
2.463211956186689595e-03
2.398558634335627715e-03
2.371284954486417833e-03
2.395340306842371533e-03
2.343189154242447236e-03
2.345959534693614363e-03
2.275690891766384612e-03
2.274343104152814696e-03
2.182143921036110764e-03
2.227490017661475953e-03
2.154809327768538590e-03
2.142849898637898091e-03
2.171075101073688656e-03
2.176752127963316706e-03
2.037370010434605156e-03
2.024702671786685493e-03
2.083684060080711817e-03
2.042480304359933687e-03
2.029375224166911091e-03
2.026235818103178880e-03
2.027350608119181993e-03
1.957241008040564063e-03
1.952206621347873060e-03
1.981440778720843128e-03
1.940337618129831703e-03
1.920766577486086044e-03
1.931571307910729014e-03
1.929414424660080927e-03
1.860067516366496840e-03
1.863624643325963387e-03
1.864234338751437695e-03
1.845293822730747482e-03
1.870918130564330024e-03
1.806588507660334374e-03
1.823563696808699550e-03
1.842366116956372550e-03
1.776647250445301121e-03
1.823632817341934746e-03
1.777738494109685303e-03
1.766524514439734954e-03
1.779557201757503903e-03
1.771161660289780363e-03
1.732188852565929270e-03
1.684802430123954467e-03
1.714000994504592855e-03
1.737636271273445849e-03
1.678176243555334944e-03
1.687125109366772405e-03
1.667467922862521596e-03
1.685067282110966694e-03
1.682432034169120856e-03
1.696640027851746861e-03
1.621817033465415992e-03
1.603830711605988861e-03
1.648946681279383911e-03
1.647477044036428856e-03
1.627391110741177897e-03
1.605711641119822930e-03
1.627648582284385841e-03
1.656793523516227702e-03
1.579254522480927868e-03
1.565521103873661465e-03
1.551031900762684518e-03
1.607709262623067525e-03
1.564228583484045124e-03
1.529012503978098786e-03
1.555089864071006103e-03
1.564513277793225937e-03
1.551602350583081245e-03
1.551194780796173907e-03
1.550261383500660308e-03
1.509212718157976023e-03
1.551893885142157856e-03
1.490473954947478920e-03
1.511731242631536055e-03
1.560978957970493054e-03
1.505941413827897521e-03
1.473468002804649438e-03
1.481143096916423324e-03
1.472943299463439501e-03
1.474457385557226968e-03
1.435454439702149327e-03
1.413236804033848404e-03
1.461627016695998815e-03
