1.264504104882020752e-01
1.893961064728921784e-02
1.282260146424749579e-02
1.023170769126597116e-02
8.641410914914415473e-03
7.689446554920796768e-03
6.854452493920810095e-03
6.400541139283474554e-03
5.885974647489175537e-03
5.627687844454225437e-03
5.300799720268612250e-03
4.931362611337549058e-03
4.860363656010400005e-03
4.548156953208768241e-03
4.435896791643650743e-03
4.249561719179912461e-03
4.071781704698713457e-03
4.024442313226801737e-03
3.855949176785776564e-03
3.728427464261021857e-03
3.569360606148575497e-03
3.629382329591103549e-03
3.398758150626596686e-03
3.309541786316266918e-03
3.281904777752571965e-03
3.465585526708850773e-03
3.240764251566075407e-03
2.955991970926965390e-03
3.444797822720649296e-03
2.938203798645897154e-03
2.938149439067777938e-03
2.963296970685503143e-03
2.816815874084117443e-03
2.810861602579054364e-03
2.775285392240108180e-03
2.784739256465452659e-03
2.660877648062230476e-03
2.680741021660561305e-03
2.716326347218673328e-03
2.538401895529107059e-03
2.662500320857060909e-03
2.640357966509680743e-03
2.542939266878563222e-03
2.454593895708497529e-03
2.428371108177626494e-03
2.379075520696193654e-03
2.402672729213027863e-03
2.555314815385865100e-03
2.857416433225864246e-03
2.324894073112322278e-03
2.371176400190750776e-03
2.387863602750956837e-03
2.396786444813352960e-03
2.577188674744910341e-03
2.265622959921228564e-03
2.238113226139304673e-03
2.451103615918658572e-03
2.161440460403954694e-03
2.257773140312685761e-03
2.307611696159263693e-03
2.258255826167675315e-03
2.129546840210902545e-03
2.177491575630840451e-03
2.110704894468328971e-03
2.173962312385839188e-03
2.121080171892301622e-03
2.460599557607593725e-03
2.103600133041386242e-03
2.201934178821720895e-03
2.224243317064610124e-03
2.077549325619002830e-03
2.148779249981649497e-03
2.069302361129276516e-03
2.074385268244210035e-03
2.051298329133235867e-03
1.970677843198907070e-03
2.095279341508421607e-03
2.081913353261610842e-03
2.084024904143721123e-03
1.928728014936759074e-03
1.970119864197076090e-03
2.083470102548727783e-03
1.937778599774860229e-03
1.939814397932825354e-03
2.018595102104555478e-03
1.958406088563940679e-03
1.927835236610194033e-03
1.894513883267675593e-03
2.004387814053675432e-03
1.961041836820302028e-03
1.958453119274239113e-03
1.878715311955890793e-03
1.888960229074202390e-03
1.890491365364043710e-03
1.853864239071265595e-03
1.961536831594193082e-03
1.879035698438481566e-03
1.888980687442560081e-03
1.866675148217599367e-03
1.853254606175783539e-03
