5.025023132255242858e-02
6.259798623729941405e-03
4.852854059602630318e-03
4.209199837612326127e-03
3.796616181942166681e-03
3.483748144000765792e-03
3.316571282876861187e-03
3.173378362876703648e-03
3.078406249975264991e-03
2.965990201187384406e-03
2.922097637653399936e-03
2.769028263849554819e-03
2.722797954383100218e-03
2.666050622617547466e-03
2.609994119024317775e-03
2.545929311569230646e-03
2.515189441595237947e-03
2.418943333714196255e-03
2.408555794178283624e-03
2.407035491406975519e-03
2.336141048152599008e-03
2.328577769061711961e-03
2.251556537183295719e-03
2.286489536118848590e-03
2.225618595232935377e-03
2.244507022066485110e-03
2.185378391747825558e-03
2.185238069941537308e-03
2.149354752074475634e-03
2.096494695849497776e-03
2.124679550770677307e-03
2.093145995051735268e-03
2.087108678137915025e-03
2.069044476740585729e-03
2.011836075554910772e-03
2.015251026160542937e-03
1.983452071903237402e-03
1.998459593497417617e-03
1.958514833844945090e-03
1.980075263852146272e-03
1.922868632335987928e-03
1.934565213793880238e-03
1.896960814013420307e-03
1.909852755357665166e-03
1.889793252942577762e-03
1.885178420057621873e-03
1.843550826284130967e-03
1.875968053413980046e-03
1.829478456822794486e-03
1.829479930970798890e-03
1.795120572531378519e-03
1.825775546916240128e-03
1.790407194961750239e-03
1.808974119974058985e-03
1.762516381854381010e-03
1.757206329506617827e-03
1.787405319059176372e-03
1.775469916140598936e-03
1.771323433648801108e-03
1.766017187118448274e-03
1.680119343411088078e-03
1.735693977274345608e-03
1.683652024725231953e-03
1.700511182205197798e-03
1.713942835124553261e-03
1.673750321892632882e-03
1.684408951536929414e-03
1.638410987813739960e-03
1.705221618344985712e-03
1.673211820710888758e-03
1.657367705608328145e-03
1.641823580287240939e-03
1.615200014849837084e-03
1.669527375480865878e-03
1.703655732429357281e-03
1.611763314970777322e-03
1.667120409671843124e-03
1.609965414279354622e-03
1.638046040778911704e-03
1.597983201979091524e-03
1.621660260320353193e-03
1.597269975405738503e-03
1.579567594232820539e-03
1.592983676100451522e-03
1.580155764617756234e-03
1.519815337834279747e-03
1.584513571760710893e-03
1.546800370626220771e-03
1.579279508654102401e-03
1.549478424107769486e-03
1.582681420676182969e-03
1.540027010313658367e-03
1.499190708307384387e-03
1.548543520984497828e-03
1.542517221214664402e-03
1.547066546218066590e-03
1.487875148684630628e-03
1.516942179421949376e-03
1.504514653081110440e-03
1.517696435954783143e-03
