5.119619814949379760e-02
6.153834205605945851e-03
4.617721970390440724e-03
4.003259128127737917e-03
3.521665585291832139e-03
3.298504558085918036e-03
3.106211328683028926e-03
3.042522809780414360e-03
2.871877280508181463e-03
2.706322248134012190e-03
2.681734119048560794e-03
2.571299446709635842e-03
2.530767087809789994e-03
2.460875243886679470e-03
2.419081031118464585e-03
2.408640182752868914e-03
2.327607342989015862e-03
2.276798063212481706e-03
2.270474222939450077e-03
2.294735338107198493e-03
2.149259539424927621e-03
2.198269140508498590e-03
2.156775544645930017e-03
2.050733042101230384e-03
2.054516883255988469e-03
2.090869409190147452e-03
2.034604716658021308e-03
2.029515361568732818e-03
1.984730113931130243e-03
1.920615742566711111e-03
1.962264569950333912e-03
1.905840732867511910e-03
1.894131411020958441e-03
1.902968513894667596e-03
1.894854256164958239e-03
1.843776638781664595e-03
1.854810855782541542e-03
1.858750784055347716e-03
1.831561320192359168e-03
1.795052648495877546e-03
1.753564334571237459e-03
1.773422981970578611e-03
1.730230331750774340e-03
1.759509404302459163e-03
1.744328509580404633e-03
1.721881622774076208e-03
1.714124728877969295e-03
1.693759609593200330e-03
1.715535979635265940e-03
1.744355565306024815e-03
1.707954578614167239e-03
1.670471579584331245e-03
1.652363453370691692e-03
1.648759522171143856e-03
1.648638238799032211e-03
1.630348409872466042e-03
1.625830947788733548e-03
1.562747978032874487e-03
1.565368028005426895e-03
1.567703870643690324e-03
1.593476667457241740e-03
1.579707297198055518e-03
1.559173553082210525e-03
1.537467455663015610e-03
1.543969064557999859e-03
1.561555446863661370e-03
1.569358711690359721e-03
1.524996523592521587e-03
1.516757362185780804e-03
1.517501609080678347e-03
1.520512731671427777e-03
1.523725385763793818e-03
1.491568969853347996e-03
1.529714025715384410e-03
1.530545565825858732e-03
1.511211691134409403e-03
1.466452803528131435e-03
1.467004417754078343e-03
1.471972070373231108e-03
1.435297364478521675e-03
1.436410549794451662e-03
1.501761640150202273e-03
1.417964712279913509e-03
1.445567813729858918e-03
1.389146626457313499e-03
1.386237050586966489e-03
1.448936680332227464e-03
1.435946488157337046e-03
1.380529250401719239e-03
1.362725269477458537e-03
1.368290811182721559e-03
1.367622673240067839e-03
1.389153438494669787e-03
1.392087569129385732e-03
1.345191463389850501e-03
1.367604928711517974e-03
1.436982310682020101e-03
1.406398405174678207e-03
1.343350716319688127e-03
1.293196013398019385e-03
