2.108477687835693359e+01
4.176564979553222656e+01
6.236774086952209473e+01
8.342961883544921875e+01
1.045256137847900391e+02
1.263086359500885010e+02
1.503841547966003418e+02
1.786266138553619385e+02
2.040531089305877686e+02
2.258990797996520996e+02
2.468661248683929443e+02
2.681207358837127686e+02
2.891980829238891602e+02
3.102706677913665771e+02
3.316903598308563232e+02
3.528092727661132812e+02
3.739781517982482910e+02
3.950031957626342773e+02
4.161457297801971436e+02
4.371463577747344971e+02
4.589342718124389648e+02
4.800837979316711426e+02
5.017215909957885742e+02
5.225499279499053955e+02
5.434023578166961670e+02
5.644108579158782959e+02
5.855058448314666748e+02
6.064454557895660400e+02
6.273744688034057617e+02
6.484434437751770020e+02
6.699796469211578369e+02
6.910172779560089111e+02
7.122720239162445068e+02
7.332595548629760742e+02
7.542026338577270508e+02
7.752891888618469238e+02
7.960802619457244873e+02
8.171403739452362061e+02
8.383506808280944824e+02
8.591039748191833496e+02
8.803694458007812500e+02
9.015340628623962402e+02
9.223076829910278320e+02
9.394369518756866455e+02
9.506865489482879639e+02
9.621063818931579590e+02
9.743295099735260010e+02
9.860562179088592529e+02
9.970480349063873291e+02
1.008501734972000122e+03
1.020944014787673950e+03
1.032244206905364990e+03
1.043522373914718628e+03
1.055491190910339355e+03
1.067382506847381592e+03
1.078380615949630737e+03
1.089866772890090942e+03
1.101939827919006348e+03
1.113727785825729370e+03
1.124773559808731079e+03
1.136641686916351318e+03
1.148675519943237305e+03
1.160234896898269653e+03
1.171468376874923706e+03
1.183320534944534302e+03
1.195331687927246094e+03
1.206366149902343750e+03
1.217732387781143188e+03
1.230034797906875610e+03
1.241060531854629517e+03
1.252315945863723755e+03
1.263744128942489624e+03
1.275220283985137939e+03
1.286390673875808716e+03
1.297517994880676270e+03
1.308789385795593262e+03
1.320678236961364746e+03
1.331916449785232544e+03
1.343004869937896729e+03
1.354598334789276123e+03
1.366467199802398682e+03
1.377646721839904785e+03
1.388820128917694092e+03
1.400584599971771240e+03
1.412251766920089722e+03
1.423381363868713379e+03
1.434691149950027466e+03
1.446563997983932495e+03
1.457907802820205688e+03
1.468989604949951172e+03
1.480199202775955200e+03
1.492128503799438477e+03
1.503796143770217896e+03
1.514847796916961670e+03
1.526397756814956665e+03
1.538982274770736694e+03
1.550496462821960449e+03
1.561539043903350830e+03
1.573727887868881226e+03
1.585709903955459595e+03
