1.829794001579284668e+01
3.780042195320129395e+01
5.455924987792968750e+01
7.142464208602905273e+01
9.038026690483093262e+01
1.104648699760437012e+02
1.281425888538360596e+02
1.459955160617828369e+02
1.636918809413909912e+02
1.836513528823852539e+02
2.033086218833923340e+02
2.216181499958038330e+02
2.382268130779266357e+02
2.550579860210418701e+02
2.744852828979492188e+02
2.941912169456481934e+02
3.118125228881835938e+02
3.283847479820251465e+02
3.456063840389251709e+02
3.646567299365997314e+02
3.849655690193176270e+02
4.038009979724884033e+02
4.241194519996643066e+02
4.415210270881652832e+02
4.582988889217376709e+02
4.746584460735321045e+02
4.915475900173187256e+02
5.087836029529571533e+02
5.254994418621063232e+02
5.438539369106292725e+02
5.625447080135345459e+02
5.793520450592041016e+02
5.965558779239654541e+02
6.142098250389099121e+02
6.335522480010986328e+02
6.514496519565582275e+02
6.694873960018157959e+02
6.904454569816589355e+02
7.089012830257415771e+02
7.258095068931579590e+02
7.440441708564758301e+02
7.627836439609527588e+02
7.838236210346221924e+02
8.007496888637542725e+02
8.186347270011901855e+02
8.362868390083312988e+02
8.546926779747009277e+02
8.717013158798217773e+02
8.888711099624633789e+02
9.060091719627380371e+02
9.236648249626159668e+02
9.408329188823699951e+02
9.584875049591064453e+02
9.767801520824432373e+02
9.965027940273284912e+02
1.017694163084030151e+03
1.035675025939941406e+03
1.056970237016677856e+03
1.075595865011215210e+03
1.095313751935958862e+03
1.115602292060852051e+03
1.134074159860610962e+03
1.153315711021423340e+03
1.170465847969055176e+03
1.189082550048828125e+03
1.205956264972686768e+03
1.224430158853530884e+03
1.241664115905761719e+03
1.259117846965789795e+03
1.277344546079635620e+03
1.298691989898681641e+03
1.317066796064376831e+03
1.334812614917755127e+03
1.352243206977844238e+03
1.370243500947952271e+03
1.389970223903656006e+03
1.408098860025405884e+03
1.426602360963821411e+03
1.444967630863189697e+03
1.463028884887695312e+03
1.479831110954284668e+03
1.497262112855911255e+03
1.514075568914413452e+03
1.531381591081619263e+03
1.551175642967224121e+03
1.572641152858734131e+03
1.589717608928680420e+03
1.609239810943603516e+03
1.627068220853805542e+03
1.644883808851242065e+03
1.662993066072463989e+03
1.680917834043502808e+03
1.699189180850982666e+03
1.718769695997238159e+03
1.736756649971008301e+03
1.754020503044128418e+03
1.771283925056457520e+03
1.788361176013946533e+03
1.805571517944335938e+03
1.824052170038223267e+03
