5.279345154394982781e-02
6.443990658409941286e-03
4.870269654124103828e-03
4.206732424625608466e-03
3.763880889708477295e-03
3.431426565831985007e-03
3.226110539286640867e-03
3.084252949100133555e-03
2.935943886290606330e-03
2.822448202743904969e-03
2.711738890687507252e-03
2.699745291206341949e-03
2.546298698185893005e-03
2.449521236038221597e-03
2.482092329559657320e-03
2.369219997805982903e-03
2.344984660092916135e-03
2.281828221095400303e-03
2.300220697710275361e-03
2.249506182358368064e-03
2.202173903014009032e-03
2.169613161008369755e-03
2.152654081638231704e-03
2.151204823581973329e-03
2.100656030447981167e-03
2.051441589997349789e-03
2.006825548309362599e-03
2.027036518718940052e-03
2.010432114987692909e-03
1.981305980779671065e-03
1.919079686559440560e-03
1.893715048387537275e-03
1.947368534580494774e-03
1.880846554980256016e-03
1.860925103801867528e-03
1.893831325538797425e-03
1.849982026459663902e-03
1.889040340018082083e-03
1.845714642349437782e-03
1.808023671095958067e-03
1.814384256525417276e-03
1.800750557336880256e-03
1.764467240912960186e-03
1.738673125676500281e-03
1.726518880802870547e-03
1.730110706437864567e-03
1.766280141562445206e-03
1.729913187416739703e-03
1.726263293945166401e-03
1.669691844354621217e-03
1.689843059013549373e-03
1.695136625751030284e-03
1.664789671768256759e-03
1.660044022160619102e-03
1.660436595665025061e-03
1.650303446311411322e-03
1.652617139971130711e-03
1.625352091528991247e-03
1.664865824228946778e-03
1.650616456991321887e-03
1.584489483039678041e-03
1.605887193059418348e-03
1.607957482725849230e-03
1.580281615968676893e-03
1.578718145749688148e-03
1.593945468498964273e-03
1.536736074497081382e-03
1.592582441977705675e-03
1.538281858175746895e-03
1.553105958970913683e-03
1.557938546082693852e-03
1.519557454391514805e-03
1.538176376843477904e-03
1.531843219524681166e-03
1.537863702256764232e-03
1.532238229958693366e-03
1.502479879984346383e-03
1.494697197633487176e-03
1.474289904610039375e-03
1.466969775157872177e-03
1.499653978350306248e-03
1.498831648619391001e-03
1.465727352522579272e-03
1.473778035450000598e-03
1.432966078143570101e-03
1.490690353623491844e-03
1.468210740721581468e-03
1.425866643394437146e-03
1.455681108256315923e-03
1.443610455155963385e-03
1.466917502601942794e-03
1.464318217490697804e-03
1.435366262687985282e-03
1.425946136364431016e-03
1.430901116907840010e-03
1.451177324010529453e-03
1.429827024756420923e-03
1.375826997800174431e-03
1.387428107010966940e-03
1.394686788760817527e-03
