5.139156278651659665e-02
6.611551955003870489e-03
4.983269501868818445e-03
4.277253635918595517e-03
3.840561993560231199e-03
3.554503268855460554e-03
3.351514325127515938e-03
3.125244349905172657e-03
3.059421802779318383e-03
3.008694492558232608e-03
2.887112035774813505e-03
2.849375277933290009e-03
2.742691425282828277e-03
2.681108271301412948e-03
2.629217809840344190e-03
2.599050392394598469e-03
2.567838249188369830e-03
2.507251019556290018e-03
2.453562306993999076e-03
2.438257734366961436e-03
2.392516809564121383e-03
2.380095236642675981e-03
2.348914171329288553e-03
2.327197647356709070e-03
2.235065851746260383e-03
2.248993165536067838e-03
2.218068198646866874e-03
2.224299765684129276e-03
2.116155390804725592e-03
2.117947809582320685e-03
2.178980887033353520e-03
2.084309146662536184e-03
2.137676829233558368e-03
2.069317046201669865e-03
2.058618905564701691e-03
2.076440328197680547e-03
2.002073303908523394e-03
2.019880132632705105e-03
1.971207716736004308e-03
1.985689302506396785e-03
1.969508323575174056e-03
1.961836696869506333e-03
1.917298906006304924e-03
1.937220964691732661e-03
1.916049698009708374e-03
1.914313520231561774e-03
1.918957603402774575e-03
1.929687589416077169e-03
1.838709672864947573e-03
1.824222639929250558e-03
1.836889822602117035e-03
1.800508080208044993e-03
1.807418976572623421e-03
1.822937354002586094e-03
1.818449886825710717e-03
1.775169746763658775e-03
1.828983890109044368e-03
1.754725967332160935e-03
1.794261618327852364e-03
1.780025238000386943e-03
1.690560256026564989e-03
1.770447771020488420e-03
1.760218248201474807e-03
1.684635990142967915e-03
1.692365302208680752e-03
1.711781406300046885e-03
1.684110460218162138e-03
1.681787385524980772e-03
1.669046620808404017e-03
1.686357027097449808e-03
1.674605847568931723e-03
1.683641037509234694e-03
1.606799565754762817e-03
1.630590133435895700e-03
1.672072491053661200e-03
1.642554842667154000e-03
1.598788493300318421e-03
1.613149511034221587e-03
1.628157033217671103e-03
1.633558629409777568e-03
1.595808427549251854e-03
1.625285175149377391e-03
1.574877396491664288e-03
1.619080717893407219e-03
1.566443463523857797e-03
1.557442794024029064e-03
1.574506130519696002e-03
1.536074341428059122e-03
1.580563376281468547e-03
1.537696305717731800e-03
1.522801362800889216e-03
1.532258359031669296e-03
1.521857390187103054e-03
1.568641835178062301e-03
1.515771563559424563e-03
1.511177002663872861e-03
1.545642238938209996e-03
1.504074710812298987e-03
1.511858564236052667e-03
1.529815972570870101e-03
