1.258000881715161945e-01
1.846480442061664354e-02
1.244650197434619097e-02
1.005405580402690506e-02
8.404140962690787378e-03
7.589054907362909226e-03
6.993302041744695226e-03
6.230618659283810104e-03
5.981666200900953925e-03
5.511666348639130721e-03
5.220609457211131989e-03
5.079750644962444626e-03
4.740448414201433973e-03
4.543952865633174923e-03
4.468025213295619483e-03
4.154293613236938534e-03
3.998721525608405977e-03
3.953230926562212658e-03
3.910704762297089257e-03
3.754281701619092623e-03
3.637161522388956177e-03
3.491059398185810628e-03
3.280260846067227249e-03
3.313530198264675805e-03
3.135278246273545850e-03
3.119974002280016638e-03
3.158796136699869046e-03
2.963066595396239566e-03
2.980083781096803681e-03
2.907105483157180169e-03
2.894534834780462459e-03
2.830038540866726404e-03
2.901279085747112633e-03
2.700126459816872253e-03
2.707023115295229768e-03
2.638664029688494918e-03
2.602136342828405106e-03
2.754914353231338511e-03
2.688904938532529244e-03
2.626164664464956857e-03
2.635918584216732398e-03
2.532643587850663767e-03
2.616370872916445097e-03
2.417939147242235791e-03
2.648875729044331603e-03
2.430605497581348265e-03
2.434741133250668994e-03
2.346798562496414664e-03
2.653656573975071362e-03
2.304049614372348856e-03
2.335858331712009975e-03
2.270023185699695991e-03
2.302744903382585549e-03
2.373905221976560335e-03
2.220238672088804995e-03
2.246147339268145682e-03
2.251931542299313513e-03
2.266370563147584311e-03
2.291929152780701560e-03
2.191347778903797536e-03
2.329059323020761258e-03
2.172256316674042904e-03
2.115371255215750881e-03
2.201487158404685004e-03
2.293567920874283773e-03
2.134582023030321025e-03
2.158854804224786140e-03
2.171381108429940813e-03
2.165084724743939620e-03
2.096555714741575333e-03
2.163071621808469215e-03
2.081815390551652531e-03
2.062808620586535462e-03
2.047680008318212078e-03
2.053416794068669941e-03
2.035107724352684146e-03
2.015125489346573234e-03
1.989741267352552589e-03
2.004530610992246841e-03
2.089825800948847626e-03
2.005668815943098624e-03
1.999300351361781112e-03
2.043392640748024295e-03
1.957246829392119379e-03
2.005751938849812625e-03
1.974083285130448940e-03
1.923428007964553960e-03
1.969168354351806451e-03
2.012542013496164232e-03
1.927143855464387564e-03
1.947007964787229222e-03
1.970756374243168730e-03
1.872706149720215849e-03
1.855488735819750372e-03
1.866665648239612153e-03
1.828531475060475326e-03
1.856064809157590041e-03
1.834393995171661792e-03
2.009138769288924386e-03
1.800439640594279044e-03
