4.980014292080694321e-02
6.214541526893028849e-03
4.658244166496519449e-03
3.974347518495291443e-03
3.611389523659965656e-03
3.342126720664122513e-03
3.167426801977974143e-03
3.093080448129775697e-03
2.889712318925331033e-03
2.814642293459888780e-03
2.745510613775058173e-03
2.675460003129873261e-03
2.596701929107725088e-03
2.574261114368860300e-03
2.489036855436736230e-03
2.476956954214908687e-03
2.408961477131616596e-03
2.377122750360195595e-03
2.279755008592188222e-03
2.264950027429673066e-03
2.265847403730145322e-03
2.279865616373931338e-03
2.200556874271577222e-03
2.169332900765285656e-03
2.196198308306633162e-03
2.111986730186769714e-03
2.140827154085509203e-03
2.094959392909853495e-03
2.037949087799867040e-03
2.076416348050725159e-03
1.996646994897793848e-03
2.017800102447374084e-03
2.001404365802225780e-03
1.985467864096226737e-03
1.986248279576297796e-03
1.958450318525306860e-03
1.977751695973013844e-03
1.942370437172507734e-03
1.931358647596252871e-03
1.898821471104101882e-03
1.908344822680545184e-03
1.844647989176239657e-03
1.898389062368404604e-03
1.857589957113729619e-03
1.835010607169445564e-03
1.841950946644244514e-03
1.775008611973740141e-03
1.805650459490971971e-03
1.777428249247087330e-03
1.782010891617690591e-03
1.767409572506806453e-03
1.766253987578225541e-03
1.717814290337583202e-03
1.749956299681469738e-03
1.780008161118344602e-03
1.744483022525949653e-03
1.740203289701237671e-03
1.791005980102452566e-03
1.718093130800809384e-03
1.696585208085469015e-03
1.728013199624456320e-03
1.645741841098346181e-03
1.697801036439234527e-03
1.665314831182115093e-03
1.663098661902322238e-03
1.652214538910310197e-03
1.645596032260255486e-03
1.652813180609792468e-03
1.642558636644503084e-03
1.609155372819274284e-03
1.591003737004426360e-03
1.644219381448819512e-03
1.597762361481308612e-03
1.621365902990170313e-03
1.584157763324605880e-03
1.606137668557438680e-03
1.581742697405486573e-03
1.551725061129134850e-03
1.548490101230144732e-03
1.582681467820752034e-03
1.534177600163717835e-03
1.572552136485307278e-03
1.550245422213556877e-03
1.536878899368367742e-03
1.523413932614347665e-03
1.535915941666755316e-03
1.525097670433659758e-03
1.528536725897490598e-03
1.498601113156906167e-03
1.505954861228402065e-03
1.515720181782078454e-03
1.505994309074213137e-03
1.479948665870161988e-03
1.493839284598590415e-03
1.558822248272691540e-03
1.524528351578310339e-03
1.494073514446828295e-03
1.457322071222680359e-03
1.495219987665032330e-03
1.486005373217272069e-03
