1.263397804946804204e-01
1.925205609735682749e-02
1.288707906049931136e-02
1.021803257585703235e-02
8.705790192882789311e-03
7.460545544114015847e-03
6.881184965176777302e-03
6.350354544739568452e-03
5.731645898467380845e-03
5.535274731802988617e-03
5.334470155798014257e-03
5.041698364804071339e-03
4.630096564031657529e-03
4.785984140115273622e-03
4.488732551387577575e-03
4.298272120964867146e-03
4.021927342834286795e-03
3.946963372875172092e-03
3.749663983355336263e-03
3.659372101808852727e-03
3.537350637972759559e-03
3.505728187067967076e-03
3.510908452717031916e-03
3.263643205619994221e-03
3.208084469846172321e-03
3.137458324339198815e-03
3.342599911146193568e-03
2.989523821632562341e-03
3.215483010273586552e-03
2.923857795117365804e-03
2.868902282403904078e-03
2.913051175817389562e-03
2.861838667675231304e-03
2.743173299380160211e-03
2.846225942114734720e-03
2.825632421009002197e-03
2.654017250182552461e-03
2.796849736547331496e-03
2.724167416668324838e-03
2.684662034209004972e-03
2.547991500684722733e-03
2.536989209728977585e-03
2.760717155275821053e-03
2.483863673705103206e-03
2.437312564459844389e-03
2.576687514464884136e-03
2.379845032528032575e-03
2.376349050736795230e-03
2.509467717493689496e-03
2.329194144828558577e-03
2.720867255376455737e-03
2.290624349888377171e-03
2.283398149366354206e-03
2.373736222869482406e-03
2.209732440084457433e-03
2.212518557332141065e-03
2.346486290635270682e-03
2.233597519602364533e-03
2.196431014213464598e-03
2.253986188073266086e-03
2.395315727815140478e-03
2.167861571574632770e-03
2.168444657673371332e-03
2.233706171231158392e-03
2.357896837492669349e-03
2.101853607837444321e-03
2.098902175607070698e-03
2.116310496748590765e-03
2.104646735849918706e-03
2.054942522849594923e-03
2.079383892195510800e-03
2.013144427093508694e-03
2.012449715450497379e-03
2.128131179379895172e-03
2.060763941427497335e-03
2.079645415345756677e-03
2.038220719176875480e-03
2.106093643006243157e-03
2.017522342486144805e-03
2.013600636565577098e-03
2.038146266972888036e-03
1.978798957363384244e-03
1.925178620709664919e-03
1.970850008088320497e-03
1.934970663113949867e-03
1.997231298230699170e-03
1.967590062667647511e-03
1.865805962339894082e-03
1.917646811590415813e-03
1.911061884036343184e-03
1.883132117157538914e-03
1.926266937756452614e-03
1.888799661226849133e-03
1.899987625873974509e-03
1.937602173546605112e-03
1.893972183762876503e-03
1.837929572704551833e-03
1.886809525354158973e-03
1.815416949329911375e-03
1.844618743979277399e-03
