8.672421658039093373e-01
4.131065605282783770e-01
3.485918217003345365e-01
3.155875827074051121e-01
2.977312962114810890e-01
2.758797916769981651e-01
2.690140037685632701e-01
2.362377673238515718e-01
2.310344821959733896e-01
2.235401654988527220e-01
2.185844147056341114e-01
2.034052463918924469e-01
2.055704978108406078e-01
2.010581567659974200e-01
1.837146693766117111e-01
1.841404133066535109e-01
1.757587839812040365e-01
1.685485741719603414e-01
1.597661997377872456e-01
1.593097901120781867e-01
1.571068987175822385e-01
1.462321967333555239e-01
1.498414363339543309e-01
1.390016204342245931e-01
1.357916740402579370e-01
1.362984296008944440e-01
1.297952970266342265e-01
1.237432517111301394e-01
1.245266128033399589e-01
1.201016941331326943e-01
1.207377475053071914e-01
1.166954635754227643e-01
1.136619879491627266e-01
1.146402679011225695e-01
1.115156056955456665e-01
1.029655292667448485e-01
1.041875555515289348e-01
1.017756232768297214e-01
1.025010673925280530e-01
9.805521994084119564e-02
9.422561443597078645e-02
9.053159943222999217e-02
9.431811964139341642e-02
9.079240613058209286e-02
8.551982530951500461e-02
8.948419054225087432e-02
8.997065675258636430e-02
8.243248403072357677e-02
8.347681540995836869e-02
8.114241657778620276e-02
8.247941554337739900e-02
7.936410692706703796e-02
7.758179830573498637e-02
7.500977507233619335e-02
7.675971651077270752e-02
7.462693956121801975e-02
7.436557509563863910e-02
7.175715156272054196e-02
7.178891342505812345e-02
6.900838111154734833e-02
6.733082153648138612e-02
6.930776533484458990e-02
6.409357865154742540e-02
6.472831068560480627e-02
6.518026182986795536e-02
6.320110679231584483e-02
6.331673452816903580e-02
6.211958368308842515e-02
5.823965983092784654e-02
6.093045012839138491e-02
5.995545729622244607e-02
5.939765743538737153e-02
5.827926724590361263e-02
5.490359434299171143e-02
5.725403302907943609e-02
5.560892588086426003e-02
5.259167374670505740e-02
5.417271199449896768e-02
5.577937147766351411e-02
5.190054209530353679e-02
5.177163835801184416e-02
5.146115317381918380e-02
5.381479323841631413e-02
5.222221617028117296e-02
5.117452770285308566e-02
4.864814624190330616e-02
5.123628007806837331e-02
4.906865163892507736e-02
4.600257179327309209e-02
4.732533332146704463e-02
4.556833901070058562e-02
4.528322972543537273e-02
4.491840757429600012e-02
4.298313496261835231e-02
4.519295163825154393e-02
4.507239189371466809e-02
4.623146743141114817e-02
4.284626656211912299e-02
4.223355866596102681e-02
4.194062615279108008e-02
4.245761207863688741e-02
4.054559829086065020e-02
4.079757763352245131e-02
3.951485021039843892e-02
4.024961527157575047e-02
3.953702665865421045e-02
3.935969985742122229e-02
3.980606030393391698e-02
3.829422600287944040e-02
3.680149305053054959e-02
3.806504537444561909e-02
3.747314957994967582e-02
3.602059560362249474e-02
3.557244176696985893e-02
3.485333027504384368e-02
3.722132885456085061e-02
3.402539416868239491e-02
3.446623124741017563e-02
3.435960454028099548e-02
3.595975742209702591e-02
3.443180555850267749e-02
3.352306849882006473e-02
3.232309000845998842e-02
3.285631119180471016e-02
3.252486101444810457e-02
3.221073097735643181e-02
3.259779080841690435e-02
3.160998055431991915e-02
3.245973459910601183e-02
3.045692133810371308e-02
2.966771455295384025e-02
2.913797385804355045e-02
2.981028063502162706e-02
3.049548975192010319e-02
2.961452867463230942e-02
3.082447083480656033e-02
3.134442844893783192e-02
2.865759399998932949e-02
2.776078058872371787e-02
2.851810952089726958e-02
2.931061262264847769e-02
2.802184126712381831e-02
2.587760958354920135e-02
2.784652557503431922e-02
2.607545022014528396e-02
2.737110454309731739e-02
2.893155747186392651e-02
2.557773785665631155e-02
2.521240793447941664e-02
2.507199551304802390e-02
2.465435713669285323e-02
2.675472348742187131e-02
2.456500968709587895e-02
2.404148109629750119e-02
2.338555893488228343e-02
2.378584134392440486e-02
2.291080225631594511e-02
2.387075437791645605e-02
2.508498654700815761e-02
2.278048966033384068e-02
2.363828890211880362e-02
2.370960012217983651e-02
2.373878376744687629e-02
2.314423423400148797e-02
2.328343138517811883e-02
2.154828923521563341e-02
2.236817225627601297e-02
2.105393807822838331e-02
2.235911906324326848e-02
2.139534567296505138e-02
2.107555546704679636e-02
2.178944253968075062e-02
2.120077961217612175e-02
2.015572223672643451e-02
2.203327657748013757e-02
2.070147590758279060e-02
2.000545237213373351e-02
2.031748542422428735e-02
2.060723006166517712e-02
2.114416556200012648e-02
2.019506414700299526e-02
2.028266774304211123e-02
1.878989393031224586e-02
1.956342135136946922e-02
1.909787119505926972e-02
1.892128865187987785e-02
1.875529575999826046e-02
1.849781535239890251e-02
1.823868125118315378e-02
1.758426113752648359e-02
1.932064908836036987e-02
1.751800502231344592e-02
1.762387006264179781e-02
1.772134921187534795e-02
1.835278666950762236e-02
1.681276936829089949e-02
1.812578419363126275e-02
1.753684706659987616e-02
1.839478572690859265e-02
1.757935777818784087e-02
1.692102196812629578e-02
1.696947488840669371e-02
1.622862221859395354e-02
1.659484163997694897e-02
1.612799950735643514e-02
1.661524794716387823e-02
1.617334675043821321e-02
1.647366646537557280e-02
1.631453490909189064e-02
1.508751423656940448e-02
1.598345136223361038e-02
1.616535334708169014e-02
1.539668270200490914e-02
1.509675838332623192e-02
1.537646371242590293e-02
1.515148305497132294e-02
1.469818115141242713e-02
1.527701724693179136e-02
1.386048385547473949e-02
1.474659320665523340e-02
1.417383557278662984e-02
1.403162281401455422e-02
1.444832295412197716e-02
1.463913603406399519e-02
1.451973506622016366e-02
1.441270585078746093e-02
1.328578036790713582e-02
1.374291077442467250e-02
1.358685634168796223e-02
1.377932558022439483e-02
1.356148290098644835e-02
1.320611673640087295e-02
1.311721322848461574e-02
1.286243201210163570e-02
1.239598643360659454e-02
1.279440279211849045e-02
1.254825675487518388e-02
1.293826442793943009e-02
1.274459222913719783e-02
1.338033686182461650e-02
1.257261135894805273e-02
1.299661548668518650e-02
1.256945654517039636e-02
1.216284258943051144e-02
1.252389427809976093e-02
1.268544090306386422e-02
1.177212045481428569e-02
1.188292106846347389e-02
1.236983999307267323e-02
1.200511246011592460e-02
1.168844313500448998e-02
1.135710454499348938e-02
1.121133763156831331e-02
1.152686030510812962e-02
1.171653494006022825e-02
1.115735785313881970e-02
1.180649115983396780e-02
1.087503674649633462e-02
1.037839263048954269e-02
1.193241642252542041e-02
1.192678226763382518e-02
1.039342916989698974e-02
1.061654077307321205e-02
1.078452489990741094e-02
1.069759209570474850e-02
1.050577596644870944e-02
1.059345106640830619e-02
1.075195422489196029e-02
1.076610779296606826e-02
1.023810445144772603e-02
1.011721022264100607e-02
1.012032115296460609e-02
1.008159530791453984e-02
1.014144331612624149e-02
1.057979517872445312e-02
9.947154711699112556e-03
9.407094453927129785e-03
9.535469689406455077e-03
9.802166359731927583e-03
1.020766291581094200e-02
9.940220144344494302e-03
9.720718664349987936e-03
1.005730420141480799e-02
9.562160983914508999e-03
9.424640970537438364e-03
9.285527682397515248e-03
9.172726033488289368e-03
9.297605197178199568e-03
8.741350446129217064e-03
9.187599140917882684e-03
9.272904290352016951e-03
8.824688618304207116e-03
9.065764789935201046e-03
8.980075880652292966e-03
8.467356283799744657e-03
8.498423277633265077e-03
8.924395864130929903e-03
8.838044462725520856e-03
8.420691507402808251e-03
9.225374541012569540e-03
8.569120470201595924e-03
8.930278224404900739e-03
8.379121067933738287e-03
8.463889024686067908e-03
8.914140654145740264e-03
8.874968761345370868e-03
8.222112691495567574e-03
7.898023854475468356e-03
8.134037554729729377e-03
8.250459873117507031e-03
8.431822498212568698e-03
7.999180526123382540e-03
7.775781709235161758e-03
7.785807706764898833e-03
8.143346445634960448e-03
7.702431733370758253e-03
8.038432304048910917e-03
7.807981386664323252e-03
7.544584855204448069e-03
7.943479964626021239e-03
7.740044877748005099e-03
7.785781289800070525e-03
7.772828658809884973e-03
7.654770839493721911e-03
7.465930964099243110e-03
7.489254865213297585e-03
7.299820088082924902e-03
7.349031246150843424e-03
7.379711354617029054e-03
7.461345051298849153e-03
7.243553652777336323e-03
7.188085959875025258e-03
7.146405423758551458e-03
6.891438564984127789e-03
7.273259182460606320e-03
7.082900622510351039e-03
7.018411305150948354e-03
7.181260873563587860e-03
7.666122274124063767e-03
7.080925647402182277e-03
7.011325555271469105e-03
6.536668036947958400e-03
7.410829420783557157e-03
6.672651620116085147e-03
6.726141237653792196e-03
6.606579409213736258e-03
6.525409537018276446e-03
6.976535720052197409e-03
6.690949007519520451e-03
6.476035829400643429e-03
6.531107252347283232e-03
6.354473942425101739e-03
6.696120357606559666e-03
6.672127540106885350e-03
6.673191593028604714e-03
6.871800500084646393e-03
6.553806908079422983e-03
6.384742278256453143e-03
6.179587109014391538e-03
6.274848424480296803e-03
6.200020175776444278e-03
6.575197094934992666e-03
6.476501965662464881e-03
6.304700693697668640e-03
6.425357185420580396e-03
6.206691976403817465e-03
5.879296096274628895e-03
5.967489719507284782e-03
5.937352557899430554e-03
5.909926438820548716e-03
5.979063789942301414e-03
6.131591787096112717e-03
5.911928488989360610e-03
5.750412304303609105e-03
5.615928877843543582e-03
5.761821265914477373e-03
5.878150245291180985e-03
5.826521255192346725e-03
5.675192775437608132e-03
5.606129512656480261e-03
5.907466038712299965e-03
5.616659098071977163e-03
5.604538015904836530e-03
5.842578127630986690e-03
5.516958451480604396e-03
5.529609007877297339e-03
5.357038619113154571e-03
5.550894219311885286e-03
5.267966535873711519e-03
5.295992010273039598e-03
5.527595578343607111e-03
5.585314109455794332e-03
5.475997692206874094e-03
5.169432092807255651e-03
5.329136492568067873e-03
5.544986892491578917e-03
5.357262339559383871e-03
5.174505799077451160e-03
5.390148002770728947e-03
5.121608925051986984e-03
5.117673708358779286e-03
5.303233778220601755e-03
5.021426505409181361e-03
5.112170524080283593e-03
4.946657160588074226e-03
5.081706420402042242e-03
5.033319197769742064e-03
5.095184341887943301e-03
5.105846595193724857e-03
5.026795246172696512e-03
5.173141613719053900e-03
4.989599386230111205e-03
4.905086818092968710e-03
4.870258187060244603e-03
4.888314938405529005e-03
5.061294598970562421e-03
4.698046715813688698e-03
4.909033856471069560e-03
4.806617288966663105e-03
4.961249290441628254e-03
4.734707457013428294e-03
4.498458078596740545e-03
4.532720272196456845e-03
4.680282804649322885e-03
4.865797272650525251e-03
4.641624894691631122e-03
4.544766634353436530e-03
4.536526427255011679e-03
4.484359408845194073e-03
4.607988914707675417e-03
4.594867566833272902e-03
4.513677115435711998e-03
4.477307902125176459e-03
4.422222789784427920e-03
4.501704463851638124e-03
4.462575220037251315e-03
4.283165529021061568e-03
4.480831531807780328e-03
4.398897689650766753e-03
4.572780023387167450e-03
4.478155863762367343e-03
4.478012130595743386e-03
4.436691768816672203e-03
4.147188981005456125e-03
4.374983663263265314e-03
4.218101583828684324e-03
4.237434109672904431e-03
4.363867400214075862e-03
4.391985818627290247e-03
4.195092093024868282e-03
4.120988455484621282e-03
4.178712827386334150e-03
4.417142621474340509e-03
4.094357065740041740e-03
4.414490413211751355e-03
4.341325749759562640e-03
4.289321165531873384e-03
4.220197491813451260e-03
4.007392064086161970e-03
4.045120383729226485e-03
4.054731987591366979e-03
4.097690843394957358e-03
4.092316709982697122e-03
3.968735657341312603e-03
4.149866579798981714e-03
3.929313075495884100e-03
3.968982106191106494e-03
3.909898413112387373e-03
4.036994222726207615e-03
3.963707493094261944e-03
4.017388434847816818e-03
3.893092737474944300e-03
3.977235692844260234e-03
3.845327108865603978e-03
3.886865461245178968e-03
3.944276051945053325e-03
3.936051542463246504e-03
3.970967646455392415e-03
3.941592317307367720e-03
3.988138628425076312e-03
4.070344759791623759e-03
3.834337358421180484e-03
3.791780665924306820e-03
3.746615840878803234e-03
3.882633116969372907e-03
3.762092025834135912e-03
3.583780766872223661e-03
3.756634379446041009e-03
3.748383433383423863e-03
3.664628920727409315e-03
3.855312229250557835e-03
3.752315529913175830e-03
3.565579277754295402e-03
3.603196776413824208e-03
3.730001337185967665e-03
3.581180374487303360e-03
3.696375400468241475e-03
3.701976751734037049e-03
3.709830683888867310e-03
3.538106743828393474e-03
3.653458853252231943e-03
3.401634984824340735e-03
3.487795864173676760e-03
3.549014859017915902e-03
3.422118836664594845e-03
3.507819807622581786e-03
3.359214804309885744e-03
3.450442757690325591e-03
3.434551081969402717e-03
3.528975394845474626e-03
3.502659474383108297e-03
3.361336555157322381e-03
3.533948981959838392e-03
3.306316978647373759e-03
3.339259313186630513e-03
3.549470873840618670e-03
3.465506218839436731e-03
3.406933675636537179e-03
3.275064634799491458e-03
3.276854431314859747e-03
3.399082813761197201e-03
3.378718126623425459e-03
3.314923038356937419e-03
3.269837614148855300e-03
3.329514209937769857e-03
3.372727760812267630e-03
3.446884193981532112e-03
3.345007404452189723e-03
3.244705196877475765e-03
3.162259712116792781e-03
3.299834244593512298e-03
3.257306586252525435e-03
3.185549253365024900e-03
3.162027481419500165e-03
3.096711985184811156e-03
3.297648795065469870e-03
3.167257190740201556e-03
3.208421076240483474e-03
3.155362618388608213e-03
3.330964455148205210e-03
3.094539376848842813e-03
3.124481773178558637e-03
3.103263288328889612e-03
3.003087015124038077e-03
3.114269713580142696e-03
3.112737666873726782e-03
3.114580097550060517e-03
3.030794205784332132e-03
3.068133721477352052e-03
2.995141073188278998e-03
3.111581738747190573e-03
2.989027125586290069e-03
3.040420786594040612e-03
3.018596222507767546e-03
2.994976422050967847e-03
3.049032618058845553e-03
2.990404801326803849e-03
2.931651940452866152e-03
2.934525436139665509e-03
3.008366345136891887e-03
3.276188496674876764e-03
2.915982064674608239e-03
2.943883206753525762e-03
3.036118620948400314e-03
3.009257462574169064e-03
2.762317303102463512e-03
2.787339850328862667e-03
2.927287523518316576e-03
2.865659589238930653e-03
2.904911281017121070e-03
2.840986419934779430e-03
2.795901765843154894e-03
2.935704609379172474e-03
2.906206480751279651e-03
2.845635511039290751e-03
2.851423516200156903e-03
2.864174046844709682e-03
2.880671459424775146e-03
2.804478374280734015e-03
2.805166898411698764e-03
2.843821367190685259e-03
2.698116296232911000e-03
2.848502952343551393e-03
2.813801282434724368e-03
2.857703829125966734e-03
2.797618692216929156e-03
2.726798365591093752e-03
2.762718318670522206e-03
2.825377270579338025e-03
2.711945881077554125e-03
2.691426674136891944e-03
2.720657256460981381e-03
2.762132067466154667e-03
2.708379805175354683e-03
2.755907137703616019e-03
2.786635173426475418e-03
2.743325850140536110e-03
2.597408433648524910e-03
2.588291381020099095e-03
2.783083864778746006e-03
2.683750377153046578e-03
2.777482747565954840e-03
2.586976890830555969e-03
2.666074724373174772e-03
2.712706737627741064e-03
2.562383094802498859e-03
2.652063389483373581e-03
2.589526178431697349e-03
2.645999929984100153e-03
2.567288603866472920e-03
2.598363337863702528e-03
2.542736175033496679e-03
2.580185774655547205e-03
2.543704120209440422e-03
2.643420617619995135e-03
2.525755860347999194e-03
2.483726490434491965e-03
2.537179175298661087e-03
2.472560052672633998e-03
2.461008071928518035e-03
2.454983912524767112e-03
2.523371483723167372e-03
2.615656548936385554e-03
2.479291333002038491e-03
2.485974763199919665e-03
2.486385794298257620e-03
2.507351281499722948e-03
2.410043395881075485e-03
2.419390398339601317e-03
2.419111273949965842e-03
2.384412754967343232e-03
2.458216210477985348e-03
2.369179914327105684e-03
2.455316163686802750e-03
2.411534858896629933e-03
2.388466443313518386e-03
2.306675407366128461e-03
2.413359758123988404e-03
2.417707113054348277e-03
2.426338529330678354e-03
2.458795155602274286e-03
2.425984277389943433e-03
2.464889563474571312e-03
2.447458423499483757e-03
2.307367538189282474e-03
2.328662477986654170e-03
2.386909024935448664e-03
2.326197465823497731e-03
2.365880997647764206e-03
2.413138618372613533e-03
2.324407439853530457e-03
2.315168389497557731e-03
2.303287546063074748e-03
2.453771052474621860e-03
2.284079726523486828e-03
2.222546366043388899e-03
2.364486456470330997e-03
2.317792967427522149e-03
2.239362823835108589e-03
2.344805960252415496e-03
2.271963918377878193e-03
2.281356112740468445e-03
2.352601111517287763e-03
2.150343988410895538e-03
2.319867208309006092e-03
2.319358135544462036e-03
2.230270622414536920e-03
2.222213028144324337e-03
2.191224300477188133e-03
2.259886784653645023e-03
2.244814007921377020e-03
2.224123559775762361e-03
2.241739253629930397e-03
2.217121738882269887e-03
2.212858445942401768e-03
2.189612568297889285e-03
2.135628505202475866e-03
2.243069600575836337e-03
2.178946677158819650e-03
2.134120250266277954e-03
2.068046574539039208e-03
2.182293463440146148e-03
2.165704730025027041e-03
2.180658795754425276e-03
2.101287916593719187e-03
2.156973047443898599e-03
2.202106972516048710e-03
2.130261716898530604e-03
2.088033530715620312e-03
2.105948819022159836e-03
2.235439817479346024e-03
2.098872811649925979e-03
2.140048748813569608e-03
2.096337090712040510e-03
2.099844549462432167e-03
2.125074047478847043e-03
2.120952519442653120e-03
2.131027512834407500e-03
2.133303623733809416e-03
2.129495455126743930e-03
2.093383408966474277e-03
2.077585926570463867e-03
2.050925627030665121e-03
2.022849751112516976e-03
2.055520142952445804e-03
1.961997209931723961e-03
2.103479521145345740e-03
2.072383931896183609e-03
2.137378379527945203e-03
2.075802144943736556e-03
2.033464227104559569e-03
2.024138919776305445e-03
2.027114687691209966e-03
2.051465753640513857e-03
2.057404506456805404e-03
1.952344134217128251e-03
2.007239357801154228e-03
2.056099727022228912e-03
2.044955148157896318e-03
2.045122260751668433e-03
1.976393597957212291e-03
1.986985206924145927e-03
2.005969396064756320e-03
2.032885797292692705e-03
1.976792552362894792e-03
1.915454092901199999e-03
1.967577712668571593e-03
1.977364805410615923e-03
1.921022768743569113e-03
1.974764668673742625e-03
1.965323460288345789e-03
1.965091849415330147e-03
1.997898302390240140e-03
1.941313715535215997e-03
1.900531907158438220e-03
1.935994163097348036e-03
1.885980311548337250e-03
1.960630392160965258e-03
1.927484933665255060e-03
1.947005279565928483e-03
1.940104364010039779e-03
1.961155601922655398e-03
1.890680682758102277e-03
1.890520235814619702e-03
1.923009348945924936e-03
1.884453227597987241e-03
1.906952105549862640e-03
1.859990147990174536e-03
1.901205844653304760e-03
1.810808235750300914e-03
1.852229572657961357e-03
1.901350648317020296e-03
1.826969217247096733e-03
1.793264252919470883e-03
1.920723926828941334e-03
1.855871005245717312e-03
1.826368818699847804e-03
1.807551782199880077e-03
1.809997917094733526e-03
1.816743325034622051e-03
1.889837406779406497e-03
1.886280522623565029e-03
1.822419979784172016e-03
1.805504362564534044e-03
1.853370639786589827e-03
1.756197186594363364e-03
1.764249301981180799e-03
1.828631706157466319e-03
1.719313460489502090e-03
1.812969679798698015e-03
1.785087916010525116e-03
1.806529372959630488e-03
1.818450149556156189e-03
1.785037979600019760e-03
1.786427630257094281e-03
1.794107924855779931e-03
1.764009166101459386e-03
1.758550879865651909e-03
1.799196637497516450e-03
1.819251517241355027e-03
1.718005517002893718e-03
1.801941475452622414e-03
1.822102685691788862e-03
1.795699293521465807e-03
1.750323840213241023e-03
1.759404549869941466e-03
1.785002829739823884e-03
1.716641898208763530e-03
1.708861533988965779e-03
1.632476783532183688e-03
1.689167848409852020e-03
1.780419433140195901e-03
1.728274908673483809e-03
1.776175083243288193e-03
1.743524346034973881e-03
1.721701537695480549e-03
1.723653799184830847e-03
1.789321683987509393e-03
1.766388692340115172e-03
1.659586979512823720e-03
