3.485556598265205919e-01
1.188646498140217417e-01
8.083250614136616718e-02
6.385339322678366958e-02
5.281709729675886089e-02
4.450662175764400624e-02
3.985605430168030761e-02
3.568129273443918642e-02
3.075200139620520162e-02
2.819774054345593195e-02
2.583764835056927625e-02
2.267362317060411456e-02
2.085128282236762415e-02
1.889723323851387124e-02
1.746834872594280400e-02
1.586677346813084727e-02
1.490725404613440531e-02
1.361147469667054084e-02
1.274675725122794215e-02
1.154333717588648667e-02
