1.172523784637451172e+01
2.369964385032653809e+01
3.571362280845642090e+01
4.737829399108886719e+01
5.906258487701416016e+01
7.075776886940002441e+01
8.227181386947631836e+01
9.393387985229492188e+01
1.055926117897033691e+02
1.172457449436187744e+02
1.287685518264770508e+02
1.404157979488372803e+02
1.520879669189453125e+02
1.635312118530273438e+02
1.751693677902221680e+02
1.867347249984741211e+02
1.981938838958740234e+02
2.097968788146972656e+02
2.213503308296203613e+02
2.328460888862609863e+02
2.442774159908294678e+02
2.558892560005187988e+02
2.674836390018463135e+02
2.788959579467773438e+02
2.905728058815002441e+02
3.021203498840332031e+02
3.135681679248809814e+02
3.251461758613586426e+02
3.367089889049530029e+02
3.482859549522399902e+02
3.597268857955932617e+02
3.713525238037109375e+02
3.829640359878540039e+02
3.944219758510589600e+02
4.060025730133056641e+02
4.175356028079986572e+02
4.291171679496765137e+02
4.405276198387145996e+02
4.523527579307556152e+02
4.640357139110565186e+02
4.754835820198059082e+02
4.870750799179077148e+02
4.986287739276885986e+02
5.101893899440765381e+02
5.217023949623107910e+02
5.333239059448242188e+02
5.449319097995758057e+02
5.563421669006347656e+02
5.682121808528900146e+02
5.798731589317321777e+02
5.914210619926452637e+02
6.030239129066467285e+02
6.145867288112640381e+02
6.261581439971923828e+02
6.376020979881286621e+02
6.492179429531097412e+02
6.608297989368438721e+02
6.722497878074645996e+02
6.837615678310394287e+02
6.952900769710540771e+02
7.068006739616394043e+02
7.182577137947082520e+02
7.298893628120422363e+02
7.415506079196929932e+02
7.529666609764099121e+02
7.645796868801116943e+02
7.761003999710083008e+02
7.876161358356475830e+02
7.990963928699493408e+02
8.106488518714904785e+02
8.221760408878326416e+02
8.335730938911437988e+02
8.451683709621429443e+02
8.567927408218383789e+02
8.682329959869384766e+02
8.797491538524627686e+02
8.913105278015136719e+02
9.029624128341674805e+02
9.144233739376068115e+02
9.259966468811035156e+02
9.376074359416961670e+02
9.490560269355773926e+02
9.607580878734588623e+02
9.723237719535827637e+02
9.839345388412475586e+02
9.954632978439331055e+02
1.007068059921264648e+03
1.018750628948211670e+03
1.030167650938034058e+03
1.041911585807800293e+03
1.053459335803985596e+03
1.064920285940170288e+03
1.076410692930221558e+03
1.087970346927642822e+03
1.099495605945587158e+03
1.110911199808120728e+03
1.122453144788742065e+03
1.134021581888198853e+03
1.145434948921203613e+03
1.156990844964981079e+03
