1.259974230934234607e-01
1.955833118880352314e-02
1.273735909980590851e-02
1.013191812039133596e-02
8.458450231380030757e-03
7.544787818199641567e-03
6.789649942842786515e-03
6.274260743076178100e-03
5.796278907891523439e-03
5.476326927597887501e-03
5.105948677205447879e-03
4.771483080305398590e-03
4.676002323867578872e-03
4.458797455062124722e-03
4.275445213431136593e-03
4.228862698759753951e-03
4.045427387423722321e-03
3.910605705337083168e-03
3.994236691719115981e-03
3.725201959008519765e-03
3.544027469068484516e-03
3.476550988680098420e-03
3.511379743825400815e-03
3.414402429830599474e-03
3.219121610904836402e-03
3.148101641492517463e-03
3.143175274300863929e-03
3.106697895396070067e-03
3.030120362660259324e-03
3.347489734728358816e-03
3.019421396460574870e-03
2.844638482486719442e-03
2.893664597475300356e-03
2.753331582930100378e-03
3.066117002034174626e-03
2.816468633505033077e-03
2.877670064398526583e-03
2.713638970251564409e-03
2.673163572500252601e-03
2.577262652791492605e-03
2.556899627794254146e-03
2.538295592984851634e-03
2.672162612971961879e-03
2.450004766663271480e-03
2.632344478195606380e-03
2.708812185021881175e-03
2.406154114319629909e-03
2.434820722476208066e-03
2.438980579722362443e-03
2.462034014212451192e-03
2.438328115360166321e-03
2.500493042641561622e-03
2.355451217064256485e-03
2.286809672550833492e-03
2.351517374591790763e-03
2.255588817874424647e-03
2.329148567858185456e-03
2.289920614948303627e-03
2.326682760246309972e-03
2.246603172139903688e-03
2.377659165702280739e-03
2.201958067156407559e-03
2.237216093534508468e-03
2.199391181653850141e-03
2.254478904001635566e-03
2.444604459990452807e-03
2.278004592657173911e-03
2.116911257197981195e-03
2.157652435010043099e-03
2.200031822583279131e-03
2.075356095740996283e-03
2.057769737093448435e-03
2.013109227387004097e-03
2.160501026289487082e-03
2.180267286666815775e-03
2.030651255770013746e-03
2.066475408430708000e-03
2.085713200041480232e-03
2.037939620901273435e-03
2.074866907966965365e-03
2.026902490173948003e-03
1.970210289920236706e-03
1.968719453902229456e-03
1.949123972980729928e-03
1.987246817267897259e-03
1.944460665782517077e-03
1.975419761458006417e-03
2.119990861861406443e-03
2.038947604925588075e-03
1.941824261693002969e-03
1.990419744604418704e-03
1.962043543685604036e-03
1.911693315121351438e-03
1.934043399697621445e-03
1.952054739992644793e-03
1.914841544572286813e-03
1.837570025930140806e-03
1.867045079017708945e-03
1.849370467012889652e-03
1.861955949926132970e-03
