1.160951304435729980e+01
2.342318010330200195e+01
3.531315994262695312e+01
4.707596302032470703e+01
5.870799493789672852e+01
7.058675098419189453e+01
8.245208811759948730e+01
9.403117609024047852e+01
1.059185600280761719e+02
1.177970430850982666e+02
1.293855640888214111e+02
1.411060059070587158e+02
1.530405719280242920e+02
1.719002139568328857e+02
1.999853439331054688e+02
2.282188060283660889e+02
2.565463180541992188e+02
2.847911250591278076e+02
3.134249930381774902e+02
3.419772930145263672e+02
3.704657709598541260e+02
3.989651648998260498e+02
4.275001590251922607e+02
4.560454320907592773e+02
4.846779530048370361e+02
5.135949699878692627e+02
5.419911420345306396e+02
5.705963931083679199e+02
6.061681680679321289e+02
6.374839730262756348e+02
6.659322929382324219e+02
7.013341419696807861e+02
7.286606390476226807e+02
7.574349238872528076e+02
7.859545159339904785e+02
8.143823709487915039e+02
8.428934929370880127e+02
8.718693079948425293e+02
9.004385669231414795e+02
9.292220540046691895e+02
9.576816968917846680e+02
9.861349239349365234e+02
1.014856620073318481e+03
1.043879564046859741e+03
1.076220429897308350e+03
1.107754937887191772e+03
1.137116065025329590e+03
1.165914571046829224e+03
1.194495759963989258e+03
1.223087930917739868e+03
1.251845344066619873e+03
1.279674271106719971e+03
1.311002959012985229e+03
1.342596048116683960e+03
1.379391745090484619e+03
1.407980154991149902e+03
1.436447812080383301e+03
1.465063555955886841e+03
1.493848331928253174e+03
1.522685373067855835e+03
1.551239123106002808e+03
1.579839571952819824e+03
1.608515469074249268e+03
1.637243169069290161e+03
1.665697374105453491e+03
1.694318075895309448e+03
1.722819257974624634e+03
1.751356676101684570e+03
1.779810923099517822e+03
1.808383273124694824e+03
1.837352210044860840e+03
1.865994232892990112e+03
1.895257215976715088e+03
1.923411601066589355e+03
1.960438997030258179e+03
1.989677163124084473e+03
2.019274569988250732e+03
2.048017909049987793e+03
2.076798581123352051e+03
2.105179594039916992e+03
2.133798590898513794e+03
2.162561686992645264e+03
2.191031420946121216e+03
2.219528323888778687e+03
2.248245134115219116e+03
2.277231694936752319e+03
2.305874815940856934e+03
2.334348572969436646e+03
2.363039271116256714e+03
2.392053957939147949e+03
2.420433394908905029e+03
2.448935580968856812e+03
2.477630117893218994e+03
2.506205832004547119e+03
2.534989938020706177e+03
2.563940630912780762e+03
2.592812350034713745e+03
2.621632747888565063e+03
2.650346569061279297e+03
2.680175601005554199e+03
