9.863367849999407078e-01
9.958347146668710126e-01
9.980020680210807127e-01
9.985661170453079549e-01
9.987954556941985862e-01
9.988739680160175771e-01
9.989979348399422587e-01
9.990516537969762467e-01
9.991342983462593308e-01
9.992169428955425259e-01
9.992541329427199193e-01
9.992768601937727091e-01
9.993223146835634729e-01
9.993491741743955048e-01
9.993904964490369913e-01
9.994090914603107612e-01
9.994442154060710903e-01
9.994462815198030814e-01
9.994173559152390585e-01
9.994380170525598572e-01
9.995020665905692825e-01
9.994979343507900404e-01
9.994958682493729762e-01
9.995123971592295709e-01
9.995020665905692825e-01
9.995227277278899702e-01
9.995227277278899702e-01
9.995330582965503696e-01
9.995454549789428711e-01
9.995371905240145738e-01
9.995475210926749732e-01
9.995495872064070753e-01
9.995557855476032705e-01
9.995599177750673636e-01
9.995557855476032705e-01
9.995950417085127659e-01
9.995764466849240693e-01
9.995702483437277630e-01
9.996053722648581275e-01
9.996033061634410632e-01
9.996177689595655558e-01
9.995909094687335239e-01
9.995929755947806639e-01
9.996157028458335647e-01
9.996322317556901593e-01
9.996177689595655558e-01
9.996384300968863545e-01
9.996446284380826608e-01
9.996033061634410632e-01
9.996590912342071533e-01
9.996756201440637479e-01
9.996818184852600542e-01
9.996487606532317161e-01
9.996632234616713575e-01
9.996570251204750512e-01
9.996756201440637479e-01
9.996632234616713575e-01
9.996466945518146519e-01
9.996487606532317161e-01
9.996528928930109581e-01
9.996590912342071533e-01
9.996818184852600542e-01
9.996735540303316458e-01
9.996776862577958500e-01
9.996632234616713575e-01
9.996797523715279521e-01
9.996921490539204536e-01
9.996797523715279521e-01
9.996818184852600542e-01
9.996735540303316458e-01
9.996776862577958500e-01
9.996921490539204536e-01
9.997148763049732434e-01
9.997128101912411413e-01
9.997066118500449461e-01
9.996942151676524446e-01
9.997066118500449461e-01
9.997148763049732434e-01
9.997272729873657449e-01
9.997107440775091503e-01
9.996983473828016109e-01
9.997396696697581353e-01
9.997045457363128440e-01
9.997086779637770482e-01
9.997169424063903076e-01
9.997169424187053455e-01
9.997334713285619401e-01
9.997128101912411413e-01
9.997252068736336428e-01
9.997293391010978469e-01
9.997541324658827389e-01
9.997438018972223395e-01
9.997417357834902374e-01
9.997541324658827389e-01
9.997479341246865436e-01
9.997603308070789341e-01
9.997500002384185347e-01
9.997500002384185347e-01
9.997210746461694386e-01
9.997458680109544416e-01
