9.865144709917940125e-01
9.953057895145140943e-01
9.979090929031372292e-01
9.985681831836700217e-01
9.987830590118061957e-01
9.988987613684875422e-01
9.990495876832441446e-01
9.991735544948538994e-01
9.992479346015236130e-01
9.992727279663086160e-01
9.992603312716010766e-01
9.993243808096105019e-01
9.993409097071521696e-01
9.993760336529124988e-01
9.993739675391803967e-01
9.994152898138219943e-01
9.994421492923389883e-01
9.994504137472672856e-01
9.994256203824823936e-01
9.994462815074881545e-01
9.994607443159276849e-01
9.994917360219088831e-01
9.994876037821296411e-01
9.994958682493729762e-01
9.994814054532484837e-01
9.995351244102824717e-01
9.995061988180333756e-01
9.995185954881108392e-01
9.995144632729616729e-01
9.994855376807125769e-01
9.995268599553541744e-01
9.995599177750673636e-01
9.995702483437277630e-01
9.995475210926749732e-01
9.995413227514786669e-01
9.995413227514786669e-01
9.995640500025315678e-01
9.995723144574598651e-01
9.995971078222448680e-01
9.995909094810485618e-01
9.996136367321014626e-01
9.995950417085127659e-01
9.995805789000732355e-01
9.996136367321014626e-01
9.996198350732976579e-01
9.995867772535844686e-01
9.996095045046372585e-01
9.996342978571072235e-01
9.996301656419580572e-01
9.996549590067429492e-01
9.996260334144938531e-01
9.996136367321014626e-01
9.996322317556901593e-01
9.996528928930109581e-01
9.996177689595655558e-01
9.996570251204750512e-01
9.996239672884468241e-01
9.996652895754033485e-01
9.996466945518146519e-01
9.996487606655467539e-01
9.996611573356242175e-01
9.996590912342071533e-01
9.996694218028675527e-01
9.996880168264562494e-01
9.996652895754033485e-01
9.996466945518146519e-01
9.996425623120355208e-01
9.996921490539204536e-01
9.996797523715279521e-01
9.996652895630884217e-01
9.996838845989920452e-01
9.997107440775091503e-01
9.996818184852600542e-01
9.996735540303316458e-01
9.996756201317488211e-01
9.996921490539204536e-01
9.996942151676524446e-01
9.996714879165996548e-01
9.997148763049732434e-01
9.997148763049732434e-01
9.997086779637770482e-01
9.996921490416054157e-01
9.997086779637770482e-01
9.997128101912411413e-01
9.996900829401883515e-01
9.997169424187053455e-01
9.997334713285619401e-01
9.996962812813845467e-01
9.997148763049732434e-01
9.997210746461694386e-01
9.997024796225807419e-01
9.997190085324374476e-01
9.997334713285619401e-01
9.997293391010978469e-01
9.997086779637770482e-01
9.997293391010978469e-01
9.997169424063903076e-01
9.997252068736336428e-01
9.997355374422940422e-01
9.997210746461694386e-01
