9.868450495102711884e-01
9.957582683972090454e-01
9.979896713386882112e-01
9.986281004819003160e-01
9.988181829329364492e-01
9.988760341297496792e-01
9.990991744128140395e-01
9.991797528483651325e-01
9.992045462131500244e-01
9.992789263075048112e-01
9.993326452645387992e-01
9.993698353117163036e-01
9.993595047307408663e-01
9.994132237000898922e-01
9.993780997666446009e-01
9.994338848374106909e-01
9.993925625504540555e-01
9.994173559275540963e-01
9.994421492923389883e-01
9.994442154060710903e-01
9.994752071120521775e-01
9.994628104296597870e-01
9.994834715669805858e-01
9.994814054286184080e-01
9.995268599553541744e-01
9.994917360219088831e-01
9.995103310454975798e-01
9.995165293866937750e-01
9.995268599553541744e-01
9.995206616141579792e-01
9.995330582965503696e-01
9.995454549789428711e-01
9.995537194215561305e-01
9.995495872064070753e-01
9.995764466849240693e-01
9.995681822299957719e-01
9.995661161162636699e-01
9.995888433673164597e-01
9.995475210803599353e-01
9.996074383909051564e-01
9.996095045046372585e-01
9.996136367197864248e-01
9.995826450261202645e-01
9.996115706183693606e-01
9.996363639831542525e-01
9.996466945518146519e-01
9.996384300968863545e-01
9.996198350732976579e-01
9.996280995282259552e-01
9.996280995282259552e-01
9.996115706183693606e-01
9.996528928806959202e-01
9.996177689595655558e-01
9.996384300968863545e-01
9.996322317433751214e-01
9.996487606655467539e-01
9.996611573479392554e-01
9.996694218028675527e-01
9.996652895754033485e-01
9.996694218028675527e-01
9.996611573479392554e-01
9.996652895754033485e-01
9.996714879165996548e-01
9.996818184852600542e-01
9.996776862577958500e-01
9.996838845989920452e-01
9.996838845989920452e-01
9.996797523715279521e-01
9.996921490539204536e-01
9.996900829401883515e-01
9.997045457363128440e-01
9.997024796225807419e-01
9.997086779514620103e-01
9.997045457363128440e-01
9.997272729873657449e-01
9.996859507127241473e-01
9.996942151676524446e-01
9.997190085324374476e-01
9.996942151676524446e-01
9.996880168264562494e-01
9.997066118500449461e-01
9.996859507004091094e-01
9.997128101912411413e-01
9.997148763049732434e-01
9.997252068736336428e-01
9.997148763049732434e-01
9.997334713285619401e-01
9.997066118500449461e-01
9.997252068736336428e-01
9.997210746461694386e-01
9.997479341246865436e-01
9.997169424063903076e-01
9.997520663521506368e-01
9.997355374422940422e-01
9.997272729873657449e-01
9.997169424187053455e-01
9.997231407599015407e-01
9.997376035560261442e-01
9.997210746461694386e-01
9.997293391010978469e-01
