1.844662199243903289e-01
6.810381291247903646e-02
4.264071232546121082e-02
2.999074704246595599e-02
2.246817217813804751e-02
1.657663817284628707e-02
1.287839345331303828e-02
9.603615141939371089e-03
7.967642335454001856e-03
6.714971367735416037e-03
5.867668139049783335e-03
5.351715353899635236e-03
4.994013884919695952e-03
4.259095287532545585e-03
3.957043543603503723e-03
3.152190541964955579e-03
2.770117566455155677e-03
2.804512054135557472e-03
2.517529702978208751e-03
2.358857253682799821e-03
2.000812248908914563e-03
2.054073297244031048e-03
1.849686662200838343e-03
1.899493029020959609e-03
1.589488479396095532e-03
1.454465779417660025e-03
1.580299160181311861e-03
1.397850743654998869e-03
1.369995160610415095e-03
1.311094819655409145e-03
1.297394230699865135e-03
1.348009469627868334e-03
1.038467813268653108e-03
9.883545542252250571e-04
9.785864042787580791e-04
9.092274215945508019e-04
1.010711527240346292e-03
8.712213739490835438e-04
1.011808281196863429e-03
8.511463695322163490e-04
8.608155214897124331e-04
7.587559432722627709e-04
8.125472278043162615e-04
7.187129081139573359e-04
6.989620538442977479e-04
6.766798265598481443e-04
6.736244683634140789e-04
6.393468864553142643e-04
6.137237554576131793e-04
6.178877641723375114e-04
5.497705109009984716e-04
6.156017687244457696e-04
5.538421063538408011e-04
6.467849231848958992e-04
5.872834441834128916e-04
6.938635443802923302e-04
4.936482531629735092e-04
5.364932609736570469e-04
5.048735777600086476e-04
5.175663945992710216e-04
4.673551611122093215e-04
4.784136947491788292e-04
4.949252947699278767e-04
4.426027294757659816e-04
4.090882760574458886e-04
4.298766039355541701e-04
4.433142271591350263e-04
4.854684878409898483e-04
4.401727720542112114e-04
3.965819902841758587e-04
4.302580288567696616e-04
4.584291106366436162e-04
3.915835828811396030e-04
3.884517641999991780e-04
3.339551747121731516e-04
3.938161479782138416e-04
3.560614254529354873e-04
3.607522413440164858e-04
3.879268203672836795e-04
3.365268251218367108e-04
3.663474828354083140e-04
3.266738839229219797e-04
3.304526537431229632e-04
3.399635807363665858e-04
3.350032670423388212e-04
3.096898058283841459e-04
2.823493434552801565e-04
3.170442212212946963e-04
2.798184331040829624e-04
3.166683237504912436e-04
2.972587771946564564e-04
2.463413088880770274e-04
2.857322930321970532e-04
2.553417625049405563e-04
2.282571353462117163e-04
3.172838909922575312e-04
2.800963763875188319e-04
3.128734689307748236e-04
2.735122761623643046e-04
2.459999415659695071e-04
2.611672604507475864e-04
2.674432070416514766e-04
2.207054857753973874e-04
2.484434489706472738e-04
2.184663329535396900e-04
2.255367843026760851e-04
2.481581614156311917e-04
2.084019372123293494e-04
2.416556533225957463e-04
2.310371554740413464e-04
2.106121036631520866e-04
1.913852052784932307e-04
2.205518614100583381e-04
2.610845341550884565e-04
2.130397494802309605e-04
2.172131546176387967e-04
2.085742660601681451e-04
2.100242960095784011e-04
1.866452708236465620e-04
2.085246852839190996e-04
1.779416429999400859e-04
2.005776090591098284e-04
2.052474617976258640e-04
1.830723725979623831e-04
1.850690202245459687e-04
2.054195729833736448e-04
2.464816874417010578e-04
2.275079714472667608e-04
1.910979082567791838e-04
1.917157355346717066e-04
1.893153546825487789e-04
1.646260264042211953e-04
1.631967404246097543e-04
2.012142950516135819e-04
1.680537259380798700e-04
1.743319150373281437e-04
1.745878182882734046e-04
1.784746314842777912e-04
1.537410471537441431e-04
1.794278805464273195e-04
1.787700322311138801e-04
1.564183774480625163e-04
1.643715938189416258e-04
1.603859766673849637e-04
1.337743495605536769e-04
1.547559839364112070e-04
1.373576622736436470e-04
1.451306124035909337e-04
3.058579656262736392e-04
1.870107130162068545e-04
1.507726387590082511e-04
1.448319243572768883e-04
1.388207762320234850e-04
1.570180158523726169e-04
1.393241059158754046e-04
1.987118140532402241e-04
1.636380609725165535e-04
1.630058265691332092e-04
1.650908778174198341e-04
1.692589920821774339e-04
1.728580312737904056e-04
1.517710480675305137e-04
1.316361200588289518e-04
1.344622085107403183e-04
1.372186690168746275e-04
1.311620161595783299e-04
1.357769656533491895e-04
1.394499715879646902e-04
1.184170670621824688e-04
1.166013765869138241e-04
1.172722425235406225e-04
1.321721148451615460e-04
1.204914463269233187e-04
1.212690144802763874e-04
1.187716058102523644e-04
1.328690760183235309e-04
1.240225605324667417e-04
1.485160980882937933e-04
1.370464796582382470e-04
1.171104628483590271e-04
1.224691536117461488e-04
1.372827356590278268e-04
1.750768777064877328e-04
1.612181257296469903e-04
1.405571169243558069e-04
1.336049896144686630e-04
1.140312365096178863e-04
1.254406140888022613e-04
1.288138173749757832e-04
1.072381052954369802e-04
1.127823430688295079e-04
1.250771509094192877e-04
1.133261636296083494e-04
1.195287527425534815e-04
1.168307987354637604e-04
1.152501531960297104e-04
1.153588258457602963e-04
1.251480353730585152e-04
1.019916369732527551e-04
1.015411299358675082e-04
