1.857465029656887034e-01
6.742040345072745910e-02
4.357770771626383322e-02
2.988141450006514752e-02
2.194669763511046881e-02
1.548579540150240089e-02
1.202456721663474996e-02
9.477417532820255064e-03
7.988305499777198157e-03
6.990155656589194973e-03
5.980627415701746975e-03
5.153431445127353364e-03
4.365252958494238861e-03
4.129253007122315154e-03
3.317606608034111629e-03
3.064098692964762304e-03
2.700126795098185383e-03
2.526123133953660574e-03
2.335027757304487719e-03
2.176150889135897246e-03
2.050932943238876864e-03
1.945191501610679620e-03
1.812998682726174550e-03
1.792932824610034021e-03
1.582052156096324259e-03
1.493126165238208968e-03
1.486361053452128636e-03
1.300019779126159770e-03
1.371589732269057988e-03
1.162959140900056898e-03
1.139142153406282791e-03
1.109048795959097309e-03
1.058467759314226080e-03
9.278459599881899115e-04
9.672758668602909849e-04
9.035242986137746084e-04
9.074658610916231218e-04
8.976896791282342435e-04
8.358153691515326448e-04
7.527005143783754241e-04
7.975681842654012412e-04
7.032795990235172177e-04
6.663511126680531950e-04
6.526697567460359875e-04
7.095376506913453080e-04
7.068553919380065123e-04
6.171911489800549705e-04
6.484216911194380911e-04
5.473519219012815086e-04
5.379017496161395866e-04
5.460301199345849159e-04
6.175246968850842989e-04
5.716471725900192048e-04
5.335185938383801320e-04
5.728621690359432745e-04
5.230755837255855701e-04
4.656874081483692706e-04
5.218059701001038402e-04
4.988550396228674669e-04
4.971376720422995572e-04
4.393883031007135022e-04
4.282176862689084508e-04
4.626522223697975174e-04
4.143353879553615172e-04
3.671871846308931951e-04
4.233211214886978399e-04
3.605943349757581204e-04
3.952185800735606063e-04
3.567317221568373645e-04
3.607211459675454417e-04
4.474361479733488553e-04
3.304659463028656588e-04
3.472719054989284048e-04
3.415743798686890010e-04
4.200919566646916787e-04
3.408119982341304473e-04
3.206605373925412836e-04
3.714853492019756158e-04
3.107048037491040278e-04
2.843030023614119203e-04
3.257582169499073600e-04
3.038988273910945312e-04
2.965361231254064309e-04
3.027908079238841453e-04
3.344129817778593913e-04
3.124453185373568184e-04
2.699573532008798702e-04
3.241547296420321778e-04
3.327299356315051933e-04
2.849768938394845689e-04
2.896669850924808959e-04
2.638777641113847694e-04
2.462789024466474153e-04
3.305756829322490536e-04
3.347797004316816773e-04
2.662907908488705219e-04
3.758743074176891237e-04
2.559058005172118824e-04
3.075307649487512922e-04
3.028738133580191182e-04
2.545146250377001550e-04
2.608788961260870504e-04
2.337189140780537822e-04
2.386844893626403018e-04
2.432159753152518414e-04
2.820739738635893610e-04
2.195542513691179905e-04
2.165527483302867172e-04
2.343908705261128485e-04
1.945333848416339723e-04
2.344858098149416015e-04
2.359909660990524509e-04
2.108347486064303660e-04
2.000792671860835944e-04
2.156427827358129530e-04
2.094328737257455995e-04
2.004355829958513031e-04
2.147810217647929732e-04
1.751682193498709363e-04
1.793864389146619870e-04
1.858022997803345834e-04
2.476225809186871456e-04
2.129673039162298788e-04
2.140816478313354232e-04
1.978610714104433901e-04
1.843612644333916253e-04
1.609980994981015227e-04
1.930307252077909683e-04
1.881878082749608566e-04
1.858175001161726093e-04
1.808386852535477315e-04
1.690128073605592267e-04
1.753348340571392436e-04
1.955647891409171223e-04
2.136176186540979054e-04
1.836193713461398104e-04
1.624010605446528745e-04
1.719158052364946399e-04
1.458666085673030529e-04
1.718012021483446034e-04
1.719471933702152518e-04
1.464475703705829740e-04
1.686465169841539977e-04
1.650942947508155943e-04
1.396367055385781114e-04
1.443074259186687548e-04
1.601279837159381688e-04
1.894079195681115419e-04
1.377966800646390766e-04
1.586523308142204843e-04
2.115791692722268657e-04
1.865712484777759658e-04
1.441310244044871180e-04
2.066471585640101635e-04
1.981317155987198924e-04
1.580613299320248193e-04
1.587753485819121113e-04
1.349890374840469990e-04
1.637888670411484840e-04
1.391737224694225073e-04
1.605105227608873868e-04
1.290424786984658515e-04
1.403030156434397109e-04
1.339673480661076742e-04
1.297444736992474671e-04
1.351713314106746031e-04
1.545568213514343235e-04
1.487240140049834601e-04
1.297925657854648318e-04
1.376853367873991508e-04
1.429650100944854663e-04
1.290669079717190516e-04
1.242603283044445631e-04
1.249550388147326768e-04
1.106924825689930018e-04
1.116301640431629512e-04
1.135677114998543460e-04
1.204727024214662421e-04
1.222925167257926616e-04
1.001338552887318719e-04
1.151237815738568378e-04
1.191111940897826625e-04
1.104756290787918272e-04
1.039136419331043758e-04
1.113968244280840711e-04
1.198677184802363614e-04
1.026116145494597665e-04
1.035224208380895988e-04
1.284421428845234823e-04
1.099112095935197438e-04
1.126923765714309367e-04
1.084662658267916376e-04
1.046383027332922208e-04
1.230778515428028247e-04
1.152713806022802572e-04
1.017002366825181536e-04
1.016079777346021754e-04
1.169183165875438131e-04
1.046825633820844855e-04
1.054533377773623224e-04
