1.027233976721763531e+00
2.988836836516857165e-01
2.314539689570665471e-01
1.938605142310261820e-01
1.685630141347646826e-01
1.490108409672975531e-01
1.336661807224154563e-01
1.213141660653054704e-01
1.120864712446928008e-01
1.020943851061165281e-01
9.424855383113026064e-02
8.763185330480337265e-02
8.117401992157101398e-02
7.546423386782408205e-02
7.088939534500240947e-02
6.751119934022425939e-02
6.266398885846137523e-02
5.772505784966051878e-02
5.488931205309927758e-02
5.258632115274667479e-02
4.909396929852664210e-02
4.629955583810806130e-02
4.303132553398609367e-02
4.090234487503766753e-02
3.923738528881221682e-02
3.704034335166216108e-02
3.532465483807027684e-02
3.306193538941443189e-02
3.223939132876694341e-02
3.021581415738910578e-02
2.836259729880839450e-02
2.688917424343526333e-02
2.607850612979382282e-02
2.501813709083944640e-02
2.414728631079196899e-02
2.270912508014589701e-02
2.141031369753182076e-02
2.129336436372250216e-02
1.968833269737660721e-02
1.924879856687039190e-02
1.867358347773551835e-02
1.786505029583349696e-02
1.738175530545413641e-02
1.622324722446501222e-02
1.520049664005637159e-02
1.500408542761579207e-02
1.418246696563437576e-02
1.414978663669899141e-02
1.358238790836185234e-02
1.260014875233173362e-02
1.295133932586759254e-02
1.246945893345400777e-02
1.201379820099100423e-02
1.177160932216793354e-02
1.120341182779520731e-02
1.099216681439429445e-02
9.921287207165733341e-03
9.857030626386403815e-03
9.919897193089126722e-03
9.345408667111769832e-03
9.592476224992424819e-03
9.211968551855534426e-03
8.897799126338213835e-03
8.644693284528329885e-03
8.145487640984355737e-03
8.294454067479818324e-03
7.635757877025753197e-03
7.646953509887680425e-03
7.639001608593389524e-03
7.460762560134753807e-03
6.943397665279917551e-03
7.296930895652621596e-03
6.743106853449717594e-03
6.580635179299861026e-03
6.784166492638177975e-03
6.337144620832986866e-03
6.339023262495174955e-03
6.366957245161756693e-03
5.982478619553148642e-03
5.615463539725169297e-03
5.804829807719215362e-03
5.828774210065603041e-03
5.536008757422677777e-03
5.496766789583489021e-03
5.711785735213198087e-03
5.330574246123433516e-03
5.092356692068278692e-03
4.952400187263264822e-03
5.031500972458161254e-03
5.065743651706725199e-03
5.010687163216061973e-03
4.737982060294598265e-03
4.866089379880577173e-03
4.655617753509431848e-03
4.500217792345211076e-03
4.493483644095249731e-03
4.305761186173185338e-03
4.275897435261868072e-03
4.164900516392663031e-03
4.276684679090976375e-03
4.087979640811681761e-03
4.131231556646525714e-03
4.074798699584789539e-03
3.980417676619253664e-03
3.909985767793841896e-03
3.811926321242936101e-03
3.656255746260285520e-03
3.735193359432742184e-03
3.688580074114725105e-03
3.364580048248171779e-03
3.497957160929217758e-03
3.469059302413370419e-03
3.301282103639096004e-03
3.418829821282997738e-03
3.479544946574605804e-03
3.348314786446280732e-03
3.118011448998004101e-03
3.249114992795512028e-03
3.266088346601464000e-03
3.418270787224173598e-03
3.130660815280862305e-03
2.973969147598836717e-03
3.060240806837100699e-03
3.054386171686928643e-03
2.969466748938429969e-03
3.006579031643923268e-03
2.768009721301496057e-03
2.814212040160782649e-03
2.786479672184213798e-03
2.803678179858252410e-03
2.770329569291789251e-03
2.769580411841161653e-03
2.539388205681461941e-03
2.626938604982569786e-03
2.579826320637948825e-03
2.691357773321214914e-03
2.508905506576411537e-03
2.378259283839724916e-03
2.574358024052344433e-03
2.401779711130075119e-03
2.620186828309670028e-03
2.468773805943783560e-03
2.378799889353103766e-03
2.392313035961706347e-03
2.370631845231400709e-03
2.282718961301725275e-03
2.225079561234451740e-03
2.275852589926216901e-03
2.207859791058581437e-03
2.236333960900083098e-03
2.259829473681747997e-03
2.283522933168569396e-03
2.242273677489720497e-03
2.177626667253207329e-03
2.197510605445131705e-03
2.104833470075391337e-03
2.154177614604122978e-03
2.109619437251240067e-03
2.194339801179012468e-03
2.077221166051458363e-03
2.061910135322250499e-03
2.038284800655674155e-03
1.930747959238942636e-03
2.031984621367883062e-03
1.960412971151527170e-03
1.998564374109264383e-03
1.891026887577027145e-03
1.962613857060205129e-03
1.852507515461184135e-03
1.996522193483542696e-03
1.930713026667945113e-03
1.873369452776387292e-03
1.822877961967606141e-03
1.857531691377516808e-03
1.815402434207498980e-03
1.854280079860473086e-03
1.648528333811555020e-03
1.778450998943298953e-03
1.667783160140970736e-03
1.940451460250187726e-03
1.650484770012553741e-03
1.692397931648883906e-03
1.633433899260126106e-03
1.712381011748220685e-03
1.676151290856068904e-03
1.604228323267307098e-03
1.596947609068592906e-03
1.638936237606685538e-03
1.611053494299994693e-03
1.545123359974240980e-03
1.563924902642611437e-03
1.564926365535939095e-03
1.591604955639923033e-03
1.560351769468979822e-03
1.459661480970680719e-03
1.607953060942236357e-03
1.483153488603420602e-03
1.491054382786387560e-03
1.475440197013085705e-03
1.470705657353391874e-03
