2.420609712600708008e+01
5.196856117248535156e+01
8.540044713020324707e+01
1.231803181171417236e+02
1.607413651943206787e+02
1.983653700351715088e+02
2.361148691177368164e+02
2.737301261425018311e+02
3.121746990680694580e+02
3.506598570346832275e+02
3.896718909740447998e+02
4.297867941856384277e+02
4.685877840518951416e+02
5.123136789798736572e+02
5.503219599723815918e+02
5.995474901199340820e+02
6.619016211032867432e+02
7.439851579666137695e+02
8.427832651138305664e+02
9.384300191402435303e+02
1.036532251119613647e+03
1.130666522026062012e+03
1.225679741144180298e+03
1.321220890045166016e+03
1.417553500175476074e+03
1.516920788049697876e+03
1.610885249137878418e+03
1.709455191135406494e+03
1.803688557147979736e+03
1.903203198194503784e+03
2.001846187114715576e+03
2.101199742078781128e+03
2.194035796165466309e+03
2.291784670114517212e+03
2.384626569032669067e+03
2.488011392116546631e+03
2.579487514019012451e+03
2.673780423164367676e+03
2.768010960102081299e+03
2.862664937019348145e+03
2.953124552965164185e+03
3.045017023086547852e+03
3.137060914993286133e+03
3.225799170017242432e+03
3.322346379041671753e+03
3.417309830188751221e+03
3.506192332983016968e+03
3.598990864038467407e+03
3.679257865190505981e+03
3.757927790164947510e+03
3.842795145988464355e+03
3.925897328138351440e+03
4.009540183067321777e+03
4.081897204160690308e+03
4.151242874145507812e+03
4.222028501987457275e+03
4.276694835186004639e+03
4.335007766008377075e+03
4.389930870056152344e+03
4.437672141075134277e+03
4.484922549009323120e+03
4.532672472000122070e+03
4.576741976022720337e+03
4.615408524990081787e+03
4.654349097967147827e+03
4.693250478029251099e+03
4.731836085081100464e+03
4.770113331079483032e+03
4.808819018125534058e+03
4.848932758092880249e+03
4.902417715072631836e+03
4.972498278141021729e+03
5.037502402067184448e+03
5.109512223005294800e+03
5.177777269124984741e+03
5.247295834064483643e+03
5.314844881057739258e+03
5.383622315168380737e+03
5.452572017192840576e+03
5.523684611082077026e+03
5.593375020027160645e+03
5.657494335174560547e+03
5.726552249193191528e+03
5.795341818094253540e+03
5.864839835166931152e+03
5.932393824100494385e+03
5.999680512189865112e+03
6.070056944131851196e+03
6.138198191165924072e+03
6.208164193153381348e+03
6.278719653129577637e+03
6.350010148048400879e+03
6.421137300014495850e+03
6.489504096984863281e+03
6.559913516998291016e+03
6.627216106176376343e+03
6.692942536115646362e+03
6.741919645071029663e+03
6.791115648031234741e+03
6.839049820184707642e+03
6.886985394001007080e+03
6.935469655990600586e+03
6.985275382995605469e+03
7.034981569051742554e+03
7.084912446975708008e+03
7.134668991088867188e+03
7.182589651107788086e+03
7.229836634159088135e+03
7.278711978197097778e+03
7.328331717014312744e+03
7.377494695186614990e+03
7.425533199071884155e+03
7.474480283021926880e+03
7.522184449195861816e+03
7.569486230134963989e+03
7.618136830091476440e+03
7.666992786169052124e+03
7.715258294105529785e+03
7.765021027088165283e+03
7.814686618089675903e+03
7.864028741121292114e+03
7.912128839015960693e+03
7.959917124032974243e+03
8.008622987031936646e+03
8.058571922063827515e+03
8.107737281084060669e+03
8.156677266120910645e+03
8.206743858098983765e+03
8.254482010126113892e+03
8.302664159059524536e+03
8.352158972978591919e+03
8.402212458133697510e+03
8.451277333974838257e+03
8.499840535163879395e+03
8.549393965005874634e+03
8.596823148965835571e+03
8.639744155168533325e+03
8.682165981054306030e+03
8.724408473014831543e+03
8.766298287153244019e+03
8.805310266017913818e+03
8.844126269102096558e+03
8.882652362108230591e+03
8.921243713140487671e+03
8.959847385168075562e+03
8.998153166055679321e+03
9.036683457136154175e+03
9.075081652164459229e+03
9.113590157985687256e+03
9.152176455974578857e+03
9.190900431156158447e+03
9.229536230087280273e+03
9.268544106006622314e+03
9.307259091138839722e+03
9.345518968105316162e+03
9.383972064018249512e+03
9.422729037046432495e+03
9.461153894186019897e+03
9.499746612071990967e+03
9.537980808019638062e+03
9.576346808195114136e+03
9.615035315990447998e+03
9.653915014028549194e+03
9.692494459152221680e+03
9.731249315977096558e+03
9.770039641141891479e+03
9.808961201190948486e+03
9.847769520998001099e+03
9.886818387985229492e+03
9.925850484132766724e+03
9.964314177036285400e+03
1.000294862008094788e+04
1.004141699218750000e+04
1.008005326700210571e+04
1.011915138316154480e+04
1.015805543112754822e+04
1.019418665814399719e+04
1.022767491412162781e+04
1.025647822809219360e+04
1.028577553200721741e+04
1.031301559710502625e+04
1.033733703899383545e+04
1.036273478603363037e+04
1.038750097703933716e+04
1.041206819796562195e+04
1.043749291610717773e+04
1.046193833303451538e+04
1.048748686599731445e+04
1.051232086014747620e+04
1.053714329719543457e+04
1.056251726913452148e+04
1.058712216615676880e+04
1.061279795217514038e+04
1.063732010102272034e+04
1.066243633818626404e+04
1.068673072600364685e+04
1.070732578206062317e+04
1.072621966814994812e+04
1.074122597312927246e+04
1.075454105019569397e+04
