3.937389135360717773e+00
7.883413076400756836e+00
1.220306110382080078e+01
1.708196997642517090e+01
2.215855503082275391e+01
2.703413605690002441e+01
3.189965415000915527e+01
3.679073596000671387e+01
4.179867601394653320e+01
4.679871201515197754e+01
5.185979604721069336e+01
5.676842808723449707e+01
6.179835414886474609e+01
6.670884108543395996e+01
7.160460495948791504e+01
7.652590394020080566e+01
8.147107696533203125e+01
8.649099707603454590e+01
9.157578206062316895e+01
9.646039700508117676e+01
1.015033271312713623e+02
1.064104599952697754e+02
1.113334209918975830e+02
1.162007889747619629e+02
1.212015609741210938e+02
1.262281260490417480e+02
1.311818799972534180e+02
1.362038900852203369e+02
1.412450611591339111e+02
1.462799479961395264e+02
1.511863670349121094e+02
1.560629930496215820e+02
1.610409209728240967e+02
1.661070880889892578e+02
1.711530201435089111e+02
1.760356931686401367e+02
1.810218241214752197e+02
1.859285271167755127e+02
1.908781001567840576e+02
1.957781441211700439e+02
2.008238890171051025e+02
2.058424899578094482e+02
2.108498809337615967e+02
2.158448851108551025e+02
2.209791760444641113e+02
2.259294710159301758e+02
2.308179490566253662e+02
2.356707820892333984e+02
2.406424400806427002e+02
2.458407950401306152e+02
2.507381169795989990e+02
2.557873301506042480e+02
2.608730900287628174e+02
2.658045430183410645e+02
2.707257809638977051e+02
2.756138939857482910e+02
2.806105749607086182e+02
2.857204620838165283e+02
2.908358240127563477e+02
2.958480160236358643e+02
3.008009920120239258e+02
3.057943639755249023e+02
3.107239050865173340e+02
3.155866291522979736e+02
3.206163811683654785e+02
3.257013020515441895e+02
3.306416871547698975e+02
3.356229391098022461e+02
3.405303680896759033e+02
3.454627690315246582e+02
3.503987669944763184e+02
3.552822029590606689e+02
3.602608230113983154e+02
3.653306460380554199e+02
3.703004570007324219e+02
3.753205349445343018e+02
3.803866450786590576e+02
3.854141941070556641e+02
3.903238971233367920e+02
3.952484741210937500e+02
4.002509551048278809e+02
4.052121551036834717e+02
4.100787329673767090e+02
4.149109740257263184e+02
4.197587840557098389e+02
4.245739610195159912e+02
4.294350211620330811e+02
4.342920501232147217e+02
4.391358289718627930e+02
4.439847891330718994e+02
4.488591639995574951e+02
4.537454590797424316e+02
4.586130290031433105e+02
4.634476661682128906e+02
4.682939579486846924e+02
4.731660890579223633e+02
4.780755369663238525e+02
4.829288589954376221e+02
4.877934889793395996e+02
4.926360149383544922e+02
4.975270199775695801e+02
5.024040350914001465e+02
5.073238990306854248e+02
5.121744329929351807e+02
5.170140471458435059e+02
5.220339701175689697e+02
5.268803529739379883e+02
5.317177441120147705e+02
5.365520479679107666e+02
5.413815760612487793e+02
5.462790100574493408e+02
5.511448371410369873e+02
5.560064680576324463e+02
5.609583511352539062e+02
5.660290031433105469e+02
5.710130300521850586e+02
5.759008400440216064e+02
5.809927599430084229e+02
5.859068591594696045e+02
5.908381249904632568e+02
5.957317590713500977e+02
6.007406320571899414e+02
6.057936611175537109e+02
6.108404870033264160e+02
6.157894611358642578e+02
6.208353250026702881e+02
6.257534539699554443e+02
6.306649301052093506e+02
6.355890231132507324e+02
6.407752370834350586e+02
6.458482940196990967e+02
6.510426530838012695e+02
6.559674639701843262e+02
6.609826121330261230e+02
6.659247219562530518e+02
6.708363499641418457e+02
6.757115831375122070e+02
6.806994161605834961e+02
6.856916000843048096e+02
6.907156000137329102e+02
6.957360329627990723e+02
7.008390240669250488e+02
7.057548270225524902e+02
7.106414949893951416e+02
7.154931631088256836e+02
7.204679951667785645e+02
7.255426249504089355e+02
7.305543351173400879e+02
7.355913989543914795e+02
7.405263209342956543e+02
7.457206161022186279e+02
7.506426811218261719e+02
7.554928350448608398e+02
7.604544811248779297e+02
7.654629349708557129e+02
7.704456231594085693e+02
7.755782930850982666e+02
7.805426919460296631e+02
7.855678961277008057e+02
7.904710190296173096e+02
7.953710241317749023e+02
8.003164010047912598e+02
8.053314621448516846e+02
8.103744590282440186e+02
8.154146299362182617e+02
8.203776631355285645e+02
8.255189969539642334e+02
8.305106451511383057e+02
8.353704121112823486e+02
8.403577539920806885e+02
8.453147921562194824e+02
8.503740849494934082e+02
8.554841670989990234e+02
8.604112529754638672e+02
8.654264941215515137e+02
8.703535661697387695e+02
8.752618629932403564e+02
8.801594409942626953e+02
8.852189469337463379e+02
8.902520821094512939e+02
8.952357780933380127e+02
9.001605360507965088e+02
9.052178230285644531e+02
9.101427061557769775e+02
9.150241041183471680e+02
9.199862790107727051e+02
9.249492039680480957e+02
9.299910931587219238e+02
9.350364370346069336e+02
9.399967379570007324e+02
9.450341961383819580e+02
9.499629909992218018e+02
9.549113850593566895e+02
9.597956321239471436e+02
9.648427460193634033e+02
9.699501140117645264e+02
9.750904090404510498e+02
9.793935699462890625e+02
9.832796461582183838e+02
9.873328940868377686e+02
