1.847174208164215070e-01
6.828906731307506084e-02
4.254571283236145696e-02
2.963698193198070069e-02
2.207179570756852630e-02
1.694789662165567187e-02
1.248074983758851869e-02
9.994193935301154408e-03
8.741862605558708629e-03
7.064661893993615972e-03
6.010709741385653754e-03
5.188381039886735130e-03
4.426524090580642203e-03
4.336141819134354917e-03
3.746616056771017497e-03
3.203284240385983073e-03
2.814989817969035333e-03
2.901575682102702433e-03
2.380219001148361612e-03
2.111801412247587151e-03
2.240570855472469661e-03
2.035880424286005963e-03
1.948696147708687924e-03
1.706575332762440755e-03
1.535984942020149823e-03
1.586283298034686521e-03
1.385969665134325571e-03
1.314624270133208468e-03
1.428081123653100878e-03
1.204400295333471222e-03
1.187414811720373126e-03
1.246051688707666390e-03
1.191272629264858484e-03
1.085587557899998605e-03
9.525299404049291947e-04
9.587515414896188599e-04
9.069128862465731513e-04
9.074663512437837346e-04
8.803351145470515249e-04
9.203631278505782116e-04
9.086235753493383804e-04
8.402901490626391240e-04
7.378564134269254568e-04
6.782386618288001583e-04
7.291515193646773895e-04
7.117550146649591391e-04
6.837476938926556396e-04
6.441601983678993219e-04
6.552439526276430167e-04
6.277235215675318466e-04
6.105544575984822413e-04
6.496650714689167303e-04
5.709543280972866801e-04
6.738929900893708864e-04
6.265895797769189526e-04
6.350935323062004059e-04
5.723356789021636411e-04
5.712001636566128989e-04
4.781700354942586121e-04
5.776446321542607829e-04
4.476251833839341751e-04
4.817299315473064919e-04
4.677102130444836720e-04
4.261540083170984607e-04
4.001021948570269429e-04
4.686655673503991909e-04
3.752817927233991174e-04
4.507980111957294862e-04
3.944293300592107711e-04
3.742678586713737098e-04
3.727386551836389043e-04
3.967111941601615308e-04
3.621040019497740836e-04
3.763550324292737142e-04
3.434838776447577628e-04
3.619124406832270385e-04
3.491549436512286753e-04
3.767043408515746705e-04
3.299980604715529162e-04
2.768314475761144691e-04
3.222257877023366654e-04
3.184483279255800664e-04
2.998986055717978334e-04
2.731114364396489960e-04
3.040953066520160034e-04
2.922233799927198366e-04
3.175263967750652184e-04
3.070531655248487130e-04
3.031978986982721632e-04
2.593264070819714206e-04
3.085495421946689125e-04
2.656236730472301324e-04
3.141717676226107913e-04
3.129933850577799491e-04
2.797562249434122411e-04
2.611851786205079658e-04
2.566274811324547266e-04
2.653922420431626761e-04
3.020201281542540393e-04
2.596754007827257560e-04
2.220746294951823007e-04
2.614426389336586072e-04
2.383754897600738392e-04
2.149475908354361322e-04
2.166410417630686451e-04
2.278950055624591161e-04
2.435925254831090609e-04
2.520183644410280946e-04
2.026037695759441606e-04
2.196247077190491867e-04
2.075280226672475642e-04
1.960662869860243574e-04
2.265636782904039250e-04
2.751815358169551430e-04
2.062681483530468451e-04
2.051342245867999678e-04
2.142263275491131905e-04
2.157961161101411469e-04
2.409708321574726146e-04
2.669688638816296658e-04
2.128320159172289992e-04
1.988706083247961879e-04
2.438683339496492417e-04
1.992383044125745127e-04
2.450789517824887337e-04
2.009089612620300661e-04
1.999637320004694582e-04
2.061133847782912164e-04
2.102331290407164442e-04
2.061086937937943735e-04
1.901030838307633548e-04
1.800937445441377265e-04
1.931275470451510089e-04
1.882554321637144206e-04
1.632155618317483357e-04
2.064023933107819264e-04
2.378203058979124656e-04
1.719911890450020922e-04
1.766905564072658195e-04
1.668386792916862866e-04
1.666491036521620180e-04
2.056030041439953443e-04
1.714347225570236389e-04
1.803414681198774021e-04
1.453540261827583992e-04
2.489021007168048605e-04
1.555753255888703182e-04
1.635053090922156224e-04
1.485228223609738043e-04
1.603341517984517789e-04
1.458327497794016333e-04
1.570408456773293531e-04
1.504178360901278159e-04
1.362135001727438175e-04
1.454355385176313591e-04
1.421387520258576972e-04
1.480650924404471828e-04
1.355994685200130427e-04
1.530856538392981762e-04
1.640272935819666732e-04
1.481156991703755810e-04
1.458403862634440810e-04
1.457446579370298419e-04
1.431790528513374617e-04
1.353532038847333726e-04
1.409124450474337291e-04
1.359055370194255314e-04
1.281218757121678215e-04
1.407456954621011380e-04
1.460079141361347898e-04
1.269669454977702232e-04
1.300319744623266288e-04
1.310884205449838085e-04
1.310894488997291880e-04
1.410163566906703740e-04
1.263182074608266677e-04
1.395287460818508507e-04
1.522834761535705301e-04
1.408959580021473769e-04
1.181123149071936477e-04
1.326261494905338573e-04
1.746642509533557997e-04
1.356312992502353124e-04
1.171861451275617549e-04
1.071391266195860238e-04
1.200827078309885175e-04
1.136892105769220446e-04
1.049875015378347575e-04
1.168575592801062183e-04
1.198739643559747502e-04
1.079425502739468423e-04
1.443965727958129827e-04
1.036943532326404171e-04
1.076942175332078530e-04
1.191712917416225471e-04
1.310841644826723628e-04
1.160611989253084212e-04
1.160215933014114919e-04
1.252341138424526367e-04
1.413941702212468830e-04
