1.027922962754964864e+00
3.014185379147529820e-01
2.318689202964305807e-01
1.930086009502410826e-01
1.690658383816480703e-01
1.491426019296050176e-01
1.343527919352054678e-01
1.215675373524427449e-01
1.117755451276898349e-01
1.023178992457687841e-01
9.426572567969560001e-02
8.743817757815122715e-02
8.142234918847679470e-02
7.541871384903788000e-02
7.239200596511363717e-02
6.589864394068717379e-02
6.192192633263766954e-02
5.965033914521336578e-02
5.513110220618545887e-02
5.161230504885316178e-02
4.881187359243631396e-02
4.640624621696769897e-02
4.346681753918528457e-02
4.188578098453581144e-02
3.990356696210801274e-02
3.782602989301085683e-02
3.531077551655471131e-02
3.339086962118744534e-02
3.163128249812871551e-02
3.040653926786035174e-02
2.921715716272592703e-02
2.761598854139447196e-02
2.628183635044843008e-02
2.496503162570297765e-02
2.354837624914944000e-02
2.273089601937681309e-02
2.204187204968184252e-02
2.074617121415212734e-02
2.018713196273893076e-02
1.919698276650160657e-02
1.819140144530683595e-02
1.757321158284321297e-02
1.703619357571005757e-02
1.631641740165650986e-02
1.567991169379092872e-02
1.508778135152533638e-02
1.475391951156780103e-02
1.423945361934602326e-02
1.365051443548873089e-02
1.289553820947185112e-02
1.259188025863841251e-02
1.224593236530199629e-02
1.156258155358955327e-02
1.103228048654273166e-02
1.113178786588832694e-02
1.070773323765024550e-02
1.027789749996736723e-02
1.038332486245781110e-02
1.003498257091268824e-02
9.755955491680651237e-03
9.394765555160120366e-03
9.100397012662141821e-03
8.898974533658475516e-03
8.649734021048061799e-03
8.404651317279786607e-03
8.156221724115312807e-03
8.108403758145869139e-03
7.622861592331901283e-03
7.502749935723840823e-03
7.249584598816000147e-03
7.251387592172250235e-03
6.749096566578373195e-03
6.977426863159053028e-03
6.579892655834555446e-03
6.582945778500288309e-03
6.087810894241556595e-03
6.341302170418203037e-03
6.295620229560881624e-03
5.979534568730742079e-03
5.744066005572676797e-03
5.688829702790826684e-03
5.804325691773555909e-03
5.448043879354372808e-03
5.587832348304800842e-03
5.267789832316339266e-03
5.107287682942114604e-03
5.122504628379829020e-03
4.892179986461997129e-03
4.836092372192069867e-03
4.764527521445415664e-03
4.757479352643713064e-03
4.587276601931080007e-03
4.754933095653541761e-03
4.552351733902469666e-03
4.552904830779880632e-03
4.321266413549892937e-03
4.340893286629579628e-03
4.258856617030687929e-03
4.039730572025291774e-03
4.133749488391913647e-03
4.016652363934554264e-03
4.265093132969923449e-03
4.098361367709003021e-03
4.168291904381476141e-03
3.871505016344599630e-03
3.820929667912423538e-03
3.795289297355339004e-03
3.684250418562442109e-03
3.740372758009470784e-03
3.591138388263061688e-03
3.510509728221222672e-03
3.602584639564156664e-03
3.617113710264675125e-03
3.363956379413138905e-03
3.303361654456239086e-03
3.369118815811816478e-03
3.124754251446574919e-03
3.181548573484178737e-03
3.230896930734161211e-03
3.046431844821199594e-03
3.193304502463433815e-03
3.042156933166552130e-03
3.083020650199614320e-03
3.106932020629756333e-03
2.761093858105596183e-03
3.047377681767102393e-03
3.032644964987412164e-03
2.813476838869974003e-03
2.788203675765544166e-03
2.723261206760071128e-03
2.909077129676006842e-03
2.664928227663040331e-03
2.556879302836023368e-03
2.631750889064278336e-03
2.708369329047854903e-03
2.531744183856062588e-03
2.624712868710048306e-03
2.658942732203285926e-03
2.468549544457346399e-03
2.565240252471994581e-03
2.485268779215402818e-03
2.581128967227414289e-03
2.296793509100098114e-03
2.339319470804184561e-03
2.289337146066827700e-03
2.334308720310218806e-03
2.105837180512026060e-03
2.298982761625666376e-03
2.252269906166475075e-03
2.196761354163754947e-03
2.259664292738307323e-03
2.207595250802114450e-03
2.263240201224107385e-03
2.210943615442374516e-03
2.125508676748722944e-03
2.175611328741069994e-03
2.150150895002297946e-03
2.144419621210545517e-03
2.073648944555316325e-03
2.175189082161523360e-03
2.160223857790697158e-03
1.867467237985692826e-03
1.928455693938303664e-03
1.996633059403393490e-03
1.923036756052170018e-03
1.897619117051363088e-03
1.798549032129812897e-03
2.047242653497960505e-03
1.912271892593707823e-03
2.022623597003985179e-03
1.845158440060913662e-03
1.952673140331171418e-03
1.802066207688767397e-03
1.782509177166502869e-03
1.797918049211148089e-03
1.786620986007619568e-03
1.808979099499992936e-03
1.725681332463864341e-03
1.691309094021562452e-03
1.692514799709897476e-03
1.639204303908627439e-03
1.703711491194553678e-03
1.718602512235520340e-03
1.668977074034046345e-03
1.519029133691219636e-03
1.697464549739379543e-03
1.657627991371555219e-03
1.519250051176641034e-03
1.625515814637765351e-03
1.535488816007273254e-03
1.576110256428364578e-03
1.616218893148470758e-03
1.639327711542136945e-03
1.502822332375217205e-03
1.537266044586431141e-03
1.646810852020280354e-03
1.558312492561526571e-03
1.515773979830555658e-03
1.526077671209350286e-03
1.468161057156976363e-03
