8.145800004675984862e-01
9.251400005817412842e-01
9.401200004816054889e-01
9.510000033378600559e-01
9.581800036430359047e-01
9.630000056028366062e-01
9.675800067186355324e-01
9.709400085210799780e-01
9.740200092792511422e-01
9.761800094842910669e-01
9.791200104951858219e-01
9.805400108098983880e-01
9.821800109148025593e-01
9.838200110197067305e-01
9.857200105190276895e-01
9.872000094652175761e-01
9.874400092363357917e-01
9.887400089502335065e-01
9.900200074911117420e-01
9.907000083923339639e-01
9.915800075531006064e-01
9.922000068426132247e-01
9.933600062131882069e-01
9.937600058317184182e-01
9.945400044918060178e-01
9.950000046491622729e-01
9.954000043869019043e-01
9.959000037908554148e-01
9.962800034284591266e-01
9.968400028944015556e-01
9.971200027465820792e-01
9.974600024223327921e-01
9.973000025749206854e-01
9.980800018310547195e-01
9.981600017547607173e-01
9.984000015258789329e-01
9.985600013732910396e-01
9.985400013923645401e-01
9.984600014686584313e-01
9.988200011253356436e-01
9.989600009918212509e-01
9.990200009346008603e-01
9.991200008392333576e-01
9.992800006866454643e-01
9.995000004768371804e-01
9.992000007629394664e-01
9.994600005149841815e-01
9.995200004577636799e-01
9.995600004196166788e-01
9.996000003814696777e-01
9.996800003051757866e-01
9.997400002479552850e-01
9.997000002861022860e-01
9.997000002861022860e-01
9.997800002098083949e-01
9.998200001716613938e-01
9.997000002861022860e-01
9.998600001335143928e-01
9.997800002098083949e-01
9.999000000953673917e-01
9.998600001335143928e-01
9.999600000381470011e-01
9.999000000953673917e-01
9.998600001335143928e-01
9.999400000572205016e-01
9.998400001525878933e-01
9.999800000190735005e-01
9.999400000572205016e-01
9.999600000381470011e-01
9.999200000762938911e-01
9.999400000572205016e-01
9.999800000190735005e-01
9.999400000572205016e-01
9.999200000762938911e-01
9.999600000381470011e-01
1.000000000000000000e+00
9.999400000572205016e-01
9.999400000572205016e-01
9.999600000381470011e-01
9.999800000190735005e-01
9.999800000190735005e-01
9.999800000190735005e-01
1.000000000000000000e+00
1.000000000000000000e+00
1.000000000000000000e+00
1.000000000000000000e+00
9.999800000190735005e-01
9.999800000190735005e-01
1.000000000000000000e+00
1.000000000000000000e+00
1.000000000000000000e+00
1.000000000000000000e+00
1.000000000000000000e+00
1.000000000000000000e+00
1.000000000000000000e+00
9.999800000190735005e-01
9.999800000190735005e-01
1.000000000000000000e+00
9.999800000190735005e-01
1.000000000000000000e+00
1.000000000000000000e+00
9.999800000190735005e-01
1.000000000000000000e+00
1.000000000000000000e+00
1.000000000000000000e+00
1.000000000000000000e+00
1.000000000000000000e+00
1.000000000000000000e+00
1.000000000000000000e+00
1.000000000000000000e+00
9.999800000190735005e-01
1.000000000000000000e+00
1.000000000000000000e+00
1.000000000000000000e+00
1.000000000000000000e+00
1.000000000000000000e+00
1.000000000000000000e+00
1.000000000000000000e+00
1.000000000000000000e+00
1.000000000000000000e+00
1.000000000000000000e+00
9.999800000190735005e-01
1.000000000000000000e+00
1.000000000000000000e+00
1.000000000000000000e+00
1.000000000000000000e+00
1.000000000000000000e+00
1.000000000000000000e+00
1.000000000000000000e+00
1.000000000000000000e+00
1.000000000000000000e+00
1.000000000000000000e+00
1.000000000000000000e+00
1.000000000000000000e+00
1.000000000000000000e+00
1.000000000000000000e+00
1.000000000000000000e+00
1.000000000000000000e+00
1.000000000000000000e+00
1.000000000000000000e+00
1.000000000000000000e+00
1.000000000000000000e+00
1.000000000000000000e+00
1.000000000000000000e+00
1.000000000000000000e+00
1.000000000000000000e+00
1.000000000000000000e+00
1.000000000000000000e+00
1.000000000000000000e+00
1.000000000000000000e+00
1.000000000000000000e+00
9.999800000190735005e-01
1.000000000000000000e+00
1.000000000000000000e+00
1.000000000000000000e+00
1.000000000000000000e+00
1.000000000000000000e+00
1.000000000000000000e+00
1.000000000000000000e+00
1.000000000000000000e+00
1.000000000000000000e+00
1.000000000000000000e+00
1.000000000000000000e+00
1.000000000000000000e+00
1.000000000000000000e+00
1.000000000000000000e+00
1.000000000000000000e+00
1.000000000000000000e+00
1.000000000000000000e+00
1.000000000000000000e+00
1.000000000000000000e+00
1.000000000000000000e+00
1.000000000000000000e+00
1.000000000000000000e+00
1.000000000000000000e+00
1.000000000000000000e+00
1.000000000000000000e+00
1.000000000000000000e+00
1.000000000000000000e+00
1.000000000000000000e+00
1.000000000000000000e+00
1.000000000000000000e+00
1.000000000000000000e+00
1.000000000000000000e+00
1.000000000000000000e+00
1.000000000000000000e+00
1.000000000000000000e+00
1.000000000000000000e+00
1.000000000000000000e+00
1.000000000000000000e+00
1.000000000000000000e+00
1.000000000000000000e+00
1.000000000000000000e+00
1.000000000000000000e+00
1.000000000000000000e+00
1.000000000000000000e+00
1.000000000000000000e+00
1.000000000000000000e+00
1.000000000000000000e+00
1.000000000000000000e+00
