2.485252904891967773e+01
5.528181600570678711e+01
9.168852615356445312e+01
1.285542199611663818e+02
1.658657960891723633e+02
2.034967560768127441e+02
2.417154200077056885e+02
2.795692460536956787e+02
3.177518541812896729e+02
3.552273011207580566e+02
3.932460100650787354e+02
4.337884311676025391e+02
4.749712481498718262e+02
5.192259571552276611e+02
5.613035371303558350e+02
6.105961539745330811e+02
6.713962981700897217e+02
7.697104401588439941e+02
8.678720400333404541e+02
9.593439359664916992e+02
1.054937021017074585e+03
1.151578901052474976e+03
1.247860954999923706e+03
1.344157691955566406e+03
1.437521121978759766e+03
1.536121567010879517e+03
1.633311105012893677e+03
1.731636022090911865e+03
1.826948419094085693e+03
1.922254923105239868e+03
2.021089823961257935e+03
2.120172326087951660e+03
2.212928472995758057e+03
2.314578899145126343e+03
2.409447910070419312e+03
2.509424942970275879e+03
2.597394760131835938e+03
2.695785937070846558e+03
2.793586153984069824e+03
2.877635724067687988e+03
2.974117999076843262e+03
3.064061990022659302e+03
3.155307872056961060e+03
3.247666610002517700e+03
3.343413493156433105e+03
3.433654284000396729e+03
3.526431885957717896e+03
3.618936551094055176e+03
3.694725463151931763e+03
3.773773257017135620e+03
3.857304371118545532e+03
3.942646238088607788e+03
4.025539448022842407e+03
4.090869085073471069e+03
4.165243046998977661e+03
4.224935186147689819e+03
4.282933173179626465e+03
4.340678819179534912e+03
4.387781751155853271e+03
4.431858697175979614e+03
4.476418153047561646e+03
4.521698668956756592e+03
4.564663194179534912e+03
4.603117060184478760e+03
4.641727879047393799e+03
4.680477023124694824e+03
4.718769572973251343e+03
4.757079334020614624e+03
4.795341772079467773e+03
4.834746339082717896e+03
4.886779332160949707e+03
4.957087274074554443e+03
5.019469177961349487e+03
5.091703931093215942e+03
5.157371838092803955e+03
5.228289817094802856e+03
5.292236783981323242e+03
5.361254880189895630e+03
5.426603864192962646e+03
5.500840677022933960e+03
5.565594362974166870e+03
5.633052751064300537e+03
5.696459153175354004e+03
5.768090640068054199e+03
5.833432015180587769e+03
5.903488152980804443e+03
5.966915457010269165e+03
6.036543140172958374e+03
6.106020389080047607e+03
6.171707616090774536e+03
6.242149316072463989e+03
6.312043032169342041e+03
6.382559777975082397e+03
6.449711531162261963e+03
6.520111143112182617e+03
6.585563887119293213e+03
6.655345860958099365e+03
6.703203624010086060e+03
6.748788084983825684e+03
6.794878568172454834e+03
6.841741575956344604e+03
6.888083214044570923e+03
6.934157127141952515e+03
6.980862259149551392e+03
7.027377432107925415e+03
7.074351263999938965e+03
7.121027995109558105e+03
7.166542977094650269e+03
7.211216966152191162e+03
7.256143562078475952e+03
7.301460194110870361e+03
7.347163491010665894e+03
7.391889204025268555e+03
7.437749130010604858e+03
7.483621098041534424e+03
7.529938578128814697e+03
7.575614302158355713e+03
7.621900756120681763e+03
7.666241958141326904e+03
7.711792275190353394e+03
7.758602895021438599e+03
7.805550217151641846e+03
7.851277494192123413e+03
7.897008073091506958e+03
7.942319287061691284e+03
7.987571498155593872e+03
8.033118926048278809e+03
8.078567800045013428e+03
8.124140763998031616e+03
8.169733647108078003e+03
8.216962934970855713e+03
8.263877988100051880e+03
8.310560826063156128e+03
8.357793179035186768e+03
8.404500028133392334e+03
8.449766535997390747e+03
8.494957643032073975e+03
8.540748026132583618e+03
8.585609948158264160e+03
8.627078216075897217e+03
8.668117757081985474e+03
8.708872035026550293e+03
8.749318272113800049e+03
8.787959671974182129e+03
8.826273548126220703e+03
8.864767153024673462e+03
8.903257215023040771e+03
8.941459221124649048e+03
8.979587599992752075e+03
9.017716973066329956e+03
9.056024257183074951e+03
9.094529689073562622e+03
9.133071102142333984e+03
9.171529623985290527e+03
9.210326660156250000e+03
9.248664731025695801e+03
9.287130481004714966e+03
9.325319323062896729e+03
9.363423839092254639e+03
9.402069080114364624e+03
9.440136679172515869e+03
9.478689540147781372e+03
9.517040421962738037e+03
9.555517333030700684e+03
9.594319643020629883e+03
9.632741235971450806e+03
9.671108759164810181e+03
9.709292752981185913e+03
9.747735342979431152e+03
9.786458343029022217e+03
9.824836712121963501e+03
9.863483921051025391e+03
9.902316411018371582e+03
9.940767230033874512e+03
9.979044152021408081e+03
1.001795591902732849e+04
1.005682389998435974e+04
1.009575060796737671e+04
1.013417148709297180e+04
1.017038346004486084e+04
1.020487804698944092e+04
1.023258104300498962e+04
1.026090506005287170e+04
1.028761588501930237e+04
1.031163770604133606e+04
1.033568498706817627e+04
1.035862484097480774e+04
1.038289595103263855e+04
1.040582825613021851e+04
1.043045738601684570e+04
1.045335641503334045e+04
1.047727865314483643e+04
1.050080722618103027e+04
1.052437575697898865e+04
1.054869067001342773e+04
1.057176577496528625e+04
1.059643594312667847e+04
1.061923488616943359e+04
1.064384752511978149e+04
1.066714200401306152e+04
