5.489399991668760803e-01
8.634800014495849219e-01
9.082200014591217396e-01
9.243800024986267294e-01
9.324600006341934311e-01
9.403000012636184568e-01
9.453000024557113301e-01
9.485800017118454219e-01
9.502400023937225271e-01
9.543000028133392654e-01
9.571400030851363594e-01
9.588400026559830147e-01
9.601800034046172883e-01
9.633800032138823966e-01
9.648200035095214622e-01
9.656600071191787649e-01
9.666000068187713401e-01
9.682600073814392472e-01
9.689600064754485542e-01
9.708400080204010463e-01
