3.714903402328491211e+01
7.405504298210144043e+01
1.106703090667724609e+02
1.478874421119689941e+02
1.854190649986267090e+02
2.235429439544677734e+02
2.614585239887237549e+02
2.989982209205627441e+02
3.369542210102081299e+02
3.771285359859466553e+02
4.140533239841461182e+02
4.575949149131774902e+02
5.001036701202392578e+02
5.495458009243011475e+02
6.272465910911560059e+02
7.234163069725036621e+02
8.206237070560455322e+02
9.149225800037384033e+02
1.010490634918212891e+03
1.107677566051483154e+03
1.199761584043502808e+03
1.296182953119277954e+03
1.395462150096893311e+03
1.490213726043701172e+03
1.587098731040954590e+03
1.682034032106399536e+03
1.778049532890319824e+03
1.877338310956954956e+03
1.975658560991287231e+03
2.074988028049468994e+03
2.163363835096359253e+03
2.263276448011398315e+03
2.361617084026336670e+03
2.460289474010467529e+03
2.549215919971466064e+03
2.644949223041534424e+03
2.740849921941757202e+03
2.828646378040313721e+03
2.923093538999557495e+03
3.013729662895202637e+03
3.103967322111129761e+03
3.194163716077804565e+03
3.292236689090728760e+03
3.382007517099380493e+03
3.471247567892074585e+03
3.564757604122161865e+03
3.638410182952880859e+03
3.719963037014007568e+03
3.805384597063064575e+03
3.888020432949066162e+03
3.967383081912994385e+03
4.035332297086715698e+03
4.106185390949249268e+03
4.166031723976135254e+03
4.224435904026031494e+03
4.279656542062759399e+03
4.325879601955413818e+03
4.369700616121292114e+03
4.414315279006958008e+03
4.459529491901397705e+03
4.501933727025985718e+03
4.540044080018997192e+03
4.578396275043487549e+03
4.616816266059875488e+03
4.654939536094665527e+03
4.692685755968093872e+03
4.730695734977722168e+03
4.769933495998382568e+03
4.821919095993041992e+03
4.891985244035720825e+03
4.953953876018524170e+03
5.025938523054122925e+03
5.091224448919296265e+03
5.161782445907592773e+03
5.225584918975830078e+03
5.294388821125030518e+03
5.359560730934143066e+03
5.433375911951065063e+03
5.497880861997604370e+03
5.565615181922912598e+03
5.629094798088073730e+03
5.699960478067398071e+03
5.765791871070861816e+03
5.834442074060440063e+03
5.898813616037368774e+03
5.966456880092620850e+03
6.037589137077331543e+03
6.101038134098052979e+03
6.172735168933868408e+03
6.241156702041625977e+03
6.313210823059082031e+03
6.378397286891937256e+03
6.450560833930969238e+03
6.514560794115066528e+03
6.585618782997131348e+03
6.634477188110351562e+03
6.679719958066940308e+03
6.724736212015151978e+03
6.770994019031524658e+03
6.816725438117980957e+03
6.862868503093719482e+03
6.909314846038818359e+03
6.955370088100433350e+03
7.002114557027816772e+03
7.049217724084854126e+03
7.095713067054748535e+03
7.140579272031784058e+03
7.185167129993438721e+03
7.230313580989837646e+03
7.275225826978683472e+03
7.319638530015945435e+03
7.364395011901855469e+03
7.409307620048522949e+03
7.455425406932830811e+03
7.500683641910552979e+03
7.546868835926055908e+03
7.591264691114425659e+03
7.636657279014587402e+03
7.683017179965972900e+03
7.729127402067184448e+03
7.775467668056488037e+03
7.822053853034973145e+03
7.867894886016845703e+03
7.913299489021301270e+03
7.959292129039764404e+03
8.004480293035507202e+03
8.049183408975601196e+03
8.093818089962005615e+03
8.139631180047988892e+03
8.185497127056121826e+03
8.231720809936523438e+03
8.278835804939270020e+03
8.325117564916610718e+03
8.370742319107055664e+03
8.416453644990921021e+03
8.461917122125625610e+03
8.507381864070892334e+03
8.549324546098709106e+03
8.590218941926956177e+03
8.630508192062377930e+03
8.670458276987075806e+03
8.709884712934494019e+03
8.748049346923828125e+03
8.785942764043807983e+03
8.823959912061691284e+03
8.862110501050949097e+03
8.900272084951400757e+03
8.938545386075973511e+03
8.976855668067932129e+03
9.014709930896759033e+03
9.052621947050094604e+03
9.090361030101776123e+03
9.128251956939697266e+03
9.166335395097732544e+03
9.204196058034896851e+03
9.242306123018264771e+03
9.280366744041442871e+03
9.318743732929229736e+03
9.357273622989654541e+03
9.395398586034774780e+03
9.433293037891387939e+03
9.471048975944519043e+03
9.509048176050186157e+03
9.546901948928833008e+03
9.584625746965408325e+03
9.622548660039901733e+03
9.660716214895248413e+03
9.698932305097579956e+03
9.737513622045516968e+03
9.776161622047424316e+03
9.814772511959075928e+03
9.852937510967254639e+03
9.890975583076477051e+03
9.928923815965652466e+03
9.967036909103393555e+03
1.000498345994949341e+04
1.004348131608963013e+04
1.008161361193656921e+04
1.011702443194389343e+04
1.014964708709716797e+04
1.017597327303886414e+04
1.020390127706527710e+04
1.023001713609695435e+04
1.025294918394088745e+04
1.027753726696968079e+04
1.029998083591461182e+04
1.032454444408416748e+04
1.034744965195655823e+04
1.037133225798606873e+04
1.039460773301124573e+04
1.041760867500305176e+04
1.044169222402572632e+04
1.046455351996421814e+04
1.048935756707191467e+04
1.051203756999969482e+04
1.053622812390327454e+04
1.055931941604614258e+04
1.058315549492835999e+04
1.060617875504493713e+04
1.062465754699707031e+04
