3.223172903060913086e+00
7.339408874511718750e+00
1.212349700927734375e+01
1.706930494308471680e+01
2.200236606597900391e+01
2.700609302520751953e+01
3.212975597381591797e+01
3.712823891639709473e+01
4.205227208137512207e+01
4.702287101745605469e+01
5.217714190483093262e+01
5.708853507041931152e+01
6.202201700210571289e+01
6.697610402107238770e+01
7.200073003768920898e+01
7.712459707260131836e+01
8.213363289833068848e+01
8.724000906944274902e+01
9.230915808677673340e+01
9.721893906593322754e+01
1.021123170852661133e+02
1.070213789939880371e+02
1.120105130672454834e+02
1.171082839965820312e+02
1.222330589294433594e+02
1.272275400161743164e+02
1.321949739456176758e+02
1.371267790794372559e+02
1.420293250083923340e+02
1.469475810527801514e+02
1.520265440940856934e+02
1.571417529582977295e+02
1.620669920444488525e+02
1.670565810203552246e+02
1.720142281055450439e+02
1.768717780113220215e+02
1.817847299575805664e+02
1.867296071052551270e+02
1.917273259162902832e+02
1.967237498760223389e+02
2.016395919322967529e+02
2.066254858970642090e+02
2.116260230541229248e+02
2.165454959869384766e+02
2.216361820697784424e+02
2.265951650142669678e+02
2.316888098716735840e+02
2.367793309688568115e+02
2.417675850391387939e+02
2.469006850719451904e+02
2.518567628860473633e+02
2.567439129352569580e+02
2.616009309291839600e+02
2.666403141021728516e+02
2.716864359378814697e+02
2.766538569927215576e+02
2.816761100292205811e+02
2.866637270450592041e+02
2.916118299961090088e+02
2.965606799125671387e+02
3.014809808731079102e+02
3.065066680908203125e+02
3.115710589885711670e+02
3.166733500957489014e+02
3.215452380180358887e+02
3.266137709617614746e+02
3.316574120521545410e+02
3.365890369415283203e+02
3.415336539745330811e+02
3.465968508720397949e+02
3.516082370281219482e+02
3.566589329242706299e+02
3.616241519451141357e+02
3.666920590400695801e+02
3.715531899929046631e+02
3.764438450336456299e+02
3.814213678836822510e+02
3.864116718769073486e+02
3.914093129634857178e+02
3.963757879734039307e+02
4.013083250522613525e+02
4.064703838825225830e+02
4.114223210811614990e+02
4.164261488914489746e+02
4.213738629817962646e+02
4.264710249900817871e+02
4.316470010280609131e+02
4.365882229804992676e+02
4.416515369415283203e+02
4.465906810760498047e+02
4.515141990184783936e+02
4.564096100330352783e+02
4.614514460563659668e+02
4.664359619617462158e+02
4.715162360668182373e+02
4.764776620864868164e+02
4.815800600051879883e+02
4.865125908851623535e+02
4.913989219665527344e+02
4.963773648738861084e+02
5.013573980331420898e+02
5.064174978733062744e+02
5.113759698867797852e+02
5.163809120655059814e+02
5.214235339164733887e+02
5.263745319843292236e+02
5.312934238910675049e+02
5.362924120426177979e+02
5.412925689220428467e+02
5.463550651073455811e+02
5.513901948928833008e+02
5.563605229854583740e+02
5.614635579586029053e+02
5.663840460777282715e+02
5.713190269470214844e+02
5.763120598793029785e+02
5.813585250377655029e+02
5.864319090843200684e+02
5.916365299224853516e+02
5.965428431034088135e+02
6.015927579402923584e+02
6.064800689220428467e+02
6.114108519554138184e+02
6.163470540046691895e+02
6.213822078704833984e+02
6.264057719707489014e+02
6.314178869724273682e+02
6.363105669021606445e+02
6.413283410072326660e+02
6.462456269264221191e+02
6.511359999179840088e+02
6.561076829433441162e+02
6.611391739845275879e+02
6.661961750984191895e+02
6.711592478752136230e+02
6.761782739162445068e+02
6.811595399379730225e+02
6.861005520820617676e+02
6.910253329277038574e+02
6.959815108776092529e+02
7.009900350570678711e+02
7.059465339183807373e+02
7.109218540191650391e+02
7.159558660984039307e+02
7.209440169334411621e+02
7.258235380649566650e+02
7.307603778839111328e+02
7.357781069278717041e+02
7.409129970073699951e+02
7.460868000984191895e+02
7.511829619407653809e+02
7.563108720779418945e+02
7.612204740047454834e+02
7.661294460296630859e+02
7.710314090251922607e+02
7.759892020225524902e+02
7.810393950939178467e+02
7.860077979564666748e+02
7.908931570053100586e+02
7.959695930480957031e+02
8.008690550327301025e+02
8.057315640449523926e+02
8.106351509094238281e+02
8.156485710144042969e+02
8.207887520790100098e+02
8.257899279594421387e+02
8.307517690658569336e+02
8.358785419464111328e+02
8.408230938911437988e+02
8.459812929630279541e+02
8.510020658969879150e+02
8.560157968997955322e+02
8.610757250785827637e+02
8.660318760871887207e+02
8.709596989154815674e+02
8.759920110702514648e+02
8.808710329532623291e+02
8.857443809509277344e+02
8.907037260532379150e+02
8.957617290019989014e+02
9.007502949237823486e+02
9.058406310081481934e+02
9.107291638851165771e+02
9.157978649139404297e+02
9.208163089752197266e+02
9.257602698802947998e+02
9.307060139179229736e+02
9.357527010440826416e+02
9.407020189762115479e+02
9.456974349021911621e+02
9.507708640098571777e+02
9.557864179611206055e+02
9.606661970615386963e+02
9.655747849941253662e+02
9.705172479152679443e+02
9.756425130367279053e+02
9.806166501045227051e+02
9.855743579864501953e+02
9.905240669250488281e+02
9.954351520538330078e+02
