1.025254378020763468e+00
3.003619236350059674e-01
2.314490671902894869e-01
1.936466487348079690e-01
1.682281025648117156e-01
1.481443556621670765e-01
1.336485942676663430e-01
1.210822851993143545e-01
1.102230999022722202e-01
1.015284943133592660e-01
9.472808809205889025e-02
8.726647993177175100e-02
8.186117552220821547e-02
7.669761476293206204e-02
7.021366290375589958e-02
6.629311444610357096e-02
6.298653561994432826e-02
5.941196368448436321e-02
5.470117175020277472e-02
5.298818895593285228e-02
4.890737030468881447e-02
4.680712303332984492e-02
4.327530995383858936e-02
4.065171548724174494e-02
3.908375703915953348e-02
3.711414632946252734e-02
3.518882907181978409e-02
3.375160222873091476e-02
3.207391407806426536e-02
2.955612521525472283e-02
2.911544561665505015e-02
2.725890396907925534e-02
2.658190306136384504e-02
2.481892519257962795e-02
2.389553876407444349e-02
2.301305608544498837e-02
2.155202866252511895e-02
2.084117483953014036e-02
2.021881508827209559e-02
1.890173346642404911e-02
1.816510937688872382e-02
1.758045378513634072e-02
1.701450835121795513e-02
1.593435906479135147e-02
1.532219047797843750e-02
1.546669562440365631e-02
1.451668152213096696e-02
1.386121148662641626e-02
1.373945998214185296e-02
1.369502453971654238e-02
1.241919852793216782e-02
1.206120759621262528e-02
1.144441066030412943e-02
1.150127548025920918e-02
1.093247071513906050e-02
1.081593320611864278e-02
1.098092969041317667e-02
1.015094101754948457e-02
9.808424653252587055e-03
9.664141858229413976e-03
9.649259489262476328e-03
9.242938307113946275e-03
9.038258704822509787e-03
8.463691910495981310e-03
8.508557419176212763e-03
8.214306089561432267e-03
7.835392428096383047e-03
7.793847228866070641e-03
7.573864031815901073e-03
7.415851151803508345e-03
7.156983603257685567e-03
6.868771985406056310e-03
7.132652203552424658e-03
7.010352161712944327e-03
6.542924992507324032e-03
6.313052777433767956e-03
6.271145125851034993e-03
6.210543595254421068e-03
6.086067344760521906e-03
5.827085111290216703e-03
5.796373077202588570e-03
5.853222910547629422e-03
5.233252212405204405e-03
5.216041025007143311e-03
5.446404755231924050e-03
5.350502175744622883e-03
5.474804935744032389e-03
5.007599389646202187e-03
4.982013146858662797e-03
4.679499416262842930e-03
4.823102645575999894e-03
4.649495377321727699e-03
4.606920706690289212e-03
4.608258317341096602e-03
4.475091398344375332e-03
4.503427558927796358e-03
4.492455444182269324e-03
4.378922262112609765e-03
4.325215498451143517e-03
4.072308496572077038e-03
4.048866830649785857e-03
4.168673157226293960e-03
4.074880514177493460e-03
3.929830545326694867e-03
3.840099160734098370e-03
3.678962395642883937e-03
3.685635176603682239e-03
3.679590299958363214e-03
3.682404847699217477e-03
3.490769457770511505e-03
3.628559198346920436e-03
3.523672032053582273e-03
3.359752172138541840e-03
3.530571185052394992e-03
3.138077185780275679e-03
3.535382576636038506e-03
3.101310027705040002e-03
3.363443008856847796e-03
3.196928053046576602e-03
3.202834714087657818e-03
3.063884799019433742e-03
3.295749277458526368e-03
3.185232789954170734e-03
3.117773737292736744e-03
2.931533512019086473e-03
2.813766296487301387e-03
2.908039314206689596e-03
2.814662962395231977e-03
2.640806700219400140e-03
2.872592523344792616e-03
2.891583730292040903e-03
2.704991549137048239e-03
2.625828216027002900e-03
2.626800949277822029e-03
2.733064820989966441e-03
2.706091129803098703e-03
2.511299015313852440e-03
2.630672158091329222e-03
2.432132923218887233e-03
2.375088561442680567e-03
2.545462471549398992e-03
2.389114578603766803e-03
2.393323538446566132e-03
2.468288874195422988e-03
2.441808999166824104e-03
2.357912790845148251e-03
2.389623088820371638e-03
2.182978508411906673e-03
2.335461544396821507e-03
2.299084983416833060e-03
2.282776166743133005e-03
2.383557154389563757e-03
2.218761638796422526e-03
2.219696310115978205e-03
2.177779815217945579e-03
2.196599559450987740e-03
2.184711803332902574e-03
2.085497137624770479e-03
2.025876621191855572e-03
1.899650165578350416e-03
2.037555826478637620e-03
1.958842077059671279e-03
1.971668150566983999e-03
1.964393656468018876e-03
1.950443368870764934e-03
1.969072987034451230e-03
1.980027327081188612e-03
1.930899119412060778e-03
1.952146708033978975e-03
1.924882897292263867e-03
1.945965038845315657e-03
1.869664338417351265e-03
1.896643818588927485e-03
1.889390191005077112e-03
1.783503297832794536e-03
1.696471200382802542e-03
1.892051267379429207e-03
1.789046712190611255e-03
1.696399273700080739e-03
1.764871497813146495e-03
1.810946865967707608e-03
1.745141339546535169e-03
1.640837209270103007e-03
1.749019784212578000e-03
1.601534839661326306e-03
1.657713582564611030e-03
1.633745901461224927e-03
1.553942018857924334e-03
1.749212299211649153e-03
1.658358452958054929e-03
1.595607608498539722e-03
1.475650881737237703e-03
1.521521455491892973e-03
1.568557216436602085e-03
1.630332002416253140e-03
1.516171048191608875e-03
1.590770438429899621e-03
1.507940774434246047e-03
1.534231725730933298e-03
1.500517793232575151e-03
