3.074143886566162109e+00
6.350620985031127930e+00
9.759725809097290039e+00
1.368496298789978027e+01
1.777433490753173828e+01
2.207585501670837402e+01
2.710211181640625000e+01
3.215333199501037598e+01
3.706839084625244141e+01
4.195309281349182129e+01
4.689416384696960449e+01
5.191483092308044434e+01
5.704223299026489258e+01
6.202326202392578125e+01
6.692767286300659180e+01
7.198660683631896973e+01
7.687238097190856934e+01
8.177420902252197266e+01
8.676782894134521484e+01
9.175121784210205078e+01
9.681796598434448242e+01
1.018343608379364014e+02
1.067340338230133057e+02
1.117672379016876221e+02
1.167029659748077393e+02
1.216223578453063965e+02
1.265535509586334229e+02
1.315410819053649902e+02
1.365572328567504883e+02
1.415808508396148682e+02
1.465039489269256592e+02
1.515809819698333740e+02
1.565858809947967529e+02
1.615087118148803711e+02
1.664229409694671631e+02
1.713913159370422363e+02
1.764139769077301025e+02
1.814245488643646240e+02
1.862877798080444336e+02
1.912928059101104736e+02
1.961557068824768066e+02
2.010946099758148193e+02
2.060358719825744629e+02
2.109879968166351318e+02
2.160138409137725830e+02
2.211542999744415283e+02
2.260294179916381836e+02
2.312865328788757324e+02
2.361905248165130615e+02
2.410810749530792236e+02
2.459572248458862305e+02
2.510269048213958740e+02
2.561778588294982910e+02
2.612498929500579834e+02
2.662171080112457275e+02
2.712473368644714355e+02
2.761410429477691650e+02
2.810806119441986084e+02
2.860170118808746338e+02
2.910094769001007080e+02
2.961474468708038330e+02
3.013060929775238037e+02
3.062018389701843262e+02
3.112012069225311279e+02
3.161800417900085449e+02
3.211275098323822021e+02
3.260150849819183350e+02
3.310629868507385254e+02
3.361298239231109619e+02
3.411992988586425781e+02
3.460989007949829102e+02
3.510744469165802002e+02
3.559748928546905518e+02
3.608798549175262451e+02
3.657761218547821045e+02
3.707790188789367676e+02
3.759107840061187744e+02
3.809502968788146973e+02
3.858618078231811523e+02
3.909035949707031250e+02
3.958521649837493896e+02
4.007484679222106934e+02
4.056994209289550781e+02
4.107598519325256348e+02
4.156283078193664551e+02
4.204492588043212891e+02
4.252833788394927979e+02
4.301178739070892334e+02
4.349818367958068848e+02
4.398298709392547607e+02
4.446969399452209473e+02
4.495656208992004395e+02
4.543986198902130127e+02
4.592639129161834717e+02
4.641387388706207275e+02
4.689771199226379395e+02
4.738037409782409668e+02
4.786378839015960693e+02
4.834842929840087891e+02
4.883133819103240967e+02
4.931751220226287842e+02
4.980357758998870850e+02
5.028591120243072510e+02
5.077363448143005371e+02
5.126884779930114746e+02
5.175283339023590088e+02
5.223556959629058838e+02
5.272326798439025879e+02
5.322347350120544434e+02
5.370918099880218506e+02
5.419273889064788818e+02
5.467516059875488281e+02
5.516016609668731689e+02
5.564434919357299805e+02
5.613262808322906494e+02
5.662071588039398193e+02
5.711925129890441895e+02
5.761251668930053711e+02
5.810624248981475830e+02
5.860053308010101318e+02
5.910613570213317871e+02
5.959313628673553467e+02
6.008444328308105469e+02
6.057656908035278320e+02
6.107911479473114014e+02
6.158284389972686768e+02
6.208675019741058350e+02
6.258014469146728516e+02
6.308770198822021484e+02
6.357423319816589355e+02
6.406483318805694580e+02
6.456574468612670898e+02
6.507684350013732910e+02
6.559480288028717041e+02
6.610435519218444824e+02
6.659226219654083252e+02
6.709715018272399902e+02
6.758665468692779541e+02
6.807691729068756104e+02
6.856618628501892090e+02
6.906266098022460938e+02
6.957430098056793213e+02
7.008446178436279297e+02
7.058066048622131348e+02
7.108179998397827148e+02
7.157190430164337158e+02
7.206067409515380859e+02
7.254743030071258545e+02
7.304733238220214844e+02
7.355541629791259766e+02
7.407062199115753174e+02
7.456827938556671143e+02
7.507192978858947754e+02
7.557588489055633545e+02
7.606339538097381592e+02
7.654907379150390625e+02
7.704738788604736328e+02
7.755111398696899414e+02
7.804616329669952393e+02
7.856167509555816650e+02
7.905349338054656982e+02
7.955625078678131104e+02
8.004349968433380127e+02
8.053491828441619873e+02
8.103098688125610352e+02
8.153229789733886719e+02
8.203890879154205322e+02
8.253775179386138916e+02
8.303564879894256592e+02
8.354801409244537354e+02
8.403616189956665039e+02
8.452336089611053467e+02
8.502300939559936523e+02
8.552158999443054199e+02
8.601556909084320068e+02
8.652801969051361084e+02
8.702071728706359863e+02
8.752458579540252686e+02
8.801556999683380127e+02
8.850664668083190918e+02
8.900092248916625977e+02
8.950425608158111572e+02
9.000900049209594727e+02
9.050481510162353516e+02
9.099901988506317139e+02
9.151028769016265869e+02
9.199990618228912354e+02
9.249631760120391846e+02
9.299195659160614014e+02
9.349035038948059082e+02
9.399486927986145020e+02
9.449401638507843018e+02
9.498917589187622070e+02
9.549296908378601074e+02
9.598568038940429688e+02
9.647881939411163330e+02
9.697146699428558350e+02
9.747046079635620117e+02
9.799655838012695312e+02
9.850037829875946045e+02
