5.584000005312264037e-01
8.656799993515014169e-01
9.079400019645691433e-01
9.238600027561187922e-01
9.337200007438659632e-01
9.406400022506713476e-01
9.446000006198883581e-01
9.484800006151199447e-01
9.510400003194808827e-01
9.537800017595291502e-01
9.562600020170212156e-01
9.593600045442580715e-01
9.615800043344497894e-01
9.622600046396255768e-01
9.639600055217742991e-01
9.656200056076049698e-01
9.671600067615508944e-01
9.684600059986114839e-01
9.681600072383880207e-01
9.710400075912475337e-01
