3.429938575267791556e+00
6.518362706303596488e-01
3.815337969660759221e-01
3.043899486064911009e-01
2.647097927927971051e-01
2.356217360794544136e-01
2.162365874052047665e-01
2.025857391655445094e-01
1.907434553354978579e-01
1.789657217413186951e-01
1.702872515916824259e-01
1.637314528897404753e-01
1.574681570529937735e-01
1.486825928837060828e-01
1.437643384262919377e-01
1.388508822694420886e-01
1.364287149086594597e-01
1.312062197253107965e-01
1.267223402559757295e-01
1.223975346758961746e-01
