5.544999985583126678e-01
8.651199996471404807e-01
9.076800012588500666e-01
9.237600008249282624e-01
9.334000014066695661e-01
9.400200018882751696e-01
9.444200019836426208e-01
9.488000015020370270e-01
9.519200021028518810e-01
9.541200023889541137e-01
9.567800021171569691e-01
9.581200034618377881e-01
9.613200025558471529e-01
9.621000040769577266e-01
9.652000061273574572e-01
9.655600056648254714e-01
9.670200047492980566e-01
9.684800057411193652e-01
9.699400076866150355e-01
9.707400070428848782e-01
