3.334928297996520996e+01
7.133204293251037598e+01
1.089582469463348389e+02
1.467560558319091797e+02
1.846528990268707275e+02
2.221627879142761230e+02
2.607583689689636230e+02
2.991515598297119141e+02
3.390703399181365967e+02
3.802830400466918945e+02
4.201863498687744141e+02
4.650669028759002686e+02
5.036589200496673584e+02
5.505055758953094482e+02
6.099839320182800293e+02
6.889190869331359863e+02
7.885251109600067139e+02
8.843020119667053223e+02
9.819639229774475098e+02
1.074983038902282715e+03
1.169991080999374390e+03
1.267072362899780273e+03
1.361930436849594116e+03
1.461006145000457764e+03
1.555769141912460327e+03
1.655236171960830688e+03
1.749678730964660645e+03
1.848762269973754883e+03
1.945838616847991943e+03
2.045526221990585327e+03
2.139169383049011230e+03
2.236655339956283569e+03
2.330798876047134399e+03
2.433900535821914673e+03
2.525396426916122437e+03
2.618158759832382202e+03
2.714041569948196411e+03
2.808578809976577759e+03
2.898716982841491699e+03
2.991550994873046875e+03
3.082907601833343506e+03
3.171260598897933960e+03
3.268698695898056030e+03
3.363230623006820679e+03
3.452230741024017334e+03
3.545426820993423462e+03
3.625379421949386597e+03
3.703595137834548950e+03
3.785383066892623901e+03
3.867772522926330566e+03
3.953366454839706421e+03
4.023171059846878052e+03
4.091888494968414307e+03
4.161757616996765137e+03
4.217593135833740234e+03
4.270812552928924561e+03
4.325435890913009644e+03
4.370370465040206909e+03
4.414781303882598877e+03
4.461221861839294434e+03
4.506657657861709595e+03
4.545969115018844604e+03
4.584277830839157104e+03
4.623008913040161133e+03
4.661293766975402832e+03
4.699838551998138428e+03
4.738158094882965088e+03
4.776900874853134155e+03
4.822813073873519897e+03
4.883777715921401978e+03
4.953455937862396240e+03
5.019199820041656494e+03
5.089261265993118286e+03
5.155810395002365112e+03
5.224684234857559204e+03
5.291053819894790649e+03
5.358115180969238281e+03
5.428503916025161743e+03
5.497040621995925903e+03
5.563052361011505127e+03
5.630054839849472046e+03
5.698043102025985718e+03
5.765510138034820557e+03
5.832848362922668457e+03
5.899849964857101440e+03
5.966345190048217773e+03
6.033845679998397827e+03
6.104682323932647705e+03
6.168882804870605469e+03
6.243676165819168091e+03
6.310017272949218750e+03
6.381609527826309204e+03
6.448585417985916138e+03
6.519249568939208984e+03
6.584191478967666626e+03
6.647160742044448853e+03
6.692858846902847290e+03
6.739317580938339233e+03
6.784985555887222290e+03
6.830489413976669312e+03
6.875967581987380981e+03
6.921507074832916260e+03
6.967243680000305176e+03
7.013625759840011597e+03
7.060926622867584229e+03
7.108269855022430420e+03
7.154549890995025635e+03
7.200266440868377686e+03
7.246481699943542480e+03
7.292917239904403687e+03
7.337864984989166260e+03
7.382766595840454102e+03
7.427718771934509277e+03
7.473008862018585205e+03
7.517976768970489502e+03
7.563329195976257324e+03
7.609411422014236450e+03
7.654716552019119263e+03
7.700431718826293945e+03
7.746893106937408447e+03
7.793814004898071289e+03
7.840652222871780396e+03
7.887060039043426514e+03
7.932921213865280151e+03
7.979899392843246460e+03
8.026528050899505615e+03
8.071753465890884399e+03
8.116616402864456177e+03
8.162783653974533081e+03
8.208256099939346313e+03
8.254101200819015503e+03
8.301104106903076172e+03
8.348206069946289062e+03
8.394256089925765991e+03
8.440380971908569336e+03
8.486099994897842407e+03
8.532063882827758789e+03
8.574851428985595703e+03
8.616184494972229004e+03
8.657030593872070312e+03
8.697430822849273682e+03
8.737440984010696411e+03
8.776170879840850830e+03
8.814617875814437866e+03
8.853248554944992065e+03
8.891755681037902832e+03
8.930285004854202271e+03
8.968979965925216675e+03
9.007893718004226685e+03
9.046722877979278564e+03
9.085129091024398804e+03
9.123688895940780640e+03
9.162170243978500366e+03
9.200825211048126221e+03
9.239442893028259277e+03
9.277866662025451660e+03
9.316121379852294922e+03
9.354846289873123169e+03
9.393704144954681396e+03
9.432521680831909180e+03
9.471295074939727783e+03
9.510027176856994629e+03
9.548931830883026123e+03
9.587246693849563599e+03
9.625811280012130737e+03
9.663967684030532837e+03
9.702466305017471313e+03
9.741062217950820923e+03
9.779701130867004395e+03
9.818552327871322632e+03
9.857679985046386719e+03
9.896700701951980591e+03
9.935438585996627808e+03
9.974489173889160156e+03
1.001359710884094238e+04
1.005247170495986938e+04
1.009103786182403564e+04
1.012776089286804199e+04
1.016219277286529541e+04
1.019202511382102966e+04
1.022087862300872803e+04
1.024879135084152222e+04
1.027387902092933655e+04
1.029912610292434692e+04
1.032321873283386230e+04
1.034908650994300842e+04
1.037360141801834106e+04
1.039879756402969360e+04
1.042375760793685913e+04
1.044805007004737854e+04
1.047396037983894348e+04
1.049836681294441223e+04
1.052399801993370056e+04
1.054905536484718323e+04
1.057344768095016479e+04
1.059914816403388977e+04
1.062361162900924683e+04
1.064688709282875061e+04
1.066599298286437988e+04
1.068314106082916260e+04
