1.506210088729858398e+00
2.918126106262207031e+00
4.390949010848999023e+00
5.803705930709838867e+00
7.315808057785034180e+00
8.633873939514160156e+00
1.025222587585449219e+01
1.156408500671386719e+01
1.283626508712768555e+01
1.421261692047119141e+01
1.560327196121215820e+01
1.692811608314514160e+01
1.825032305717468262e+01
1.997506594657897949e+01
2.231850194931030273e+01
2.374358296394348145e+01
2.516983699798583984e+01
2.659782505035400391e+01
2.802079606056213379e+01
2.944426798820495605e+01
