5.559199994280934476e-01
8.634599976539611976e-01
9.080400022268295679e-01
9.237800025939941762e-01
9.319800020456313616e-01
9.394800009727477530e-01
9.447400007247924725e-01
9.488400022983550786e-01
9.514400011301040738e-01
9.545400015115738102e-01
9.567600024938582859e-01
9.593400051593780065e-01
9.605200024843215667e-01
9.631400047540664699e-01
9.651800059080123395e-01
9.656400063037872128e-01
9.669000064134597450e-01
9.682600070238113199e-01
9.694800070524215441e-01
9.697600078582763183e-01
