3.422168206214904806e+00
6.501885015964508074e-01
3.808135783076286307e-01
3.049771943390369167e-01
2.640923658758401738e-01
2.361373744904994854e-01
2.184081117510795478e-01
2.040774264335632193e-01
1.894210209026932767e-01
1.785803684592247031e-01
1.706685244590044059e-01
1.635123334378004167e-01
1.562540874555707060e-01
1.501984487622976261e-01
1.437161115556955249e-01
1.386169740930199568e-01
1.361183737963438112e-01
1.311337236538529516e-01
1.255951719954609969e-01
1.230935111939907012e-01
