3.425187164187431410e+00
6.459930624365806118e-01
3.799803827106952858e-01
3.031111134290695452e-01
2.629430453479290053e-01
2.358374470174312565e-01
2.176339167654514350e-01
1.999529603943228651e-01
1.906609274148940991e-01
1.797842696607112878e-01
1.713244339823722928e-01
1.628778451904654423e-01
1.546840224489569593e-01
1.509401296451687857e-01
1.458377520740032074e-01
1.391331507749855589e-01
1.346620741002261534e-01
1.300330596379935810e-01
1.303998661749064814e-01
1.230782244242727697e-01
