8.164600004404782840e-01
9.245800027847289604e-01
9.407600027322768899e-01
9.510200020074844884e-01
9.577800045013428187e-01
9.624800044298171819e-01
9.674600056409835558e-01
9.704600079059600981e-01
9.743200097084044886e-01
9.769200088977814112e-01
9.789200109243393344e-01
9.805800100564956434e-01
9.826800110340118133e-01
9.849400107860565301e-01
9.852000102996826270e-01
9.866800101995467642e-01
9.882000089883804517e-01
9.892800080776215088e-01
9.899000087976456141e-01
9.905800082683563490e-01
9.916400076150894138e-01
9.927600067853927790e-01
9.931800062656402917e-01
9.934800062179565128e-01
9.944800051450729539e-01
9.948200048208236668e-01
9.954600040912627845e-01
9.960000036954880231e-01
9.961800035238266293e-01
9.968000030517578658e-01
9.967000031471252575e-01
9.970800027847289693e-01
9.977400021553040066e-01
9.978600020408630034e-01
9.977800021171570055e-01
9.983600015640259340e-01
9.986200013160705380e-01
9.987600011825561452e-01
9.986000013351440385e-01
9.988200011253356436e-01
9.987600011825561452e-01
9.990800008773803587e-01
9.991600008010864675e-01
9.993400006294250737e-01
9.993000006675720748e-01
9.995400004386901793e-01
9.994400005340575710e-01
9.995400004386901793e-01
9.995000004768371804e-01
9.996200003623962882e-01
9.997000002861022860e-01
9.995400004386901793e-01
9.996600003242492871e-01
9.997400002479552850e-01
9.998000001907348944e-01
9.999200000762938911e-01
9.999400000572205016e-01
9.998000001907348944e-01
9.997600002288817844e-01
9.998600001335143928e-01
9.999000000953673917e-01
9.999000000953673917e-01
9.999400000572205016e-01
9.999200000762938911e-01
9.999000000953673917e-01
9.999400000572205016e-01
1.000000000000000000e+00
9.999200000762938911e-01
9.999400000572205016e-01
9.999600000381470011e-01
9.999200000762938911e-01
9.999600000381470011e-01
9.999800000190735005e-01
9.999600000381470011e-01
9.999600000381470011e-01
9.999400000572205016e-01
9.999600000381470011e-01
1.000000000000000000e+00
9.999200000762938911e-01
9.999600000381470011e-01
1.000000000000000000e+00
9.999400000572205016e-01
9.999800000190735005e-01
9.999400000572205016e-01
1.000000000000000000e+00
1.000000000000000000e+00
1.000000000000000000e+00
1.000000000000000000e+00
1.000000000000000000e+00
1.000000000000000000e+00
1.000000000000000000e+00
1.000000000000000000e+00
9.999800000190735005e-01
9.999800000190735005e-01
1.000000000000000000e+00
9.999800000190735005e-01
9.999600000381470011e-01
1.000000000000000000e+00
1.000000000000000000e+00
1.000000000000000000e+00
1.000000000000000000e+00
1.000000000000000000e+00
1.000000000000000000e+00
1.000000000000000000e+00
1.000000000000000000e+00
9.999600000381470011e-01
1.000000000000000000e+00
9.999600000381470011e-01
1.000000000000000000e+00
9.999800000190735005e-01
1.000000000000000000e+00
1.000000000000000000e+00
9.999800000190735005e-01
9.999800000190735005e-01
1.000000000000000000e+00
9.999800000190735005e-01
1.000000000000000000e+00
1.000000000000000000e+00
9.999800000190735005e-01
1.000000000000000000e+00
1.000000000000000000e+00
1.000000000000000000e+00
1.000000000000000000e+00
1.000000000000000000e+00
1.000000000000000000e+00
1.000000000000000000e+00
9.999800000190735005e-01
1.000000000000000000e+00
1.000000000000000000e+00
1.000000000000000000e+00
1.000000000000000000e+00
1.000000000000000000e+00
1.000000000000000000e+00
1.000000000000000000e+00
1.000000000000000000e+00
1.000000000000000000e+00
1.000000000000000000e+00
1.000000000000000000e+00
1.000000000000000000e+00
1.000000000000000000e+00
1.000000000000000000e+00
1.000000000000000000e+00
1.000000000000000000e+00
1.000000000000000000e+00
1.000000000000000000e+00
1.000000000000000000e+00
1.000000000000000000e+00
1.000000000000000000e+00
1.000000000000000000e+00
1.000000000000000000e+00
1.000000000000000000e+00
1.000000000000000000e+00
1.000000000000000000e+00
1.000000000000000000e+00
1.000000000000000000e+00
1.000000000000000000e+00
1.000000000000000000e+00
1.000000000000000000e+00
1.000000000000000000e+00
1.000000000000000000e+00
1.000000000000000000e+00
1.000000000000000000e+00
1.000000000000000000e+00
1.000000000000000000e+00
1.000000000000000000e+00
1.000000000000000000e+00
1.000000000000000000e+00
1.000000000000000000e+00
1.000000000000000000e+00
1.000000000000000000e+00
1.000000000000000000e+00
1.000000000000000000e+00
1.000000000000000000e+00
1.000000000000000000e+00
1.000000000000000000e+00
1.000000000000000000e+00
1.000000000000000000e+00
1.000000000000000000e+00
1.000000000000000000e+00
1.000000000000000000e+00
1.000000000000000000e+00
1.000000000000000000e+00
1.000000000000000000e+00
1.000000000000000000e+00
1.000000000000000000e+00
1.000000000000000000e+00
1.000000000000000000e+00
1.000000000000000000e+00
1.000000000000000000e+00
1.000000000000000000e+00
1.000000000000000000e+00
1.000000000000000000e+00
1.000000000000000000e+00
1.000000000000000000e+00
1.000000000000000000e+00
1.000000000000000000e+00
1.000000000000000000e+00
1.000000000000000000e+00
1.000000000000000000e+00
1.000000000000000000e+00
