1.861123162694275357e-01
6.759107246994972007e-02
4.317366386298090303e-02
2.982602817658334959e-02
2.180805942136794170e-02
1.666481785918585978e-02
1.288791546598076765e-02
9.874800974270328893e-03
8.398819169960915210e-03
6.927339979214594198e-03
5.909651234978809987e-03
5.105572329368442304e-03
4.563875136314891022e-03
3.935684426804073044e-03
3.844286486040800633e-03
3.177905561984516614e-03
2.938944515073671840e-03
2.896506891818717046e-03
2.551836433878634011e-03
2.374168036854825900e-03
2.123244995484128549e-03
1.788798122492153220e-03
1.936437324562575654e-03
1.942234865739010359e-03
1.654230076615931504e-03
1.526538783713476738e-03
1.588764323591021922e-03
1.360384194849757495e-03
1.376871367916464870e-03
1.248588887654477828e-03
1.380613634479232110e-03
1.354367231135256535e-03
1.234429847958381241e-03
1.026267686334904252e-03
1.025535170600050958e-03
9.929398084204876448e-04
1.009327572712209005e-03
9.487064032873604360e-04
8.751562115794513140e-04
8.057054418895858881e-04
7.765059374505654506e-04
7.364348742412402766e-04
6.927511904941638680e-04
7.352181134338025463e-04
6.967789359187008319e-04
7.449368393863550980e-04
7.405601125065004514e-04
6.514866399884340501e-04
6.886045438295695887e-04
5.849857060966314653e-04
6.550045325493556803e-04
5.777949413168243648e-04
5.689649436899343925e-04
5.436809232669475396e-04
5.493828290782403661e-04
5.033829781314124808e-04
5.193381679418962232e-04
6.194164663247647392e-04
5.121177884866483449e-04
5.339607717396575208e-04
4.628258626544266125e-04
5.506702979400870555e-04
4.678957921569235718e-04
4.523082075684214964e-04
4.552044153024325948e-04
4.227083242367371150e-04
4.103493081347551357e-04
3.791134474013233327e-04
4.362246160962968394e-04
3.897712888792739284e-04
3.977165563555900142e-04
4.021849274067790139e-04
4.307787494690274084e-04
4.037314189699827858e-04
3.680746486206771606e-04
3.313585008800146235e-04
3.930338945210678299e-04
3.810653925611404797e-04
3.827914342182339074e-04
3.927008753671543638e-04
3.333519071748014388e-04
3.922137872941675561e-04
3.342556548268476300e-04
3.172318223660113468e-04
3.031436322416993911e-04
3.436275645362911902e-04
3.600537577949580671e-04
3.276406837976537814e-04
3.379582673296681870e-04
2.833980458890437309e-04
3.063764490361790848e-04
3.125762416311772627e-04
3.459784633632807284e-04
2.652055836151703165e-04
3.611825055231747926e-04
2.944806036903173667e-04
3.006294828410318708e-04
2.892575428450072390e-04
2.746428028949594652e-04
2.480399026717350222e-04
2.526425046016811567e-04
2.946000409501721320e-04
2.723364796074747500e-04
2.415261573696625397e-04
2.489096813187643303e-04
2.376649848338274783e-04
2.403181331537780413e-04
2.453563991020928591e-04
2.165338792838156343e-04
2.397229545458685559e-04
2.244227697519818278e-04
2.209869113739841757e-04
2.393256798113725355e-04
2.157273774828354388e-04
2.335596800912753603e-04
1.953385038796113810e-04
2.061173152760602419e-04
2.350404640819761081e-04
1.915375479911744978e-04
2.142715640584356019e-04
1.962427025428041874e-04
2.457389286391844412e-04
1.943275162720965504e-04
1.864498810246004591e-04
1.816880457427032442e-04
2.129004714734037459e-04
2.077050199441146151e-04
2.040737371298746456e-04
1.760240935182082536e-04
1.816898626238980816e-04
2.025703078834340052e-04
1.765934773211483809e-04
1.751494299060141213e-04
2.406346823881904014e-04
1.928498075612878975e-04
1.927390796554391311e-04
1.685208862782019436e-04
1.648230157952639181e-04
1.698705672315554797e-04
1.917036265913338766e-04
1.742931280205084531e-04
1.645593136690877141e-04
2.064036621159175361e-04
1.687276589145767630e-04
1.551855217294360065e-04
1.491663386450454651e-04
1.455464327573281606e-04
1.744249838211544624e-04
1.709639329383208040e-04
1.754356406927399809e-04
1.762092827284504940e-04
1.469626597136084421e-04
1.521079819522128595e-04
1.520595936326572068e-04
3.367625083174061781e-04
1.496179677633335825e-04
1.584271775445813516e-04
1.398712108566542022e-04
1.564986265530023840e-04
1.376510907848569275e-04
1.323656914264574949e-04
1.417064306915563003e-04
1.409678794188948909e-04
1.381528241126943747e-04
1.551822195069689904e-04
1.551547892649978258e-04
1.460574189350154499e-04
1.305792445346014687e-04
1.234815935986261913e-04
1.297009926602186265e-04
1.329507134014420392e-04
1.578152570127713144e-04
1.362698427928990064e-04
1.471052489432622668e-04
1.630439238397229874e-04
1.409258837902598309e-04
1.147670964764984150e-04
1.160701555400009958e-04
1.127881468910345514e-04
1.368420763919857568e-04
1.201030023094062861e-04
1.262891906171717017e-04
1.210127444919635337e-04
1.328650288896824445e-04
1.104070560359105056e-04
1.316147399465990059e-04
1.348409712063585299e-04
1.168181694156373809e-04
1.176525802475225608e-04
1.160579149654950015e-04
1.237736758830578637e-04
1.370215991410077500e-04
1.147141372421174371e-04
1.132782104305078935e-04
1.014348629651067274e-04
1.108431988031952694e-04
1.138806335784465709e-04
1.019950807385612242e-04
1.155099537227215466e-04
1.229576186087797426e-04
