1.358056783676147461e+00
2.729664802551269531e+00
4.131158828735351562e+00
5.565915822982788086e+00
7.035917997360229492e+00
8.335655927658081055e+00
9.643196821212768555e+00
1.099846386909484863e+01
1.225778698921203613e+01
1.351640200614929199e+01
1.484179496765136719e+01
1.637172389030456543e+01
1.772580194473266602e+01
1.916139292716979980e+01
2.045979595184326172e+01
2.170325684547424316e+01
2.308370685577392578e+01
2.450395298004150391e+01
2.592443180084228516e+01
2.734491586685180664e+01
