8.169000003114342823e-01
9.241600021123885789e-01
9.410400021076202881e-01
9.507000018358230387e-01
9.575600036382675428e-01
9.633600043058395679e-01
9.676200057268142807e-01
9.714200099706650215e-01
9.740800092220306405e-01
9.766800086498260702e-01
9.782600089311599412e-01
9.806800098419189426e-01
9.822800096273421877e-01
9.839400110244751474e-01
9.853000110387801769e-01
9.871000100374222042e-01
9.878800095319747454e-01
9.894200091361999849e-01
9.903400082588196263e-01
9.908600076436996362e-01
9.918400071859360123e-01
9.924200068712234479e-01
9.932800060510635909e-01
9.938200056552887185e-01
9.941200053691864325e-01
9.946000049114227526e-01
9.951000046730041904e-01
9.957400039434433081e-01
9.963400034904480451e-01
9.964000034332275435e-01
9.971400027275085787e-01
9.973800024986266832e-01
9.974200024604796821e-01
9.977000021934508966e-01
9.978800020217895028e-01
9.982200016975403267e-01
9.986400012969970374e-01
9.985600013732910396e-01
9.987400012016296458e-01
9.989600009918212509e-01
9.988800010681152530e-01
9.991400008201598570e-01
9.991600008010864675e-01
9.993000006675720748e-01
9.992400007247924654e-01
9.994200005531310715e-01
9.994800004959106809e-01
9.996000003814696777e-01
9.996000003814696777e-01
9.995800004005431783e-01
9.995200004577636799e-01
9.996400003433227877e-01
9.997400002479552850e-01
9.998000001907348944e-01
9.998200001716613938e-01
9.998800001144408922e-01
9.997000002861022860e-01
9.997400002479552850e-01
9.998000001907348944e-01
9.999000000953673917e-01
9.999400000572205016e-01
9.999200000762938911e-01
9.998800001144408922e-01
9.998600001335143928e-01
9.999200000762938911e-01
9.999400000572205016e-01
9.999800000190735005e-01
9.999200000762938911e-01
9.999800000190735005e-01
9.999200000762938911e-01
9.999600000381470011e-01
9.999000000953673917e-01
9.998800001144408922e-01
9.999400000572205016e-01
9.999600000381470011e-01
9.999600000381470011e-01
9.999600000381470011e-01
9.999600000381470011e-01
9.999600000381470011e-01
9.999800000190735005e-01
9.999800000190735005e-01
9.999800000190735005e-01
1.000000000000000000e+00
9.999600000381470011e-01
1.000000000000000000e+00
9.999800000190735005e-01
1.000000000000000000e+00
9.999800000190735005e-01
1.000000000000000000e+00
1.000000000000000000e+00
9.999800000190735005e-01
1.000000000000000000e+00
1.000000000000000000e+00
1.000000000000000000e+00
1.000000000000000000e+00
1.000000000000000000e+00
9.999600000381470011e-01
1.000000000000000000e+00
9.999800000190735005e-01
9.999800000190735005e-01
1.000000000000000000e+00
9.999800000190735005e-01
1.000000000000000000e+00
9.999800000190735005e-01
9.999800000190735005e-01
1.000000000000000000e+00
1.000000000000000000e+00
1.000000000000000000e+00
1.000000000000000000e+00
1.000000000000000000e+00
9.999800000190735005e-01
1.000000000000000000e+00
1.000000000000000000e+00
1.000000000000000000e+00
1.000000000000000000e+00
1.000000000000000000e+00
1.000000000000000000e+00
1.000000000000000000e+00
1.000000000000000000e+00
1.000000000000000000e+00
1.000000000000000000e+00
1.000000000000000000e+00
1.000000000000000000e+00
1.000000000000000000e+00
1.000000000000000000e+00
9.999800000190735005e-01
1.000000000000000000e+00
1.000000000000000000e+00
1.000000000000000000e+00
1.000000000000000000e+00
1.000000000000000000e+00
1.000000000000000000e+00
1.000000000000000000e+00
1.000000000000000000e+00
1.000000000000000000e+00
1.000000000000000000e+00
1.000000000000000000e+00
1.000000000000000000e+00
1.000000000000000000e+00
9.999800000190735005e-01
9.999800000190735005e-01
1.000000000000000000e+00
1.000000000000000000e+00
1.000000000000000000e+00
1.000000000000000000e+00
9.999800000190735005e-01
1.000000000000000000e+00
1.000000000000000000e+00
1.000000000000000000e+00
1.000000000000000000e+00
1.000000000000000000e+00
1.000000000000000000e+00
1.000000000000000000e+00
1.000000000000000000e+00
1.000000000000000000e+00
1.000000000000000000e+00
1.000000000000000000e+00
1.000000000000000000e+00
1.000000000000000000e+00
1.000000000000000000e+00
1.000000000000000000e+00
1.000000000000000000e+00
1.000000000000000000e+00
1.000000000000000000e+00
1.000000000000000000e+00
1.000000000000000000e+00
1.000000000000000000e+00
1.000000000000000000e+00
1.000000000000000000e+00
1.000000000000000000e+00
1.000000000000000000e+00
1.000000000000000000e+00
1.000000000000000000e+00
1.000000000000000000e+00
1.000000000000000000e+00
1.000000000000000000e+00
9.999800000190735005e-01
1.000000000000000000e+00
1.000000000000000000e+00
1.000000000000000000e+00
1.000000000000000000e+00
1.000000000000000000e+00
1.000000000000000000e+00
1.000000000000000000e+00
1.000000000000000000e+00
1.000000000000000000e+00
1.000000000000000000e+00
1.000000000000000000e+00
1.000000000000000000e+00
1.000000000000000000e+00
1.000000000000000000e+00
1.000000000000000000e+00
1.000000000000000000e+00
1.000000000000000000e+00
1.000000000000000000e+00
1.000000000000000000e+00
1.000000000000000000e+00
1.000000000000000000e+00
1.000000000000000000e+00
1.000000000000000000e+00
