1.196565198898315430e+01
2.729618096351623535e+01
4.502136802673339844e+01
6.263450193405151367e+01
7.948926806449890137e+01
9.726910400390625000e+01
1.143510329723358154e+02
1.317959280014038086e+02
1.491637721061706543e+02
1.663866770267486572e+02
1.840044810771942139e+02
2.010891830921173096e+02
2.187841229438781738e+02
2.358763530254364014e+02
2.534750771522521973e+02
2.712844541072845459e+02
2.886357641220092773e+02
3.065723309516906738e+02
3.241130299568176270e+02
3.432687859535217285e+02
3.666494979858398438e+02
3.940565400123596191e+02
4.281028521060943604e+02
4.656451940536499023e+02
5.033474581241607666e+02
5.406325471401214600e+02
5.783292100429534912e+02
6.157244961261749268e+02
6.539053170680999756e+02
6.920422301292419434e+02
7.316861679553985596e+02
7.724014401435852051e+02
8.120296900272369385e+02
8.565187621116638184e+02
8.948466300964355469e+02
9.414817860126495361e+02
1.000620969057083130e+03
1.079052637100219727e+03
1.178563145160675049e+03
1.274324820995330811e+03
1.371324310064315796e+03
1.463593667984008789e+03
1.559407094955444336e+03
1.656533385992050171e+03
1.750822747945785522e+03
1.848950080156326294e+03
1.944468502044677734e+03
2.043210246086120605e+03
2.137798985958099365e+03
2.235187526941299438e+03
2.332649502038955688e+03
2.432114549160003662e+03
2.526284909009933472e+03
2.622514714002609253e+03
2.718195976972579956e+03
2.820902184009552002e+03
2.911909476041793823e+03
3.003815978050231934e+03
3.101026021957397461e+03
3.193781021118164062e+03
3.283289057016372681e+03
3.376880495071411133e+03
3.466977483987808228e+03
3.556666373968124390e+03
3.651302118062973022e+03
3.746456609010696411e+03
3.835064648151397705e+03
3.930481357097625732e+03
4.009829559087753296e+03
4.088255002975463867e+03
4.168440086126327515e+03
4.250964776992797852e+03
4.339060431957244873e+03
4.408260926961898804e+03
4.478644392967224121e+03
4.547838943958282471e+03
4.603716588020324707e+03
4.658044283151626587e+03
4.711105852127075195e+03
4.756543710947036743e+03
4.800910716056823730e+03
4.847084805011749268e+03
4.892925301074981689e+03
4.932423365116119385e+03
4.970230090141296387e+03
5.008818583965301514e+03
5.047246405124664307e+03
5.085750061035156250e+03
5.124148005962371826e+03
5.162760671138763428e+03
5.205215039014816284e+03
5.267034844160079956e+03
5.332550627946853638e+03
5.401641037940979004e+03
5.466525377035140991e+03
5.538083671092987061e+03
5.602440253973007202e+03
5.672126106977462769e+03
5.736655615091323853e+03
5.809585834980010986e+03
5.875636882066726685e+03
5.944926274061203003e+03
6.006772948980331421e+03
6.077389580965042114e+03
6.142160949945449829e+03
6.212498679161071777e+03
6.276627279996871948e+03
6.344075153112411499e+03
6.412567424058914185e+03
6.480130761146545410e+03
6.548722877979278564e+03
6.617660086154937744e+03
6.688679383993148804e+03
6.758160804033279419e+03
6.826586257934570312e+03
6.894574677944183350e+03
6.962504624128341675e+03
7.025660470962524414e+03
7.072757292032241821e+03
7.119046462059020996e+03
7.164816349983215332e+03
7.211665462017059326e+03
7.257775633096694946e+03
7.303792715072631836e+03
7.349375510931015015e+03
7.394699583053588867e+03
7.440575824975967407e+03
7.486839606046676636e+03
7.532727225065231323e+03
7.578679013967514038e+03
7.624685759067535400e+03
7.670929615974426270e+03
7.716898589134216309e+03
7.761577177047729492e+03
7.807663908004760742e+03
7.853823241949081421e+03
7.899357273101806641e+03
7.944451599121093750e+03
7.989719140052795410e+03
8.035658301115036011e+03
8.080952093124389648e+03
8.126478338956832886e+03
8.171974599123001099e+03
8.217218822956085205e+03
8.263845402002334595e+03
8.309430279970169067e+03
8.356270748138427734e+03
8.403131035089492798e+03
8.448930961132049561e+03
8.494716948032379150e+03
8.541772185087203979e+03
8.588196036100387573e+03
8.634079695940017700e+03
8.679764806985855103e+03
8.725530179977416992e+03
8.770418316125869751e+03
8.816197513103485107e+03
8.861259099960327148e+03
8.907494415998458862e+03
8.952079046010971069e+03
8.993434556961059570e+03
9.034175617933273315e+03
9.074755465984344482e+03
9.115226871013641357e+03
9.154155041933059692e+03
9.192948178052902222e+03
9.231602411985397339e+03
9.270391463041305542e+03
9.308737264156341553e+03
9.346712660074234009e+03
9.385149358034133911e+03
9.423370186090469360e+03
9.461483091115951538e+03
9.499579535007476807e+03
9.538091686964035034e+03
9.576424278020858765e+03
9.615215481042861938e+03
9.653958971023559570e+03
9.692361243009567261e+03
9.730952203989028931e+03
9.769403967142105103e+03
9.807922608137130737e+03
9.846445723056793213e+03
9.884436871051788330e+03
9.922735669136047363e+03
9.960863274097442627e+03
9.999304224014282227e+03
1.003756267404556274e+04
1.007623219299316406e+04
1.011477295708656311e+04
1.015368763494491577e+04
1.019259235215187073e+04
1.023120447015762329e+04
1.027008215403556824e+04
1.030860978293418884e+04
1.034701287508010864e+04
1.038550346803665161e+04
1.042384570503234863e+04
1.046273782610893250e+04
1.050119239497184753e+04
