1.486575126647949219e+00
2.918812990188598633e+00
4.353946924209594727e+00
5.787030935287475586e+00
7.354795932769775391e+00
8.678939104080200195e+00
1.016172099113464355e+01
1.160972309112548828e+01
1.306567811965942383e+01
1.448531413078308105e+01
1.590557408332824707e+01
1.732295298576354980e+01
1.873962593078613281e+01
2.008573007583618164e+01
2.132435607910156250e+01
2.256537008285522461e+01
2.401042795181274414e+01
2.547796893119812012e+01
2.701664590835571289e+01
2.858331203460693359e+01
