1.030011910855770152e+00
3.001693705022335235e-01
2.306932334750890767e-01
1.942295040413737350e-01
1.687397391796112145e-01
1.492363003864884408e-01
1.335318834781646646e-01
1.223484842032194070e-01
1.114936420395970379e-01
1.022369132228195671e-01
9.480762368068099133e-02
8.745252719707787004e-02
8.157867503911256368e-02
7.529818479716778035e-02
7.154525176808237963e-02
6.627088798210024889e-02
6.208260316401720269e-02
5.805380379036068766e-02
5.519908601418137273e-02
5.208485980331897802e-02
4.844943167641758974e-02
4.658915614709258080e-02
4.371290968731045973e-02
4.077528077363967718e-02
3.984416748955845605e-02
3.786548544373363051e-02
3.550773600116371997e-02
3.323065589554607957e-02
3.217565343249589177e-02
2.990713836345821469e-02
2.871696075424551992e-02
2.744588031806051778e-02
2.631534336972981766e-02
2.545769354887306851e-02
2.353956832829862816e-02
2.301736015081405629e-02
2.136289030825719304e-02
2.076072658644989230e-02
2.000900381617248119e-02
1.885191034059971460e-02
1.845311330724507676e-02
1.788457438163459229e-02
1.698668956710025837e-02
1.646599762421101232e-02
1.618933187797665443e-02
1.544750150479376298e-02
1.449819099344313092e-02
1.378089362126775144e-02
1.358434355421923173e-02
1.371833459194749666e-02
1.266123352106660570e-02
1.241139492485672166e-02
1.186792472051456486e-02
1.125106573104858385e-02
1.100291246129199776e-02
1.056511285481974427e-02
1.082426129234954730e-02
1.027898243861272848e-02
1.020304133975878311e-02
9.368255470413713870e-03
9.389100345550105073e-03
9.205446230713277417e-03
8.788583704736084579e-03
8.778571276692672884e-03
8.283111522905528892e-03
8.153302185703068666e-03
8.011484013171867383e-03
7.703990890644490420e-03
7.481296475045383365e-03
7.474300181725993322e-03
7.298590596765280186e-03
7.076391455717384420e-03
7.333052508067339562e-03
6.560680194292217889e-03
6.614004277857020095e-03
6.587928909575566615e-03
6.409758728463202729e-03
6.105480230180546433e-03
6.094441957655362917e-03
5.999424815177917085e-03
5.607001799857244152e-03
5.740058934548869854e-03
5.342130701988935353e-03
5.515787986340001288e-03
5.439459504326805799e-03
5.310397151391953348e-03
5.116510128602385146e-03
5.090019132476300209e-03
5.075178915052674759e-03
4.926386904087849336e-03
4.939536315039731729e-03
4.790687767788767530e-03
4.686713085742667644e-03
4.486727990442886810e-03
4.441138631431386201e-03
4.424290350172668633e-03
4.484813644085079362e-03
4.065243781427852615e-03
4.078187056700699302e-03
4.078941865707747666e-03
4.062174602178857119e-03
3.961493088107090159e-03
4.005004290374927604e-03
4.041587892221286567e-03
3.809002624708227990e-03
3.719275268260389782e-03
3.731996103422716149e-03
3.755929548526182674e-03
3.618845937540754541e-03
3.531358781503513445e-03
3.628733654972165785e-03
3.529495269758627009e-03
3.339821155183017240e-03
3.345732781570404882e-03
3.312477349187247563e-03
3.430414067581296148e-03
3.471132398524787426e-03
3.315589900710620101e-03
3.282297579338773995e-03
3.298458781442604841e-03
3.238032114633824631e-03
2.951801806164439882e-03
2.967901528230868120e-03
2.967696424806490468e-03
2.815713902644347358e-03
3.032323832332622059e-03
2.902454944211058357e-03
2.832647455623373434e-03
2.902291489532217265e-03
2.769530322286300160e-03
2.737986453634221311e-03
2.680787014192901642e-03
2.812274476629681927e-03
2.642270115378778528e-03
2.598291155416518599e-03
2.705189745815005011e-03
2.499806551844812718e-03
2.588242585770785757e-03
2.545271707989741044e-03
2.449155129550490730e-03
2.518598396738525643e-03
2.464951183472294163e-03
2.407102823024615847e-03
2.367576609132811608e-03
2.480013464519288582e-03
2.310868517088238323e-03
2.275930535455699972e-03
2.377631456591188745e-03
2.305508025950985234e-03
2.343722601479384868e-03
2.395924161886796300e-03
2.143600133684231066e-03
2.173605818155920077e-03
2.175796739873476528e-03
2.201611672237049899e-03
2.096211621246766438e-03
2.038921321625821424e-03
2.077800547995138723e-03
2.070072420174256123e-03
2.090545625193044547e-03
2.053041987237520707e-03
2.041898079507518515e-03
2.032832088822033104e-03
1.914576872019097204e-03
2.011819581704912731e-03
1.972902618523221258e-03
1.937502248678356354e-03
1.805451277294196086e-03
1.927076597872655903e-03
1.906139811035245744e-03
1.893631666665896753e-03
1.809059083461761388e-03
1.781416553101735278e-03
1.747048385383095622e-03
1.690871662693098137e-03
1.923520196171011687e-03
1.734789132053265277e-03
1.708761074580252178e-03
1.694368920696433722e-03
1.748346010514069447e-03
1.741967664594994787e-03
1.789898974529933150e-03
1.711649482371285476e-03
1.749925009324215276e-03
1.759126584394835003e-03
1.671873869374394458e-03
1.710232707147952072e-03
1.612891327007673738e-03
1.581728817487601177e-03
1.616444346320349652e-03
1.614533596322871752e-03
1.579758253617910644e-03
1.641737878788262529e-03
1.486236156371887815e-03
1.513837494509061819e-03
1.496655236958758985e-03
1.523395261610858064e-03
1.501666523865424156e-03
1.541954318876378321e-03
1.428221166424918902e-03
