1.862633973918855212e-01
6.888296187669039339e-02
4.361957544926554214e-02
3.024352358281612307e-02
2.264698198065161552e-02
1.695061426563188381e-02
1.290153986797668018e-02
1.009185244468972092e-02
8.688813371118158865e-03
6.803051420720293736e-03
5.666618470102548905e-03
5.453781281830743198e-03
4.702830103226005726e-03
4.070736722613219408e-03
3.783539679949171879e-03
3.073800128244329449e-03
3.132694934436585938e-03
2.641061178699601227e-03
2.238807656744029161e-03
2.194486722582951205e-03
2.038561020803172051e-03
2.212093967013061251e-03
1.923374897392932364e-03
1.948895889217965288e-03
1.825108565622940611e-03
1.561573902989039139e-03
1.554726080037653353e-03
1.409806986339390365e-03
1.341835892497329069e-03
1.282123270269949029e-03
1.261824297660496010e-03
1.215789104709983845e-03
1.076340006460668438e-03
1.117188950593117538e-03
1.011125065444502986e-03
9.878539746423485070e-04
9.823147554416209078e-04
8.501528400811366685e-04
9.034780931979184432e-04
8.712302083440590919e-04
8.055295682133873985e-04
9.094467159156920241e-04
8.980436583078698666e-04
7.979107747523812638e-04
7.265203280840069324e-04
7.609123434958746292e-04
6.457342361682094677e-04
7.135888274060562392e-04
6.941282842890359080e-04
6.416009796157595875e-04
5.677063953044125377e-04
5.300017569679766867e-04
6.036982659861678301e-04
5.835895189811708900e-04
5.547125567391048614e-04
6.167861596040893034e-04
5.379239398316713015e-04
5.197277359620784904e-04
4.779399089675280153e-04
4.923160127218579847e-04
4.782976164642604761e-04
4.853805802122223884e-04
4.268810941939591591e-04
4.913471902618767257e-04
3.889838856994174256e-04
3.823307876591570888e-04
3.978474449613713521e-04
4.130247281573247008e-04
3.931976590974954632e-04
3.904700421335292166e-04
3.680250239194719948e-04
3.621924614926683573e-04
3.524570725494413658e-04
3.799383141813450233e-04
3.682433403882896350e-04
3.255511873067007357e-04
3.594218137368443595e-04
4.130302897538058499e-04
3.673083119974762493e-04
3.313617849489673846e-04
3.117228616247302853e-04
4.617329871180118049e-04
3.628202953659638097e-04
3.118494619302509966e-04
3.414800533428206291e-04
2.996345374340307751e-04
3.388222165449405782e-04
3.435999305002042196e-04
3.167871758996625262e-04
3.051642746322613437e-04
2.773269992612767995e-04
3.324732466971909006e-04
2.506089830403652931e-04
2.644233247665397370e-04
3.329544142688973954e-04
2.664174489236757065e-04
2.528407906283973851e-04
2.763543295404815767e-04
2.263759102315816634e-04
2.679325382814568110e-04
2.605713027514866640e-04
2.444556917143927174e-04
2.591418387964949943e-04
2.558165140217170280e-04
2.314539304425125143e-04
2.333433556959789695e-04
2.111561835336033227e-04
2.301605067150376376e-04
2.327144233313447458e-04
2.264092564255406660e-04
2.277456191532109965e-04
2.584039592074986800e-04
2.120928084405022745e-04
2.838178397723822854e-04
2.001099484641599582e-04
2.075700864479585936e-04
2.138554090051911704e-04
2.258579314911912715e-04
2.189814551857125369e-04
1.917145803781750179e-04
2.504536907636065613e-04
2.213057904882589260e-04
1.790277665058965747e-04
1.980160789134970437e-04
2.015557961094600566e-04
1.915598738778498844e-04
1.715287430452008366e-04
1.896277645755617359e-04
1.920877073280280369e-04
1.779830069644958677e-04
1.923408429756818714e-04
1.873182290983095349e-04
1.607241414640157146e-04
2.098451019155618265e-04
2.118775291019119327e-04
2.020111606652790284e-04
1.693057542470342066e-04
1.678424646961502629e-04
1.619709573969885339e-04
1.582662574437563414e-04
1.573572393372160119e-04
1.743896298230538451e-04
1.732881297812127795e-04
1.523341692609392307e-04
1.550924626790219790e-04
1.406572588166454753e-04
1.476963460409024247e-04
1.595702054237335709e-04
1.420147999469918525e-04
1.639055248542717759e-04
1.682747278837268929e-04
1.523398406952765024e-04
1.682003692894795796e-04
1.525037750452611378e-04
1.812811553791107157e-04
1.504075408556673256e-04
1.392150742140074856e-04
1.583725776354185765e-04
1.464895262324716874e-04
1.526418546582135490e-04
1.516069990157120726e-04
1.288439504460256880e-04
1.442029006375378144e-04
1.494930754543020133e-04
1.351998148402344755e-04
1.335708530295960260e-04
1.423807076043885785e-04
1.293062930653832252e-04
1.535382896763621814e-04
1.406172428687568700e-04
1.601072596731682935e-04
1.394890115407179177e-04
1.333776332394336344e-04
1.334011942471988708e-04
1.282533174235140890e-04
1.051731658008066007e-04
1.264365548449859354e-04
1.204272385248259528e-04
1.237708543467306384e-04
1.184792156145704164e-04
1.156704665281722496e-04
1.445792398553749137e-04
1.019012283595657260e-04
1.166053474044019843e-04
1.276661341289582322e-04
1.323617000798549292e-04
1.289157298833742884e-04
1.259377333344673263e-04
1.177142923079372867e-04
1.091201347207970711e-04
1.139870145943859802e-04
1.886947476068599023e-04
1.094289145221409820e-04
1.474627262550711696e-04
1.078464695729053368e-04
9.951248572360782462e-05
1.217148229879967420e-04
1.072146746100770498e-04
1.240245076551218552e-04
1.083151049970183588e-04
