3.427641568303108066e+00
6.522750563919543776e-01
3.818497130572796050e-01
3.060152549743652139e-01
2.637019721716642451e-01
2.380759631693363243e-01
2.152086333781480787e-01
2.001293393522501074e-01
1.888909104615449919e-01
1.788932571113109604e-01
1.691524014547467203e-01
1.635747782140970219e-01
1.562284534722566676e-01
1.492446954026818151e-01
1.437567839697003469e-01
1.393674034327268552e-01
1.361499970033764884e-01
1.314495074637234140e-01
1.256224005967378488e-01
1.255759635604918045e-01
