1.375276184082031250e+01
3.044910979270935059e+01
4.852544498443603516e+01
6.590610599517822266e+01
8.370281696319580078e+01
1.013063318729400635e+02
1.185144438743591309e+02
1.362642748355865479e+02
1.535237689018249512e+02
1.715099308490753174e+02
1.889765698909759521e+02
2.064679119586944580e+02
2.241949617862701416e+02
2.414093389511108398e+02
2.595461199283599854e+02
2.771375908851623535e+02
2.951247878074645996e+02
3.129001078605651855e+02
3.308076138496398926e+02
3.541491398811340332e+02
3.802150278091430664e+02
4.120123279094696045e+02
4.496382207870483398e+02
4.867093088626861572e+02
5.240159149169921875e+02
5.617136209011077881e+02
5.997116727828979492e+02
6.382960529327392578e+02
6.768538308143615723e+02
7.149189648628234863e+02
7.531274659633636475e+02
7.938025739192962646e+02
8.314564290046691895e+02
8.740448188781738281e+02
9.179941678047180176e+02
9.684797458648681641e+02
1.045477250814437866e+03
1.141431180000305176e+03
1.238470541954040527e+03
1.332383638858795166e+03
1.429435984849929810e+03
1.527702612876892090e+03
1.619871207952499390e+03
1.714824464797973633e+03
1.815357996940612793e+03
1.910305302858352661e+03
2.008482119798660278e+03
2.101737723827362061e+03
2.197570630788803101e+03
2.297871172904968262e+03
2.397233795881271362e+03
2.497254725933074951e+03
2.586033846855163574e+03
2.683598750829696655e+03
2.783389213800430298e+03
2.880275182008743286e+03
2.971900057792663574e+03
3.067290839910507202e+03
3.163097621917724609e+03
3.252196247816085815e+03
3.346255899906158447e+03
3.436836646795272827e+03
3.527713614940643311e+03
3.619156062841415405e+03
3.715117633819580078e+03
3.806579087972640991e+03
3.896731534004211426e+03
3.986772432804107666e+03
4.060631864786148071e+03
4.142689968824386597e+03
4.229487317800521851e+03
4.314133250951766968e+03
4.388118484973907471e+03
4.460805110931396484e+03
4.529108617782592773e+03
4.590443925857543945e+03
4.649295679807662964e+03
4.703672924995422363e+03
4.752368108987808228e+03
4.799978997945785522e+03
4.849313427925109863e+03
4.896663849830627441e+03
4.935688721895217896e+03
4.973989632844924927e+03
5.012912714004516602e+03
5.051144102811813354e+03
5.089323540925979614e+03
5.127613415002822876e+03
5.166230167865753174e+03
5.213335251808166504e+03
5.275954075813293457e+03
5.347201898813247681e+03
5.412861396789550781e+03
5.485941924810409546e+03
5.551581627845764160e+03
5.622698556900024414e+03
5.687506700992584229e+03
5.758648101806640625e+03
5.828310594797134399e+03
5.898888585805892944e+03
5.964686888933181763e+03
6.033435446977615356e+03
6.101253512859344482e+03
6.171756389856338501e+03
6.238767132997512817e+03
6.307040068864822388e+03
6.372690586805343628e+03
6.446107824802398682e+03
6.511183968782424927e+03
6.583088307857513428e+03
6.653068301916122437e+03
6.726614830970764160e+03
6.793047554969787598e+03
6.865885530948638916e+03
6.931863959789276123e+03
7.003218933820724487e+03
7.053442310810089111e+03
7.102336058855056763e+03
7.152214922904968262e+03
7.201561796903610229e+03
7.250872516870498657e+03
7.299827554941177368e+03
7.347793325901031494e+03
7.395599901914596558e+03
7.445111838817596436e+03
7.495259303808212280e+03
7.544472386837005615e+03
7.593335686922073364e+03
7.641598763942718506e+03
7.689148232936859131e+03
7.736212953805923462e+03
7.784728244781494141e+03
7.833670547962188721e+03
7.883099340915679932e+03
7.931708748817443848e+03
7.980729146003723145e+03
8.028667007923126221e+03
8.076796666860580444e+03
8.124702802896499634e+03
8.173356937885284424e+03
8.222922449827194214e+03
8.272493701934814453e+03
8.321506119966506958e+03
8.371278501987457275e+03
8.419226947784423828e+03
8.466498792886734009e+03
8.514184300899505615e+03
8.564389256000518799e+03
8.614121009826660156e+03
8.664063639879226685e+03
8.713956164836883545e+03
8.761547472000122070e+03
8.809291392803192139e+03
8.857097419977188110e+03
8.906337795972824097e+03
8.952854754924774170e+03
8.995780506849288940e+03
9.038037258863449097e+03
9.079831947803497314e+03
9.120460577011108398e+03
9.159114939928054810e+03
9.197774443864822388e+03
9.236256706953048706e+03
9.275146327972412109e+03
9.313850339889526367e+03
9.352582944869995117e+03
9.391289697885513306e+03
9.429638075828552246e+03
9.468122781991958618e+03
9.506587376832962036e+03
9.545057266950607300e+03
9.583422530889511108e+03
9.621811572790145874e+03
9.660296059846878052e+03
9.698496609926223755e+03
9.737343236923217773e+03
9.776186185836791992e+03
9.814896665811538696e+03
9.853477005958557129e+03
9.891744569778442383e+03
9.930504121780395508e+03
9.968990192890167236e+03
1.000748615789413452e+04
1.004569899797439575e+04
1.008408296298980713e+04
1.012262661981582642e+04
1.016147849678993225e+04
1.020056118392944336e+04
1.023993170690536499e+04
1.027896092391014099e+04
1.031763514685630798e+04
1.035647239089012146e+04
1.039526369380950928e+04
1.043401775097846985e+04
1.047277053594589233e+04
1.051000629091262817e+04
1.054494656491279602e+04
1.057627201700210571e+04
1.060566331386566162e+04
1.063446348285675049e+04
