3.151677846908569336e+00
4.567633867263793945e+00
6.043457984924316406e+00
7.678982973098754883e+00
9.294023990631103516e+00
1.144496583938598633e+01
1.308473205566406250e+01
1.439215493202209473e+01
1.578200387954711914e+01
1.727379488945007324e+01
1.886106586456298828e+01
2.038500404357910156e+01
2.206230092048645020e+01
2.409099292755126953e+01
2.557510805130004883e+01
2.700955605506896973e+01
2.848419094085693359e+01
3.065141797065734863e+01
3.200667905807495117e+01
3.330455994606018066e+01
