1.838748859800398427e-01
6.752508108504116924e-02
4.427636248059570873e-02
3.003032103367149833e-02
2.217469853023067150e-02
1.586808288423344551e-02
1.233740829909220349e-02
1.002752490551210920e-02
8.080523959826677385e-03
7.030896444222890264e-03
5.820558003033510924e-03
5.312238085665740503e-03
4.733515035943128453e-03
3.841340942366514195e-03
3.551504023256711693e-03
3.268269609834532994e-03
3.150652958021965024e-03
2.667141450860071976e-03
2.293385504424804659e-03
2.325815929274540304e-03
2.060835076030343924e-03
1.935253760137129516e-03
1.781633454811526462e-03
1.863939686154481110e-03
1.601452938106376605e-03
1.733701838209526563e-03
1.557169983076164485e-03
1.380153221311047678e-03
1.283687586168525763e-03
1.173533839028095740e-03
1.208769831282552288e-03
1.161844071422819900e-03
1.010626752278767420e-03
1.014441111532505494e-03
1.059845548719749774e-03
1.010158993827644678e-03
9.207598225766560392e-04
8.082365973095874704e-04
8.220873403333825609e-04
9.534875037643359514e-04
9.079868145781802482e-04
8.323947119060903658e-04
7.603997577825794517e-04
7.061941511055920637e-04
6.882542622333858448e-04
6.928971442248439173e-04
6.696404522663214993e-04
6.201369463742594217e-04
6.439745281095383706e-04
7.022796566016040231e-04
6.109559648757568150e-04
5.772715747662005318e-04
5.904619627399370577e-04
5.776329858636018158e-04
5.755763949637184755e-04
5.330326278708525474e-04
5.166173710313159452e-04
4.585979862167732725e-04
4.725393900225753900e-04
4.471877180840238154e-04
4.419189478649059423e-04
4.677093517166213397e-04
4.373870305571472177e-04
5.275465892191277470e-04
4.380030165557400289e-04
4.168921848540776617e-04
4.211164305597776348e-04
3.961758541263406936e-04
4.020078472531168011e-04
3.710418861155631012e-04
3.513525886664865751e-04
3.496781564208504157e-04
3.717017011222196869e-04
3.257841721788281306e-04
3.659292380507395202e-04
3.915227765319287075e-04
3.866735385636275351e-04
3.699693946691695731e-04
3.325780697705340628e-04
3.610250891251780563e-04
3.229147600977739932e-04
3.263376092181715727e-04
3.003350200415297864e-04
3.053512914520979541e-04
3.197405425962642498e-04
3.355960146000143028e-04
3.780679406554554351e-04
2.793897056690184495e-04
3.313654773701273375e-04
3.221572473812557244e-04
2.911858081606624260e-04
2.889049541154235876e-04
2.552376522289705489e-04
2.454247130153817090e-04
2.683807591856748583e-04
2.582606423129618894e-04
2.559894356672884645e-04
2.851211520137439826e-04
2.629984043269359916e-04
2.347527140118472783e-04
2.554184907239687163e-04
2.631590642158698778e-04
2.406297547277063190e-04
2.090948409859265692e-04
2.100220545507909163e-04
2.374847123573999746e-04
2.241541873954702171e-04
3.367154787156323653e-04
2.247818914256640669e-04
2.064786463342898107e-04
2.244016244694648757e-04
2.222159232333069693e-04
1.945681082106602924e-04
2.154768862092169130e-04
2.244957825460005586e-04
2.577166720766399565e-04
2.275342654938867701e-04
1.846083438031200657e-04
2.260134182070032676e-04
1.890883802370808516e-04
2.065649020933051484e-04
2.295160268222389314e-04
1.931296021466550748e-04
1.852816717528185219e-04
2.168809592840261803e-04
2.153278774167120065e-04
1.763895727199269522e-04
1.899264807070721948e-04
1.870212006360816390e-04
1.934210832478129301e-04
1.707475426701421503e-04
1.886030396162823378e-04
1.895318704373494213e-04
2.211177777735429215e-04
1.916854389219224675e-04
1.831185948576603535e-04
2.740603602651390256e-04
2.055463905016949994e-04
1.626844615966547148e-04
1.579913729547115600e-04
2.009308108281402413e-04
1.714106082436046667e-04
1.701126789921545346e-04
1.707577196993952454e-04
1.951820099275210067e-04
1.847373415657784857e-04
1.536063764178834416e-04
1.496244935860886434e-04
1.526055814010760393e-04
1.644107317897578390e-04
1.600402613821643046e-04
1.386186026338691508e-04
1.655756452855712329e-04
1.580455481307581171e-04
1.491253197473270105e-04
1.649715926669159541e-04
1.513364709899178728e-04
1.624184179563599266e-04
1.450735502021416443e-04
1.514720850391313518e-04
1.331947110284090825e-04
1.192826806982338910e-04
1.358724012425227578e-04
1.337094915324996559e-04
1.472479179847141582e-04
1.370138590755232133e-04
1.369543952459935170e-04
1.281485833951592150e-04
1.226768298256502004e-04
1.142240500030311577e-04
1.429015886260458473e-04
1.628782800744375001e-04
1.184098834892210967e-04
1.308253699862689122e-04
1.216514374955295411e-04
1.846103138541366185e-04
1.452323542180238307e-04
1.247577662688854731e-04
1.067201300047599901e-04
1.285046460416197113e-04
1.162414842365251324e-04
1.186272632021427803e-04
1.254473050557862619e-04
1.214765106078630256e-04
1.147768322152842345e-04
1.258976514800451809e-04
1.135681366922653974e-04
1.211691879925638223e-04
1.041854745817545299e-04
1.099718080076854670e-04
1.223887058440595733e-04
1.175416115183907127e-04
1.213921594226121618e-04
1.145162595821602774e-04
1.012945273396326234e-04
1.162577903523924819e-04
1.081260755991024730e-04
1.310674016203847733e-04
1.148817138564481831e-04
1.124370640627603263e-04
