8.164599991850555183e-01
9.235600022077560256e-01
9.401200013160705415e-01
9.500400013923645526e-01
9.571600015163421737e-01
9.629600061178207326e-01
9.672800066471100022e-01
9.710600076913833423e-01
9.740600088834762138e-01
9.764600075483321762e-01
9.790200104713440155e-01
9.808800102472304827e-01
9.827200100421905615e-01
9.847000110149383145e-01
9.857000104188918810e-01
9.872800093889236850e-01
9.877800097465515572e-01
9.888800089359283119e-01
9.899200086593628045e-01
9.907400076389312193e-01
9.919000067710876944e-01
9.927600063085556537e-01
9.933400057554244711e-01
9.937800059318542267e-01
9.944000052213668450e-01
9.949200047254562751e-01
9.951800043582916810e-01
9.957200040817261177e-01
9.960800037384033301e-01
9.968200030326843653e-01
9.969800028800964720e-01
9.970600028038024698e-01
9.976800022125243972e-01
9.975000023841857910e-01
9.979400019645691122e-01
9.984600014686584313e-01
9.983000016212463246e-01
9.986000013351440385e-01
9.987800011634826447e-01
9.987200012207031463e-01
9.989000010490417525e-01
9.990600008964538592e-01
9.993000006675720748e-01
9.990600008964538592e-01
9.993400006294250737e-01
9.994800004959106809e-01
9.994800004959106809e-01
9.994600005149841815e-01
9.996800003051757866e-01
9.996600003242492871e-01
9.996600003242492871e-01
9.997600002288817844e-01
9.997000002861022860e-01
9.997000002861022860e-01
9.998000001907348944e-01
9.997400002479552850e-01
9.998600001335143928e-01
9.998400001525878933e-01
9.998200001716613938e-01
9.999000000953673917e-01
9.998000001907348944e-01
9.999000000953673917e-01
9.998800001144408922e-01
9.998600001335143928e-01
9.999200000762938911e-01
9.998600001335143928e-01
9.999000000953673917e-01
9.999000000953673917e-01
9.999600000381470011e-01
9.999400000572205016e-01
9.999200000762938911e-01
9.999600000381470011e-01
9.999600000381470011e-01
9.999600000381470011e-01
9.999600000381470011e-01
9.999600000381470011e-01
9.999800000190735005e-01
9.999200000762938911e-01
9.999800000190735005e-01
9.999800000190735005e-01
1.000000000000000000e+00
9.999600000381470011e-01
9.999800000190735005e-01
9.999800000190735005e-01
1.000000000000000000e+00
1.000000000000000000e+00
9.999800000190735005e-01
1.000000000000000000e+00
1.000000000000000000e+00
1.000000000000000000e+00
9.999800000190735005e-01
1.000000000000000000e+00
1.000000000000000000e+00
1.000000000000000000e+00
1.000000000000000000e+00
1.000000000000000000e+00
9.999800000190735005e-01
1.000000000000000000e+00
1.000000000000000000e+00
9.999800000190735005e-01
1.000000000000000000e+00
1.000000000000000000e+00
9.999800000190735005e-01
9.999800000190735005e-01
9.999800000190735005e-01
1.000000000000000000e+00
1.000000000000000000e+00
1.000000000000000000e+00
1.000000000000000000e+00
1.000000000000000000e+00
1.000000000000000000e+00
1.000000000000000000e+00
1.000000000000000000e+00
1.000000000000000000e+00
1.000000000000000000e+00
1.000000000000000000e+00
1.000000000000000000e+00
9.999800000190735005e-01
1.000000000000000000e+00
1.000000000000000000e+00
1.000000000000000000e+00
1.000000000000000000e+00
1.000000000000000000e+00
1.000000000000000000e+00
1.000000000000000000e+00
1.000000000000000000e+00
1.000000000000000000e+00
1.000000000000000000e+00
1.000000000000000000e+00
1.000000000000000000e+00
1.000000000000000000e+00
1.000000000000000000e+00
1.000000000000000000e+00
1.000000000000000000e+00
1.000000000000000000e+00
1.000000000000000000e+00
1.000000000000000000e+00
1.000000000000000000e+00
1.000000000000000000e+00
1.000000000000000000e+00
1.000000000000000000e+00
1.000000000000000000e+00
1.000000000000000000e+00
1.000000000000000000e+00
1.000000000000000000e+00
1.000000000000000000e+00
1.000000000000000000e+00
1.000000000000000000e+00
1.000000000000000000e+00
1.000000000000000000e+00
1.000000000000000000e+00
1.000000000000000000e+00
1.000000000000000000e+00
1.000000000000000000e+00
1.000000000000000000e+00
1.000000000000000000e+00
1.000000000000000000e+00
1.000000000000000000e+00
1.000000000000000000e+00
1.000000000000000000e+00
1.000000000000000000e+00
1.000000000000000000e+00
1.000000000000000000e+00
1.000000000000000000e+00
1.000000000000000000e+00
1.000000000000000000e+00
1.000000000000000000e+00
1.000000000000000000e+00
1.000000000000000000e+00
1.000000000000000000e+00
1.000000000000000000e+00
1.000000000000000000e+00
1.000000000000000000e+00
1.000000000000000000e+00
1.000000000000000000e+00
1.000000000000000000e+00
1.000000000000000000e+00
1.000000000000000000e+00
1.000000000000000000e+00
1.000000000000000000e+00
1.000000000000000000e+00
1.000000000000000000e+00
1.000000000000000000e+00
1.000000000000000000e+00
1.000000000000000000e+00
1.000000000000000000e+00
1.000000000000000000e+00
1.000000000000000000e+00
1.000000000000000000e+00
1.000000000000000000e+00
1.000000000000000000e+00
1.000000000000000000e+00
1.000000000000000000e+00
1.000000000000000000e+00
1.000000000000000000e+00
1.000000000000000000e+00
1.000000000000000000e+00
1.000000000000000000e+00
1.000000000000000000e+00
1.000000000000000000e+00
