3.728509153425693667e-01
2.093863446414470642e-01
1.542722017616033614e-01
1.230972631722688643e-01
1.031091517210006719e-01
8.814522375911473806e-02
7.551107989996672099e-02
6.652977357804774894e-02
6.127954853326082058e-02
5.469529131054878118e-02
5.012734367698430671e-02
4.502529460564255737e-02
4.186685970053076467e-02
3.989703351631760514e-02
3.706465420499444052e-02
3.490665183588862602e-02
3.245006013661622807e-02
3.179476726427674094e-02
2.990215672180056641e-02
2.843728956207633093e-02
2.722325529530644425e-02
2.591560667008161595e-02
2.486302582547068526e-02
2.396256164647638659e-02
2.266317262314259881e-02
2.196521157398819910e-02
2.172787191160023210e-02
2.028923829086124939e-02
2.019434220530092611e-02
1.934287471137940972e-02
1.876123425178229803e-02
1.845675718784332148e-02
1.758223509974777762e-02
1.686845247447490634e-02
1.670980254188179914e-02
1.670740055851638317e-02
1.567539120838045905e-02
1.540946454182267125e-02
1.505442222207784703e-02
1.456784975156187947e-02
1.435912269353866594e-02
1.410952677018940428e-02
1.359446834214031626e-02
1.344731910899281575e-02
1.301319948211312333e-02
1.281515607796609481e-02
1.248143657669424991e-02
1.231500156596303068e-02
1.198602314852178011e-02
1.189130005799233884e-02
1.172962472215294781e-02
1.115825547277927467e-02
1.093666062224656413e-02
1.122956569585949194e-02
1.053677571006119210e-02
1.062843072041869119e-02
1.037568196840584281e-02
1.020948928873986056e-02
9.900678228586912849e-03
9.810604846104980029e-03
9.923089822754263545e-03
9.442786406725644371e-03
9.251938784494996224e-03
9.152973121963441094e-03
9.119850865565239800e-03
9.236447377130389477e-03
8.786564048379659833e-03
8.841447702609002771e-03
8.656655715778470428e-03
8.560551287606358445e-03
8.579758629202842435e-03
8.201451163738965322e-03
8.108837780542671111e-03
8.215819002129138085e-03
7.707052391953766145e-03
7.882932479493320529e-03
7.682027525268495492e-03
7.604241018183529634e-03
7.525171476416289869e-03
7.842995077371597151e-03
7.506153540685772847e-03
7.333634651266038827e-03
7.080192678608000431e-03
7.247687400318681902e-03
7.150405945256352661e-03
7.063044346868991956e-03
6.825867281295358753e-03
7.046628067269921497e-03
6.807415149174630802e-03
6.726348973810672774e-03
6.491822725161910078e-03
6.611566035076976190e-03
6.529400274157524248e-03
6.434721681755036123e-03
6.335395361762493835e-03
6.214509672019630920e-03
6.466997030656784773e-03
6.038288201671094049e-03
6.148075376637279765e-03
6.026675180532038538e-03
5.923987151123583615e-03
6.200640480499714988e-03
5.843750316184013853e-03
5.791991241741925762e-03
5.738889422733336673e-03
5.766861909534782421e-03
5.613393055740743993e-03
5.502122795674949454e-03
5.539830571971833539e-03
5.496437224093824944e-03
5.591886528301983662e-03
5.501508639194071376e-03
5.457659987732768093e-03
5.380043439101428113e-03
5.247660345397889455e-03
5.107063733972608613e-03
5.216196833178400605e-03
5.051750239450484431e-03
5.094834546092897806e-03
5.243601277936250048e-03
5.028811455704271412e-03
4.821563806850463242e-03
4.849090994335711335e-03
4.814835983794182352e-03
4.792423768434673180e-03
4.835751379840076171e-03
4.793133111670613497e-03
5.047631382010877264e-03
4.726023031864315209e-03
4.844645931385457328e-03
4.536978987976908288e-03
4.694229814689606858e-03
4.653740955516696108e-03
4.547111986204981776e-03
4.552805271465331163e-03
4.563919891137629449e-03
4.435358302667736716e-03
4.272813170216977971e-03
4.314190147444605869e-03
4.330200754571705661e-03
4.233301738742738934e-03
4.295804616063833049e-03
4.277124843560159428e-03
4.160004619508981573e-03
4.177078969776630395e-03
4.187178738415241012e-03
4.138840906322002224e-03
4.428218663670122589e-03
4.177369013894349434e-03
4.145365520846098703e-03
4.346086574252694748e-03
4.012768245302140470e-03
3.942612171638756879e-03
3.918070812243968325e-03
4.028342736419289992e-03
3.920401504728943110e-03
3.959945738781243951e-03
3.915714596398174596e-03
3.895021213218569783e-03
4.107905218843370745e-03
3.880077815614640501e-03
3.924914683680981453e-03
3.776540572289377451e-03
3.815326521638780742e-03
3.851916714571416295e-03
3.694652268197387568e-03
3.617190973833203475e-03
3.587858998682350118e-03
3.509843975305557140e-03
3.694957259111106285e-03
3.643056472297757746e-03
3.443607321009039667e-03
3.502360526937991440e-03
3.611318591050803866e-03
3.491246031131595498e-03
3.525843658717349189e-03
3.440872145583853334e-03
3.492684866301715499e-03
3.379471163731068411e-03
3.414345092605799385e-03
3.399897907860576895e-03
3.338894358137622660e-03
3.275756834773346695e-03
3.390818897401913935e-03
3.232690401608124230e-03
3.361084033269435244e-03
3.206084273988381132e-03
3.287821975536644320e-03
3.286606696201488462e-03
3.174334953771903913e-03
3.195187790319323380e-03
3.260678452439606106e-03
3.381413662340492128e-03
3.196388065582141374e-03
3.142842885805293991e-03
3.183536659227683991e-03
3.111027561360970011e-03
3.081465259194374109e-03
3.270976622123271393e-03
3.069975586608052458e-03
