2.479817650479627655e-01
1.141977577091736334e-01
8.356563976833349117e-02
6.709789906476386345e-02
5.202229650373357134e-02
4.129912256426720996e-02
3.312653017907526976e-02
2.596636514034751306e-02
2.121226767426489385e-02
1.787910573458034030e-02
1.221132327373373669e-02
9.270513375408601098e-03
7.457735163577775515e-03
4.161295851519041661e-03
2.557442705854416631e-03
1.793225901424596929e-03
1.477017695922613113e-03
1.117936051461709390e-03
9.547252699653934827e-04
8.738994996761706956e-04
