9.916599999999999859e-01
9.985199999999999632e-01
9.990599999999999481e-01
9.996399999999999730e-01
9.997399999999999620e-01
9.998599999999999710e-01
9.999599999999999600e-01
9.999599999999999600e-01
1.000000000000000000e+00
9.999799999999999800e-01
1.000000000000000000e+00
1.000000000000000000e+00
1.000000000000000000e+00
1.000000000000000000e+00
1.000000000000000000e+00
1.000000000000000000e+00
1.000000000000000000e+00
1.000000000000000000e+00
1.000000000000000000e+00
1.000000000000000000e+00
