1.999931781888008020e-01
1.508779523372650033e-01
1.247399136871099462e-01
1.034317462593317000e-01
8.596178720891475833e-02
7.165416379272937508e-02
5.992719403654336863e-02
5.032996275275945786e-02
4.247985105961561009e-02
3.602725142240524592e-02
3.073758035153150575e-02
2.643551379069685944e-02
2.290174553915858349e-02
1.998403998836875001e-02
1.759763006493449133e-02
1.564124548994004840e-02
1.403404080495238362e-02
1.271581112220883381e-02
1.164270198531448808e-02
1.076763989217579404e-02
1.003127137944102333e-02
9.433803528547286821e-03
8.951791770756244160e-03
8.547512844204902330e-03
8.217430818825959687e-03
7.944223707541823998e-03
7.720236818306147782e-03
7.532888460904359554e-03
7.371096979826689127e-03
7.252276930026710366e-03
7.152871847152709843e-03
7.079096541740000081e-03
7.012415457516909048e-03
6.936531625688076123e-03
6.915932584553956958e-03
6.870345747098326704e-03
6.823472449555992823e-03
6.788851297460496599e-03
6.752876324579119328e-03
6.727157095447182378e-03
6.699836690910160493e-03
6.690191613510251128e-03
6.692444950342178733e-03
6.685958778485655805e-03
6.660629627294838845e-03
6.641055726446211220e-03
6.631005190312862403e-03
6.639196498319506305e-03
6.625359924510121172e-03
6.610375486314296924e-03
6.613084079697728428e-03
6.602184211835265132e-03
6.582951214164495246e-03
6.566381195560098104e-03
6.569872845895587989e-03
6.564592054113745773e-03
6.569257440045475974e-03
6.546344130299985159e-03
6.535146377980708722e-03
6.529947919771075630e-03
6.513445040211081512e-03
6.507183160632848754e-03
6.510945486836135394e-03
6.489272494800388952e-03
6.492609427310526253e-03
6.490760502405464386e-03
6.495970256626605599e-03
6.487245819531381116e-03
6.472000934183597988e-03
6.465276824310421840e-03
6.481638668105005850e-03
6.456451059319078499e-03
6.452688134275377102e-03
6.444338147528469452e-03
6.442156669683754729e-03
6.428231567144394344e-03
6.422803050838411104e-03
6.421198568306863731e-03
6.417249449528753501e-03
6.398088932968675965e-03
6.388960752636194639e-03
6.436705368570983660e-03
6.408553904853761356e-03
6.400147351436316807e-03
6.388380932621657779e-03
6.370259696617722352e-03
6.352552067488431535e-03
6.379514778964221443e-03
6.355807468295096921e-03
6.339728412218391569e-03
6.333124261349439357e-03
6.330099471844733046e-03
6.329325513914227375e-03
6.314518730156123798e-03
6.308069095015526179e-03
6.302357175387442167e-03
6.308406520634889277e-03
6.294140598736703597e-03
6.281110118143260271e-03
6.273721005767583792e-03
6.267332982271910102e-03
6.265516459010541869e-03
6.256413346156478213e-03
6.275239037349820449e-03
6.274516177363693992e-03
6.256609299220144971e-03
6.256747387349605519e-03
6.257275427691638692e-03
6.237756944261491597e-03
6.231509820558130651e-03
6.224975424818694758e-03
6.215000781230628837e-03
6.203837450593710154e-03
6.204214035533368345e-03
6.199566917493939434e-03
6.192808184772730269e-03
6.188851190730929736e-03
6.177959877997636629e-03
6.185970917344093753e-03
6.175157036632299319e-03
6.169235522858798268e-03
6.149849804118276073e-03
6.151088891550898947e-03
6.141569026745855898e-03
6.138248797506093944e-03
6.131461014039814826e-03
6.132800195366144153e-03
6.129622552543878208e-03
6.120691910386085247e-03
6.114307832904159953e-03
6.106409414671361627e-03
6.096505530178547225e-03
6.080942680127919032e-03
6.089606896974146012e-03
6.094945073127746964e-03
6.091699302196502963e-03
6.090605197474360452e-03
6.076234871521592543e-03
6.060744612477719437e-03
6.060593816451728677e-03
6.051528569310903570e-03
6.076230682432651360e-03
6.057846057228743857e-03
6.046131329610944169e-03
6.028244081884622657e-03
6.030720125883817957e-03
6.021117310039699085e-03
6.017114908434450550e-03
6.016777601093053866e-03
6.004195483401417351e-03
6.000799425877631141e-03
6.012256435118615294e-03
5.986824482679366927e-03
5.980119075626134581e-03
5.973825900815426908e-03
5.965215488336980502e-03
5.951734754256904521e-03
5.953352820128202626e-03
5.964977254159748582e-03
5.950759098865091370e-03
5.947333944961428510e-03
5.947534627281128930e-03
5.946278255432844301e-03
5.931906004436313974e-03
5.924000491388142428e-03
5.916017612442374569e-03
5.910230970941484155e-03
5.916137796826660342e-03
5.905757907778024819e-03
5.909579558297991912e-03
5.892695146612823322e-03
5.880657314322888969e-03
5.873742045834660225e-03
5.877137600444256975e-03
5.864125616848468552e-03
5.866755890659988010e-03
5.869030597619712304e-03
5.860239757224917044e-03
5.851593383587897108e-03
5.837795655243099152e-03
5.847414269112050783e-03
5.847994613461196360e-03
5.831752901896834068e-03
5.819524149410426270e-03
5.820361304096877478e-03
5.812556815333664272e-03
5.804506309330463229e-03
5.807713664136827068e-03
5.800227526575326559e-03
5.791500954888760717e-03
5.797329685650765702e-03
5.794571894221008101e-03
5.786251362413168120e-03
5.780787514522671769e-03
5.765542740002274104e-03
5.768612475134432017e-03
5.766643485054373519e-03
5.754959408193826426e-03
5.752521711401641612e-03
5.767592260614037500e-03
