1.206000000000000000e+03
2.391000000000000000e+03
3.860000000000000000e+03
5.045000000000000000e+03
6.299000000000000000e+03
7.448000000000000000e+03
8.966000000000000000e+03
1.031200000000000000e+04
1.188400000000000000e+04
1.326700000000000000e+04
1.447300000000000000e+04
1.570200000000000000e+04
1.708500000000000000e+04
1.855400000000000000e+04
2.002300000000000000e+04
2.125200000000000000e+04
2.245800000000000000e+04
2.374000000000000000e+04
2.496900000000000000e+04
2.639300000000000000e+04
2.781700000000000000e+04
2.909900000000000000e+04
3.048200000000000000e+04
3.218000000000000000e+04
3.331400000000000000e+04
3.452000000000000000e+04
3.572600000000000000e+04
3.693200000000000000e+04
3.811700000000000000e+04
3.942900000000000000e+04
4.081200000000000000e+04
4.206600000000000000e+04
4.353500000000000000e+04
4.476400000000000000e+04
4.607600000000000000e+04
4.738800000000000000e+04
4.864200000000000000e+04
4.977600000000000000e+04
5.100500000000000000e+04
5.231700000000000000e+04
5.354600000000000000e+04
5.524400000000000000e+04
5.649800000000000000e+04
5.761800000000000000e+04
5.925000000000000000e+04
6.050400000000000000e+04
6.263900000000000000e+04
6.386800000000000000e+04
6.544000000000000000e+04
6.682300000000000000e+04
6.802900000000000000e+04
6.914900000000000000e+04
7.040300000000000000e+04
7.174900000000000000e+04
7.332100000000000000e+04
7.457500000000000000e+04
7.585700000000000000e+04
7.716900000000000000e+04
7.839800000000000000e+04
7.968000000000000000e+04
8.093400000000000000e+04
8.214000000000000000e+04
8.356400000000000000e+04
8.474900000000000000e+04
8.595500000000000000e+04
8.714000000000000000e+04
8.836900000000000000e+04
8.994100000000000000e+04
9.109000000000000000e+04
9.260800000000000000e+04
9.412600000000000000e+04
9.540800000000000000e+04
9.672000000000000000e+04
9.788600000000000000e+04
9.905200000000000000e+04
1.003980000000000000e+05
1.016270000000000000e+05
1.030960000000000000e+05
1.044080000000000000e+05
1.056140000000000000e+05
1.069260000000000000e+05
1.082720000000000000e+05
1.095840000000000000e+05
1.107500000000000000e+05
1.120620000000000000e+05
1.137600000000000000e+05
1.150720000000000000e+05
1.164180000000000000e+05
1.178420000000000000e+05
1.192250000000000000e+05
1.207970000000000000e+05
1.222210000000000000e+05
1.233870000000000000e+05
1.249050000000000000e+05
1.262880000000000000e+05
1.274730000000000000e+05
1.289420000000000000e+05
1.301960000000000000e+05
1.316200000000000000e+05
1.328260000000000000e+05
1.342950000000000000e+05
1.356780000000000000e+05
1.368120000000000000e+05
1.380660000000000000e+05
1.392320000000000000e+05
1.404860000000000000e+05
1.416710000000000000e+05
1.430540000000000000e+05
1.442830000000000000e+05
1.458010000000000000e+05
1.470070000000000000e+05
1.484310000000000000e+05
1.497770000000000000e+05
1.510890000000000000e+05
1.526070000000000000e+05
1.539190000000000000e+05
1.552310000000000000e+05
1.568630000000000000e+05
1.580120000000000000e+05
1.595300000000000000e+05
1.606500000000000000e+05
1.620740000000000000e+05
1.632400000000000000e+05
1.644460000000000000e+05
1.655950000000000000e+05
1.668010000000000000e+05
1.684990000000000000e+05
1.698450000000000000e+05
1.710510000000000000e+05
1.727490000000000000e+05
1.740030000000000000e+05
1.752090000000000000e+05
1.763750000000000000e+05
1.777210000000000000e+05
1.791040000000000000e+05
1.803860000000000000e+05
1.816680000000000000e+05
1.831370000000000000e+05
1.843910000000000000e+05
1.858150000000000000e+05
1.870210000000000000e+05
1.881170000000000000e+05
1.896890000000000000e+05
1.910720000000000000e+05
1.924550000000000000e+05
1.937670000000000000e+05
1.950790000000000000e+05
1.965480000000000000e+05
1.978940000000000000e+05
1.994120000000000000e+05
2.006660000000000000e+05
2.018150000000000000e+05
2.030440000000000000e+05
2.043560000000000000e+05
2.057390000000000000e+05
2.068730000000000000e+05
2.081020000000000000e+05
2.092870000000000000e+05
2.107560000000000000e+05
2.120680000000000000e+05
2.132020000000000000e+05
2.143090000000000000e+05
2.155150000000000000e+05
2.166810000000000000e+05
2.179930000000000000e+05
2.192220000000000000e+05
2.210720000000000000e+05
2.225410000000000000e+05
2.240100000000000000e+05
2.255280000000000000e+05
2.266940000000000000e+05
2.278790000000000000e+05
2.293480000000000000e+05
2.306600000000000000e+05
2.318090000000000000e+05
2.332330000000000000e+05
2.344870000000000000e+05
2.359560000000000000e+05
2.373020000000000000e+05
2.387710000000000000e+05
2.401170000000000000e+05
2.414630000000000000e+05
2.433130000000000000e+05
2.445670000000000000e+05
2.459130000000000000e+05
2.479480000000000000e+05
2.490680000000000000e+05
2.504920000000000000e+05
2.517740000000000000e+05
2.531980000000000000e+05
2.543470000000000000e+05
2.554960000000000000e+05
2.565820000000000000e+05
2.581000000000000000e+05
2.592850000000000000e+05
2.605390000000000000e+05
2.618210000000000000e+05
2.631330000000000000e+05
2.643620000000000000e+05
2.659340000000000000e+05
