3.301550149917602539e+00
6.656379938125610352e+00
9.964375972747802734e+00
1.329311203956604004e+01
1.662575507164001465e+01
1.989663791656494141e+01
2.322671794891357422e+01
2.651621103286743164e+01
2.963368391990661621e+01
3.291653299331665039e+01
3.622413206100463867e+01
3.952490901947021484e+01
4.283778691291809082e+01
4.613110399246215820e+01
4.942821502685546875e+01
5.272168207168579102e+01
5.602736711502075195e+01
5.932485795021057129e+01
6.265500402450561523e+01
6.592400908470153809e+01
6.920328807830810547e+01
7.247083711624145508e+01
7.575662612915039062e+01
7.901395511627197266e+01
8.228139495849609375e+01
8.555780506134033203e+01
8.878721904754638672e+01
9.206194114685058594e+01
9.533313798904418945e+01
9.861366891860961914e+01
1.018700520992279053e+02
1.051800770759582520e+02
1.084396219253540039e+02
1.116989541053771973e+02
1.149800109863281250e+02
1.182507770061492920e+02
1.215843009948730469e+02
1.249460990428924561e+02
1.282236340045928955e+02
1.315716190338134766e+02
1.348384821414947510e+02
1.381233839988708496e+02
1.414482431411743164e+02
1.447323479652404785e+02
1.479112961292266846e+02
1.511701989173889160e+02
1.545327310562133789e+02
1.578057620525360107e+02
1.610857670307159424e+02
1.643601779937744141e+02
1.676520109176635742e+02
1.709484629631042480e+02
1.742605650424957275e+02
1.775712759494781494e+02
1.808808059692382812e+02
1.841681399345397949e+02
1.874820470809936523e+02
1.907452170848846436e+02
1.940317521095275879e+02
1.973531000614166260e+02
2.006486561298370361e+02
2.039251530170440674e+02
2.071268260478973389e+02
2.103819100856781006e+02
2.136386299133300781e+02
2.169369211196899414e+02
2.202011690139770508e+02
2.234757771492004395e+02
2.267373559474945068e+02
2.300320620536804199e+02
2.332946250438690186e+02
2.365423109531402588e+02
2.398047521114349365e+02
2.431340119838714600e+02
2.463902621269226074e+02
2.496807279586791992e+02
2.529479129314422607e+02
2.562484159469604492e+02
2.595351099967956543e+02
2.628266289234161377e+02
2.661127550601959229e+02
2.693673989772796631e+02
2.724902720451354980e+02
2.757981760501861572e+02
2.790701551437377930e+02
2.823585109710693359e+02
2.856155791282653809e+02
2.888921411037445068e+02
2.921440060138702393e+02
2.954045729637145996e+02
2.987159330844879150e+02
3.020172021389007568e+02
3.053069360256195068e+02
3.086340129375457764e+02
3.119370300769805908e+02
3.152319021224975586e+02
3.184936060905456543e+02
3.217621729373931885e+02
3.250698311328887939e+02
3.283677389621734619e+02
3.315580689907073975e+02
3.347946400642395020e+02
3.380627639293670654e+02
3.413366410732269287e+02
3.446018650531768799e+02
3.478947401046752930e+02
3.511633210182189941e+02
3.544915969371795654e+02
3.577561459541320801e+02
3.610295231342315674e+02
3.643099999427795410e+02
3.676164400577545166e+02
3.708797371387481689e+02
3.741546540260314941e+02
3.774330029487609863e+02
3.806876230239868164e+02
3.839972610473632812e+02
3.872473671436309814e+02
3.904480020999908447e+02
3.937303600311279297e+02
3.969356660842895508e+02
4.002232539653778076e+02
4.034891691207885742e+02
4.067670619487762451e+02
4.100556309223175049e+02
4.133474049568176270e+02
4.166030249595642090e+02
4.199189701080322266e+02
4.231913089752197266e+02
4.264694049358367920e+02
4.297474391460418701e+02
4.330546259880065918e+02
4.363247931003570557e+02
4.396210970878601074e+02
4.429121620655059814e+02
4.462264840602874756e+02
4.495017249584197998e+02
4.528059899806976318e+02
4.560927181243896484e+02
4.592314801216125488e+02
4.624784851074218750e+02
4.657558140754699707e+02
4.690298800468444824e+02
4.722980000972747803e+02
4.755422279834747314e+02
4.787703149318695068e+02
4.820071561336517334e+02
4.852528729438781738e+02
4.884821429252624512e+02
4.917145349979400635e+02
4.949687440395355225e+02
4.982143800258636475e+02
5.014944689273834229e+02
5.047861039638519287e+02
5.080499329566955566e+02
5.113634269237518311e+02
5.146372439861297607e+02
5.177500741481781006e+02
5.210342791080474854e+02
5.243241231441497803e+02
5.275954220294952393e+02
5.308875191211700439e+02
5.341510131359100342e+02
5.374213550090789795e+02
5.406898570060729980e+02
5.439662370681762695e+02
5.472674131393432617e+02
5.505264730453491211e+02
5.538286929130554199e+02
5.571046869754791260e+02
5.603961989879608154e+02
5.636795389652252197e+02
5.669610979557037354e+02
5.702581589221954346e+02
5.735316259860992432e+02
5.767627451419830322e+02
5.799596900939941406e+02
5.832640640735626221e+02
5.865406620502471924e+02
5.898122539520263672e+02
5.931012690067291260e+02
5.963849959373474121e+02
5.996618261337280273e+02
6.029514911174774170e+02
6.062340650558471680e+02
6.095021491050720215e+02
6.128000490665435791e+02
6.160721030235290527e+02
6.193605771064758301e+02
6.226593070030212402e+02
6.259641969203948975e+02
6.292848310470581055e+02
6.325763659477233887e+02
6.357937281131744385e+02
6.389966709613800049e+02
6.422600579261779785e+02
6.455298810005187988e+02
6.488043539524078369e+02
6.520866150856018066e+02
6.553724000453948975e+02
6.586634490489959717e+02
6.619361400604248047e+02
6.652127110958099365e+02
6.684902200698852539e+02
6.717887461185455322e+02
6.750775239467620850e+02
6.784135401248931885e+02
6.816834509372711182e+02
6.850121090412139893e+02
6.882966351509094238e+02
6.915960390567779541e+02
6.948981969356536865e+02
6.981910450458526611e+02
7.013759589195251465e+02
7.046419279575347900e+02
7.079353399276733398e+02
7.112280709743499756e+02
7.145203781127929688e+02
7.178209180831909180e+02
7.211233990192413330e+02
7.244251451492309570e+02
7.276878850460052490e+02
7.309873149394989014e+02
7.342836549282073975e+02
7.375913760662078857e+02
7.408981540203094482e+02
7.441907091140747070e+02
7.474866809844970703e+02
7.507817800045013428e+02
7.540323159694671631e+02
7.573414220809936523e+02
7.606321380138397217e+02
7.637886149883270264e+02
7.670827140808105469e+02
7.703479230403900146e+02
7.736406130790710449e+02
7.769322550296783447e+02
7.802176301479339600e+02
7.835027840137481689e+02
7.867968029975891113e+02
7.901022820472717285e+02
7.933844630718231201e+02
7.966837091445922852e+02
7.999745259284973145e+02
8.032761900424957275e+02
8.065459229946136475e+02
8.098363509178161621e+02
8.131138589382171631e+02
8.164231209754943848e+02
8.197320110797882080e+02
8.229326291084289551e+02
8.261639039516448975e+02
8.294275979995727539e+02
8.327147920131683350e+02
8.359641139507293701e+02
8.392663590908050537e+02
8.425537650585174561e+02
8.458536391258239746e+02
8.491384379863739014e+02
8.524136250019073486e+02
8.557186131477355957e+02
8.589895420074462891e+02
8.622923791408538818e+02
8.656018891334533691e+02
8.688937830924987793e+02
8.721815540790557861e+02
8.754722990989685059e+02
8.787534320354461670e+02
8.820614809989929199e+02
8.853896570205688477e+02
8.886467940807342529e+02
8.918198499679565430e+02
8.950994150638580322e+02
8.983844079971313477e+02
9.016412150859832764e+02
9.049190530776977539e+02
9.081951210498809814e+02
9.114843060970306396e+02
9.147685639858245850e+02
9.180597400665283203e+02
9.213993821144104004e+02
9.246778020858764648e+02
9.280191841125488281e+02
9.313031649589538574e+02
9.345895979404449463e+02
9.378582251071929932e+02
9.412639451026916504e+02
9.445954689979553223e+02
9.478282909393310547e+02
9.511082141399383545e+02
9.543698410987854004e+02
9.577121939659118652e+02
9.609999320507049561e+02
9.643170249462127686e+02
9.675836970806121826e+02
9.709017040729522705e+02
9.741808049678802490e+02
9.774593679904937744e+02
9.807583479881286621e+02
9.840562160015106201e+02
9.874100239276885986e+02
9.907259569168090820e+02
9.941036901473999023e+02
9.974292900562286377e+02
1.000731596946716309e+03
1.004034328937530518e+03
1.007341928005218506e+03
1.010480207920074463e+03
1.013803795099258423e+03
1.017130062103271484e+03
1.020458550930023193e+03
1.023842489957809448e+03
1.027425115108489990e+03
1.030842148065567017e+03
1.035101619958877563e+03
1.040173744916915894e+03
1.045144487142562866e+03
1.050044841051101685e+03
1.054971504926681519e+03
1.059744713068008423e+03
1.064744614124298096e+03
1.069627260923385620e+03
1.074390555143356323e+03
1.079339045047760010e+03
1.084320753097534180e+03
1.089298177957534790e+03
1.094275051116943359e+03
1.099107275009155273e+03
1.103967252969741821e+03
1.108805331945419312e+03
1.113697202920913696e+03
1.118673099994659424e+03
1.123617681980133057e+03
1.128606338024139404e+03
1.133535033941268921e+03
1.138415101051330566e+03
1.143247280120849609e+03
1.148270386934280396e+03
1.153142521142959595e+03
1.158025146007537842e+03
1.162856744050979614e+03
1.167736112117767334e+03
1.172698024988174438e+03
1.177616672992706299e+03
1.182639919996261597e+03
1.187501948118209839e+03
1.192459537982940674e+03
1.197400000095367432e+03
1.202224708080291748e+03
1.207096343040466309e+03
1.211969999074935913e+03
1.217006601095199585e+03
1.221939747095108032e+03
1.226783298969268799e+03
1.230823194980621338e+03
1.234194109916687012e+03
1.238899487972259521e+03
1.243680747985839844e+03
1.248503646135330200e+03
1.253286458015441895e+03
1.258145712137222290e+03
1.262937813997268677e+03
1.267685444116592407e+03
1.272489566087722778e+03
1.277293151140213013e+03
1.282109004974365234e+03
1.286903321027755737e+03
1.291726004123687744e+03
1.296551617145538330e+03
1.301427376031875610e+03
1.306231967926025391e+03
1.311037245035171509e+03
1.315858979940414429e+03
1.320700176000595093e+03
1.325525463104248047e+03
1.330269083976745605e+03
1.335089952945709229e+03
1.339898829936981201e+03
1.344743339061737061e+03
1.349589349031448364e+03
1.354408271074295044e+03
1.359247491121292114e+03
1.364045767068862915e+03
1.368892152070999146e+03
1.373736797094345093e+03
1.378518926143646240e+03
1.383385366916656494e+03
1.388168863058090210e+03
1.392900443077087402e+03
1.397736140012741089e+03
1.402554479122161865e+03
1.407374262094497681e+03
1.412151941061019897e+03
1.416989037036895752e+03
1.421804651021957397e+03
1.426648570060729980e+03
1.431413964033126831e+03
1.436189918994903564e+03
1.441011974096298218e+03
1.445923113107681274e+03
1.450769952058792114e+03
1.455524698972702026e+03
1.460350224971771240e+03
1.465144515037536621e+03
1.469904847145080566e+03
1.474732722997665405e+03
1.479529827117919922e+03
1.484330724954605103e+03
1.489153980016708374e+03
1.494002223014831543e+03
1.498824028968811035e+03
1.503655431985855103e+03
1.508525752067565918e+03
1.513259719133377075e+03
1.518077845096588135e+03
1.522929568052291870e+03
1.527786962032318115e+03
1.532646055936813354e+03
1.537476882934570312e+03
1.542268772125244141e+03
1.547104342937469482e+03
1.551871639966964722e+03
1.556675691127777100e+03
1.561453840017318726e+03
1.566267430067062378e+03
1.571032995939254761e+03
1.575865287065505981e+03
1.580568535089492798e+03
1.585335601091384888e+03
1.590100417137145996e+03
1.594931391954421997e+03
1.599785510063171387e+03
1.604577502965927124e+03
1.609349069118499756e+03
1.614179467916488647e+03
1.619040631055831909e+03
1.623801002979278564e+03
1.628619848966598511e+03
1.633418287038803101e+03
1.638296783924102783e+03
1.642987710952758789e+03
1.647799065113067627e+03
1.652625204086303711e+03
1.657434649944305420e+03
1.662236732006072998e+03
1.667023998975753784e+03
1.671921888113021851e+03
1.676740134000778198e+03
1.681603038072586060e+03
1.686404184103012085e+03
1.691184797048568726e+03
1.696099956035614014e+03
1.700923844099044800e+03
1.705651401042938232e+03
1.710455781936645508e+03
1.715326596975326538e+03
1.720078302145004272e+03
1.724850239038467407e+03
1.729653470039367676e+03
1.734478182077407837e+03
1.739292207956314087e+03
1.744151849985122681e+03
1.748956926107406616e+03
1.753787997007369995e+03
1.758568248033523560e+03
1.763382455110549927e+03
1.768220390081405640e+03
1.772962047100067139e+03
1.777805216073989868e+03
1.782607733964920044e+03
1.787425032138824463e+03
1.792298063993453979e+03
1.797115412950515747e+03
1.801975819110870361e+03
1.806823971986770630e+03
1.811682430982589722e+03
1.816495166063308716e+03
1.821389029026031494e+03
1.826280210971832275e+03
1.831150521039962769e+03
1.835847410917282104e+03
1.840731441020965576e+03
1.845530513048171997e+03
1.850361582040786743e+03
1.855192446947097778e+03
1.860004456043243408e+03
1.864833112001419067e+03
1.869624964952468872e+03
1.874471828937530518e+03
1.879216542959213257e+03
1.884025249004364014e+03
1.888908003091812134e+03
1.893760555982589722e+03
1.898479319095611572e+03
1.903287944078445435e+03
1.908083734035491943e+03
1.912938692092895508e+03
1.917727262973785400e+03
1.922572480916976929e+03
1.927397849082946777e+03
1.932235360145568848e+03
1.937126711130142212e+03
1.941952326059341431e+03
1.946785364151000977e+03
1.951654272079467773e+03
1.956462471008300781e+03
1.961199820041656494e+03
1.965986768960952759e+03
1.970816185951232910e+03
1.975692095994949341e+03
1.980583059072494507e+03
1.985458926916122437e+03
1.990260931015014648e+03
1.995118169069290161e+03
2.000013538122177124e+03
2.004794619083404541e+03
2.009625409126281738e+03
2.014495357990264893e+03
2.019393839120864868e+03
2.024164150953292847e+03
2.028969746112823486e+03
2.033800651073455811e+03
2.038599319934844971e+03
2.043384918928146362e+03
2.048175987958908081e+03
2.052976967096328735e+03
2.057807894945144653e+03
2.062607795953750610e+03
2.067408191919326782e+03
2.072234986066818237e+03
2.077078179121017456e+03
2.081917557001113892e+03
2.086655075073242188e+03
2.091388567924499512e+03
2.096177216053009033e+03
2.100966640949249268e+03
2.105743042945861816e+03
2.110577409982681274e+03
2.115407905101776123e+03
2.120174772024154663e+03
2.125080763101577759e+03
2.129922868967056274e+03
2.134709734916687012e+03
2.139590520143508911e+03
2.144382189989089966e+03
2.149138090133666992e+03
2.153903877019882202e+03
2.158726155042648315e+03
2.163624916076660156e+03
2.168425519943237305e+03
2.173265780925750732e+03
2.178044182062149048e+03
2.182826579093933105e+03
2.187618936061859131e+03
2.192420200109481812e+03
2.197223464012145996e+03
2.201989500999450684e+03
2.206869765996932983e+03
2.211771740913391113e+03
2.216540802001953125e+03
2.221308467149734497e+03
2.226152405023574829e+03
2.230965183019638062e+03
2.235815779924392700e+03
2.240602466106414795e+03
2.245400918006896973e+03
2.250169179916381836e+03
2.255004655122756958e+03
2.259783802032470703e+03
2.264592160940170288e+03
2.269427994966506958e+03
2.274193758010864258e+03
2.278910982131958008e+03
2.283650213956832886e+03
2.288413759946823120e+03
2.293201565027236938e+03
2.297964503049850464e+03
2.302836056947708130e+03
2.307671303987503052e+03
2.312512727022171021e+03
2.317311938047409058e+03
2.322135370969772339e+03
2.326904143095016479e+03
2.331786392927169800e+03
2.336626095056533813e+03
2.341318872928619385e+03
2.346117648124694824e+03
2.350965106010437012e+03
2.355755270004272461e+03
2.360516755104064941e+03
2.365321381092071533e+03
2.370145692110061646e+03
2.374943156957626343e+03
2.379763888120651245e+03
2.384562628984451294e+03
2.389402519941329956e+03
2.394230232000350952e+03
2.399006852149963379e+03
2.403738745927810669e+03
2.408510941028594971e+03
2.413275839090347290e+03
2.418086115121841431e+03
2.422891571044921875e+03
2.427771214962005615e+03
2.432550893068313599e+03
2.437350553989410400e+03
2.442187637090682983e+03
2.446999015092849731e+03
2.451816703081130981e+03
2.456598904132843018e+03
2.461447193145751953e+03
2.466260709047317505e+03
2.471002373933792114e+03
2.475827496051788330e+03
2.480600211143493652e+03
2.485450117111206055e+03
2.490282614946365356e+03
2.495071465015411377e+03
2.499853486061096191e+03
2.504715270996093750e+03
2.509525008916854858e+03
2.514395601034164429e+03
2.519236419916152954e+03
2.524133548974990845e+03
2.528918416976928711e+03
2.533659673929214478e+03
2.538594115018844604e+03
2.543414247989654541e+03
2.548264127016067505e+03
2.553114889144897461e+03
2.557866910934448242e+03
2.562666110992431641e+03
2.567483407974243164e+03
2.572265753984451294e+03
2.577090146064758301e+03
2.581957782983779907e+03
2.586812456130981445e+03
2.591572415113449097e+03
2.596423394918441772e+03
2.601283412933349609e+03
2.606087698936462402e+03
2.610937472105026245e+03
2.615803219079971313e+03
2.620636718034744263e+03
2.625478555917739868e+03
2.630402996063232422e+03
2.635238268136978149e+03
2.640106753110885620e+03
2.644222273111343384e+03
2.649292848110198975e+03
2.654164361000061035e+03
2.659037898063659668e+03
2.664025810003280640e+03
2.668998147010803223e+03
2.673881475925445557e+03
2.678829195976257324e+03
2.683890485048294067e+03
2.688900107145309448e+03
2.693870543003082275e+03
2.698774765968322754e+03
2.703774349927902222e+03
2.708911175966262817e+03
2.713869713068008423e+03
2.718789052963256836e+03
2.723743097066879272e+03
2.728701740980148315e+03
2.733616348981857300e+03
2.738662513017654419e+03
2.743633007049560547e+03
2.748573132038116455e+03
2.753549687147140503e+03
2.758465124130249023e+03
2.763370311021804810e+03
2.768312710046768188e+03
2.773315802097320557e+03
2.778190177917480469e+03
2.783142848014831543e+03
2.788004091978073120e+03
2.792938493967056274e+03
2.797915831089019775e+03
2.802891165971755981e+03
2.807882452964782715e+03
2.812826892137527466e+03
2.817801535129547119e+03
2.822752763032913208e+03
2.827692259073257446e+03
2.832693238973617554e+03
2.837673644065856934e+03
2.842655025959014893e+03
2.847469011068344116e+03
2.852379136085510254e+03
2.857522002935409546e+03
2.862402492046356201e+03
2.867402396917343140e+03
2.872337118148803711e+03
2.877343209981918335e+03
2.882351505994796753e+03
2.887432199001312256e+03
2.892436694145202637e+03
2.897482887029647827e+03
2.902426084041595459e+03
2.907399500131607056e+03
2.912366816043853760e+03
2.917325721025466919e+03
2.922276227951049805e+03
2.927231235027313232e+03
2.932216933965682983e+03
2.937212571144104004e+03
2.942197726964950562e+03
2.947125478982925415e+03
2.952021420955657959e+03
2.957006478071212769e+03
2.962031636953353882e+03
2.967022999048233032e+03
2.972011093139648438e+03
2.977013642072677612e+03
2.981921222925186157e+03
2.986842055082321167e+03
2.991882436990737915e+03
2.996805679082870483e+03
3.001863454103469849e+03
3.006902198076248169e+03
3.011801932096481323e+03
3.016758283138275146e+03
3.021777487993240356e+03
3.026937838077545166e+03
3.031966398954391479e+03
3.037051219940185547e+03
3.041985275983810425e+03
3.045496011018753052e+03
3.049185302972793579e+03
3.053980469942092896e+03
3.058816220045089722e+03
3.063637689113616943e+03
3.068455564975738525e+03
3.073251892089843750e+03
3.078026462078094482e+03
3.082883738040924072e+03
3.087712465047836304e+03
3.092557647943496704e+03
3.097356147050857544e+03
3.102194637060165405e+03
3.106967744112014771e+03
3.111768424987792969e+03
3.116601479053497314e+03
3.121420524120330811e+03
3.126271881103515625e+03
3.131117738962173462e+03
3.135911710977554321e+03
3.140727581977844238e+03
3.145530180931091309e+03
3.150347981929779053e+03
3.155147984981536865e+03
3.159950299978256226e+03
3.164741904020309448e+03
3.169565536022186279e+03
3.174319262981414795e+03
3.179093869924545288e+03
3.183881513118743896e+03
3.188644739151000977e+03
3.193415795087814331e+03
3.198200083017349243e+03
3.203005738973617554e+03
3.207886148929595947e+03
3.212713035106658936e+03
3.217545319080352783e+03
3.222366518974304199e+03
3.227227834939956665e+03
3.232071404933929443e+03
3.236883650064468384e+03
3.241598415136337280e+03
3.246416222095489502e+03
3.251211789131164551e+03
3.256056884050369263e+03
3.260906392097473145e+03
3.265708142995834351e+03
3.270558133125305176e+03
3.275448961973190308e+03
3.280322571992874146e+03
3.285176510095596313e+03
3.289965723037719727e+03
3.294821859121322632e+03
3.299537554979324341e+03
3.304329805135726929e+03
3.309138303041458130e+03
3.313914613008499146e+03
3.318711923122406006e+03
3.323505033016204834e+03
3.328354784965515137e+03
3.333124397039413452e+03
3.337984066963195801e+03
3.342826749086380005e+03
3.347637941122055054e+03
3.352510944128036499e+03
3.357339576005935669e+03
3.362080523967742920e+03
3.366870559930801392e+03
3.371709455966949463e+03
3.376532386064529419e+03
3.381416383028030396e+03
3.386283622026443481e+03
3.391056580066680908e+03
3.395872520923614502e+03
3.400709697961807251e+03
3.405568717002868652e+03
3.410372278928756714e+03
3.415144727945327759e+03
3.419981357097625732e+03
3.424702067136764526e+03
3.429444401979446411e+03
3.434266801118850708e+03
3.439065243959426880e+03
3.443878103971481323e+03
3.448647046089172363e+03
3.453457922935485840e+03
3.458248399972915649e+03
3.463051641941070557e+03
3.467881250143051147e+03
3.472692909955978394e+03
3.477510201930999756e+03
3.482340105056762695e+03
3.487125167131423950e+03
3.491808885097503662e+03
3.496594787120819092e+03
3.501368531942367554e+03
3.506130269050598145e+03
3.510862057924270630e+03
3.515652028083801270e+03
3.520409265995025635e+03
3.525182263135910034e+03
3.530003556013107300e+03
3.534826049089431763e+03
3.539557373046875000e+03
3.544328524112701416e+03
3.549055911064147949e+03
3.553766809940338135e+03
3.558571758985519409e+03
3.563394629001617432e+03
3.568206303119659424e+03
3.573016711950302124e+03
3.577805325984954834e+03
3.582607372045516968e+03
3.587396975040435791e+03
3.592219404935836792e+03
3.597005301952362061e+03
3.601816391944885254e+03
3.606595103979110718e+03
3.611369969129562378e+03
3.616189154148101807e+03
3.621007898092269897e+03
3.625820328950881958e+03
3.630619524955749512e+03
3.635461519956588745e+03
3.640269859075546265e+03
3.645075760126113892e+03
3.649854187011718750e+03
3.654695373058319092e+03
3.659492118120193481e+03
3.664331886053085327e+03
3.669217251062393188e+03
3.674033669948577881e+03
3.678752624034881592e+03
3.683562416076660156e+03
3.688374577999114990e+03
3.693175966024398804e+03
3.698034767150878906e+03
3.702847064018249512e+03
3.707674006938934326e+03
3.712496561050415039e+03
3.717311006069183350e+03
3.722171549081802368e+03
3.726970222949981689e+03
3.731725903987884521e+03
3.736451622009277344e+03
3.741269850969314575e+03
3.746053425073623657e+03
3.750830275058746338e+03
3.755562727928161621e+03
3.760363150119781494e+03
3.765245305061340332e+03
3.770065937995910645e+03
3.774818620920181274e+03
3.779619451999664307e+03
3.784393182992935181e+03
3.789227421998977661e+03
3.793960273981094360e+03
3.798670709133148193e+03
3.803491737127304077e+03
3.808246127128601074e+03
3.813065469980239868e+03
3.817845565080642700e+03
3.822602636098861694e+03
3.827371537923812866e+03
3.832183895111083984e+03
3.836981431961059570e+03
3.841719541072845459e+03
3.846521819114685059e+03
3.851358412981033325e+03
3.856068680047988892e+03
3.860876860141754150e+03
3.865671693086624146e+03
3.870463804960250854e+03
3.875210278987884521e+03
3.879970927953720093e+03
3.884770357131958008e+03
3.889562130928039551e+03
3.894405828952789307e+03
3.899216506004333496e+03
3.904017261028289795e+03
3.908790235042572021e+03
3.913634421110153198e+03
3.918333647012710571e+03
3.923090835094451904e+03
3.927961116075515747e+03
3.932739659070968628e+03
3.937512097120285034e+03
3.942311569929122925e+03
3.947092343091964722e+03
3.951831562995910645e+03
3.956646506071090698e+03
3.961438815116882324e+03
3.966232890129089355e+03
3.971026299953460693e+03
3.975833461999893188e+03
3.980570089101791382e+03
3.985370219945907593e+03
3.990183881044387817e+03
3.994999652147293091e+03
3.999813030958175659e+03
4.004651713132858276e+03
4.009470741033554077e+03
4.014248568058013916e+03
4.019087624073028564e+03
4.023877603054046631e+03
4.028660608053207397e+03
4.033448580980300903e+03
4.038236299991607666e+03
4.042991893053054810e+03
4.047762284994125366e+03
4.052578355073928833e+03
4.057383400917053223e+03
4.062183427095413208e+03
4.067006014108657837e+03
4.071793090105056763e+03
4.076530782938003540e+03
4.081300272941589355e+03
4.086043081045150757e+03
4.090816405057907104e+03
4.095595325946807861e+03
4.100404716968536377e+03
4.104937766075134277e+03
4.109209418058395386e+03
4.114179654121398926e+03
4.119151675939559937e+03
4.124085101127624512e+03
4.129018985033035278e+03
4.133958894014358521e+03
4.138819467067718506e+03
4.143626683950424194e+03
4.148507520914077759e+03
4.153430335998535156e+03
4.158303915977478027e+03
4.163140022993087769e+03
4.168013675928115845e+03
4.172806507110595703e+03
4.177675940990447998e+03
4.182612890958786011e+03
4.187511196136474609e+03
4.192477401018142700e+03
4.197374614953994751e+03
4.202333616971969604e+03
4.207177889108657837e+03
4.212056458950042725e+03
4.216969789028167725e+03
4.221855787992477417e+03
4.226712489128112793e+03
4.231624714136123657e+03
4.236472504138946533e+03
4.241393878936767578e+03
4.246321882009506226e+03
4.251230651140213013e+03
4.256064810037612915e+03
4.261016129016876221e+03
4.265977349042892456e+03
4.270924993991851807e+03
4.275853605031967163e+03
4.280708044052124023e+03
4.285593039989471436e+03
4.290524244070053101e+03
4.295459685087203979e+03
4.300455368041992188e+03
4.305430007934570312e+03
4.310417690992355347e+03
4.315267519950866699e+03
4.320294415950775146e+03
4.325177181005477905e+03
4.330123769044876099e+03
4.335045427083969116e+03
4.339875643014907837e+03
4.344705205917358398e+03
