8.248387098312377930e+00
1.630698108673095703e+01
2.575502800941467285e+01
3.386458301544189453e+01
4.226856994628906250e+01
5.008787393569946289e+01
5.956448292732238770e+01
6.858552813529968262e+01
7.862295699119567871e+01
8.772696900367736816e+01
9.602432703971862793e+01
1.043407590389251709e+02
1.133445599079132080e+02
1.226954529285430908e+02
1.320126039981842041e+02
1.403528900146484375e+02
1.485341939926147461e+02
1.571454870700836182e+02
1.655121610164642334e+02
1.747520439624786377e+02
1.819426229000091553e+02
1.878233070373535156e+02
1.939378330707550049e+02
2.009413919448852539e+02
2.063672289848327637e+02
2.120252940654754639e+02
2.176696159839630127e+02
2.232349309921264648e+02
2.287294161319732666e+02
2.344517579078674316e+02
2.405600171089172363e+02
2.462778189182281494e+02
2.526473119258880615e+02
2.581926019191741943e+02
2.642441830635070801e+02
2.700508940219879150e+02
2.756465270519256592e+02
2.809078719615936279e+02
2.864427399635314941e+02
2.922772810459136963e+02
2.981330780982971191e+02
3.052047529220581055e+02
3.109445250034332275e+02
3.162648160457611084e+02
3.230927119255065918e+02
3.288488299846649170e+02
3.371751449108123779e+02
3.428187320232391357e+02
3.493860290050506592e+02
3.553997240066528320e+02
3.610215909481048584e+02
3.663143129348754883e+02
3.720216460227966309e+02
3.780125410556793213e+02
3.847245280742645264e+02
3.904163069725036621e+02
3.964692099094390869e+02
4.041162791252136230e+02
4.122865579128265381e+02
4.211703240871429443e+02
4.305911550521850586e+02
4.400276279449462891e+02
4.503948700428009033e+02
4.595571560859680176e+02
4.688257219791412354e+02
4.781303689479827881e+02
4.878008530139923096e+02
4.990897419452667236e+02
5.082684700489044189e+02
5.192063140869140625e+02
5.299301309585571289e+02
5.396648290157318115e+02
5.493427650928497314e+02
5.584439070224761963e+02
5.678378391265869141e+02
5.778629159927368164e+02
5.873165500164031982e+02
5.980839319229125977e+02
6.081312420368194580e+02
6.175660409927368164e+02
6.275467989444732666e+02
6.379153699874877930e+02
6.478786470890045166e+02
6.570865089893341064e+02
6.670133490562438965e+02
6.786393320560455322e+02
6.883248460292816162e+02
6.980644259452819824e+02
7.081380069255828857e+02
7.178441491127014160e+02
7.288552970886230469e+02
7.387280819416046143e+02
7.473685059547424316e+02
7.589234700202941895e+02
7.700397539138793945e+02
7.802032921314239502e+02
7.924510390758514404e+02
8.035482659339904785e+02
8.175209589004516602e+02
8.302468609809875488e+02
8.448197779655456543e+02
8.587485871315002441e+02
8.709282450675964355e+02
8.840533599853515625e+02
8.963779139518737793e+02
9.094287619590759277e+02
9.219911260604858398e+02
9.359891021251678467e+02
9.489344949722290039e+02
9.637479510307312012e+02
9.763952300548553467e+02
9.907576780319213867e+02
1.004538947105407715e+03
1.018019007921218872e+03
1.032844208955764771e+03
1.046319478988647461e+03
1.059830560922622681e+03
1.075571504116058350e+03
1.087872201919555664e+03
1.102811301946640015e+03
1.114975714921951294e+03
1.129097723960876465e+03
1.141501374006271362e+03
1.154213030099868774e+03
1.166567867994308472e+03
1.179323370933532715e+03
1.195529608964920044e+03
1.208726577043533325e+03
1.221174047946929932e+03
1.237080838918685913e+03
1.250193311929702759e+03
1.262919840097427368e+03
1.275194000959396362e+03
1.288832675933837891e+03
1.302695595026016235e+03
1.315755036115646362e+03
1.328983155965805054e+03
1.343432128906250000e+03
1.356509359121322632e+03
1.370690937995910645e+03
1.383176712989807129e+03
1.395041543006896973e+03
1.410365312099456787e+03
1.424334381103515625e+03
1.438378513097763062e+03
1.451770487070083618e+03
1.465069875001907349e+03
1.479581551074981689e+03
1.493148169994354248e+03
1.507982043027877808e+03
1.520861830949783325e+03
1.533149204015731812e+03
1.545886032104492188e+03
1.559232441902160645e+03
1.573165600061416626e+03
1.585417001962661743e+03
1.598262711048126221e+03
1.610822151899337769e+03
1.625276173114776611e+03
1.638737785100936890e+03
1.650868815898895264e+03
1.662808239936828613e+03
1.675491518974304199e+03
1.687711483955383301e+03
1.701154581069946289e+03
1.713996967077255249e+03
1.730998546123504639e+03
1.745439918994903564e+03
1.759858433961868286e+03
1.774704558134078979e+03
1.787108901023864746e+03
1.797427835941314697e+03
1.808657429933547974e+03
1.818970534086227417e+03
1.828636522054672241e+03
1.839368350028991699e+03
1.849650411128997803e+03
1.861098235130310059e+03
1.871949820995330811e+03
1.883053874015808105e+03
1.894015300035476685e+03
1.904558387994766235e+03
1.917846715927124023e+03
1.928193485975265503e+03
1.939072403907775879e+03
1.953115701913833618e+03
1.962511778116226196e+03
1.973774910926818848e+03
1.984307145118713379e+03
1.995429033041000366e+03
2.004980128049850464e+03
2.014824711084365845e+03
2.024270237922668457e+03
2.036089277982711792e+03
2.045811860084533691e+03
2.056093631982803345e+03
2.066462007999420166e+03
2.077073682069778442e+03
2.087398129940032959e+03
2.099296977996826172e+03
