6.231822967529296875e+00
1.233012008666992188e+01
1.853691315650939941e+01
2.472160196304321289e+01
3.094200611114501953e+01
3.713746714591979980e+01
4.325061511993408203e+01
4.953167915344238281e+01
5.566934514045715332e+01
6.182562398910522461e+01
6.796833014488220215e+01
7.417616200447082520e+01
8.051821708679199219e+01
8.666845202445983887e+01
9.278910613059997559e+01
9.895515513420104980e+01
1.052834270000457764e+02
1.114167311191558838e+02
1.176544971466064453e+02
1.237484540939331055e+02
1.299877569675445557e+02
1.362394499778747559e+02
1.424524841308593750e+02
1.487952539920806885e+02
1.551105120182037354e+02
1.613083221912384033e+02
1.675017139911651611e+02
1.736730630397796631e+02
1.798056800365447998e+02
1.859617590904235840e+02
1.921280519962310791e+02
1.983579821586608887e+02
2.044852139949798584e+02
2.106788911819458008e+02
2.169230539798736572e+02
2.231983380317687988e+02
2.294062960147857666e+02
2.355989520549774170e+02
2.419567689895629883e+02
2.481640210151672363e+02
2.543171210289001465e+02
2.605737459659576416e+02
2.668517711162567139e+02
2.730166461467742920e+02
2.791284320354461670e+02
2.852755320072174072e+02
2.916251859664916992e+02
2.978053419589996338e+02
3.039339151382446289e+02
3.100628440380096436e+02
3.161298570632934570e+02
3.221840109825134277e+02
3.283869509696960449e+02
3.344827389717102051e+02
3.405878951549530029e+02
3.467733490467071533e+02
3.529547631740570068e+02
3.591784780025482178e+02
3.652219891548156738e+02
3.714592039585113525e+02
3.777705051898956299e+02
3.840376091003417969e+02
3.902152440547943115e+02
3.962502579689025879e+02
4.026360931396484375e+02
4.088300430774688721e+02
4.150493659973144531e+02
4.212463860511779785e+02
4.273867290019989014e+02
4.337062661647796631e+02
4.399025151729583740e+02
4.461090340614318848e+02
4.524785091876983643e+02
4.587014141082763672e+02
4.648897840976715088e+02
4.710692861080169678e+02
4.773378219604492188e+02
4.835546660423278809e+02
4.897514681816101074e+02
4.958570780754089355e+02
5.020760080814361572e+02
5.082385110855102539e+02
5.143896250724792480e+02
5.205481581687927246e+02
5.264910340309143066e+02
5.327968590259552002e+02
5.389880731105804443e+02
5.451975550651550293e+02
5.514709000587463379e+02
5.577663781642913818e+02
5.641680870056152344e+02
5.705733621120452881e+02
5.769268040657043457e+02
5.830374979972839355e+02
5.892945330142974854e+02
5.954036619663238525e+02
6.015442039966583252e+02
6.077934930324554443e+02
6.140103030204772949e+02
6.202380061149597168e+02
6.264006841182708740e+02
6.325749611854553223e+02
6.389727330207824707e+02
6.452111821174621582e+02
6.514851701259613037e+02
6.577091159820556641e+02
6.638466169834136963e+02
6.700332939624786377e+02
6.763032591342926025e+02
6.825284609794616699e+02
6.888550519943237305e+02
6.949934580326080322e+02
7.010823199748992920e+02
7.072318811416625977e+02
7.135601441860198975e+02
7.198608071804046631e+02
7.262309441566467285e+02
7.324295990467071533e+02
7.387207400798797607e+02
7.450006790161132812e+02
7.511867830753326416e+02
7.573607530593872070e+02
7.635605010986328125e+02
7.697376379966735840e+02
7.760228619575500488e+02
7.822581980228424072e+02
7.884134700298309326e+02
7.946132180690765381e+02
8.008476431369781494e+02
8.070459051132202148e+02
8.132335560321807861e+02
8.193627481460571289e+02
8.255087151527404785e+02
8.318192071914672852e+02
8.378720591068267822e+02
8.440940511226654053e+02
8.502517709732055664e+02
8.565336930751800537e+02
8.628600561618804932e+02
8.689660429954528809e+02
8.750804321765899658e+02
8.812254340648651123e+02
8.874173021316528320e+02
8.936051201820373535e+02
8.999870669841766357e+02
9.062485170364379883e+02
9.126250820159912109e+02
9.187847189903259277e+02
9.250257010459899902e+02
9.311552109718322754e+02
9.373667411804199219e+02
9.435938510894775391e+02
9.498442051410675049e+02
9.559743111133575439e+02
9.620970120429992676e+02
9.683584730625152588e+02
9.744831030368804932e+02
9.806801509857177734e+02
9.868803200721740723e+02
9.931386241912841797e+02
9.994110090732574463e+02
1.005559076070785522e+03
1.011862369060516357e+03
1.017961923122406006e+03
1.024226513147354126e+03
1.030556905031204224e+03
1.036701338052749634e+03
1.042985344171524048e+03
1.049231153964996338e+03
1.055520264148712158e+03
1.061776295185089111e+03
1.067980113029479980e+03
1.074194800138473511e+03
1.080353331089019775e+03
1.086563997983932495e+03
1.092925276994705200e+03
1.099108126163482666e+03
1.105266422986984253e+03
1.111436571121215820e+03
1.117715877056121826e+03
1.123957756042480469e+03
1.130164669036865234e+03
1.136428578138351440e+03
1.142681925058364868e+03
1.148960314035415649e+03
1.155052144050598145e+03
1.161290328025817871e+03
1.167497672080993652e+03
1.173648384094238281e+03
1.179807212114334106e+03
1.185226024150848389e+03
1.190629696130752563e+03
1.196064738988876343e+03
1.201350321054458618e+03
1.205259082078933716e+03
1.209001008987426758e+03
1.212763375043869019e+03
1.216366427183151245e+03
1.219610301017761230e+03
1.222890093088150024e+03
