1.166000000000000000e+03
2.395000000000000000e+03
3.561000000000000000e+03
4.907000000000000000e+03
6.092000000000000000e+03
7.226000000000000000e+03
8.455000000000000000e+03
1.022500000000000000e+04
1.160800000000000000e+04
1.277400000000000000e+04
1.392300000000000000e+04
1.515200000000000000e+04
1.738700000000000000e+04
1.915700000000000000e+04
2.050300000000000000e+04
2.181500000000000000e+04
2.302100000000000000e+04
2.453900000000000000e+04
2.562500000000000000e+04
2.685400000000000000e+04
2.823700000000000000e+04
2.944300000000000000e+04
3.069700000000000000e+04
3.212100000000000000e+04
3.343300000000000000e+04
3.468700000000000000e+04
3.582100000000000000e+04
3.720400000000000000e+04
3.841000000000000000e+04
3.966400000000000000e+04
4.160200000000000000e+04
4.285600000000000000e+04
4.432500000000000000e+04
4.555400000000000000e+04
4.665000000000000000e+04
4.796200000000000000e+04
4.943100000000000000e+04
5.063700000000000000e+04
5.240700000000000000e+04
