8.878294082358479528e-03
8.935352800413966581e-03
8.869371371343732699e-03
8.890542866662144370e-03
8.897923082113266130e-03
8.921288069337606277e-03
8.871420601382851157e-03
8.876292539760469863e-03
8.872877391055225896e-03
8.846879690885543421e-03
8.880621563643217170e-03
8.889186374843120395e-03
8.865149123594165403e-03
8.912912677973509196e-03
8.892157152295111777e-03
8.879230126738548584e-03
8.857492707669735107e-03
8.873356845229864176e-03
8.863136088475585123e-03
8.847568919882177474e-03
8.849319366738200160e-03
8.900196729227901130e-03
8.926242142915725292e-03
8.865374626591801532e-03
8.874244092032313944e-03
8.889713762328029303e-03
8.864053143188357214e-03
8.891858965158462580e-03
8.932136720046401218e-03
8.872924234718084294e-03
8.865187097340822969e-03
8.842668129131198498e-03
8.870778996497392585e-03
8.874333921819925822e-03
8.844780916348099833e-03
8.804506557062267980e-03
8.849435139447451096e-03
8.858257949352264793e-03
8.904371157288551442e-03
