2.834524701982736317e-01
1.340722537785768442e-01
9.825875847041606881e-02
7.793475103378295910e-02
6.499185051769018617e-02
5.665788035839795789e-02
4.953897858411073635e-02
4.469436641037464325e-02
4.158100837469101002e-02
3.828151980787515563e-02
3.589254603162407575e-02
3.379059530049562110e-02
3.261697547137737407e-02
3.116182239726185757e-02
2.981338093802332959e-02
2.866831922531127771e-02
2.769279841333627604e-02
2.688749087229370949e-02
2.597827777639031416e-02
2.513852764666080555e-02
2.454561698064208070e-02
2.403625141829252368e-02
2.369399076327681486e-02
2.289126988127827486e-02
2.246037424355745368e-02
2.207433075830340236e-02
2.146583268418908105e-02
2.121457947045564743e-02
2.059309995174407951e-02
2.027364892140030850e-02
2.013682745397090898e-02
1.982135762646794475e-02
1.937854599952697904e-02
1.901106457412242781e-02
1.900092149153351923e-02
1.856353198364377177e-02
1.852418848499655726e-02
1.813979771733284160e-02
1.785498882085084782e-02
1.763321857154369343e-02
1.742323839478194733e-02
1.732352739572524947e-02
1.708212307281792297e-02
1.685287205129861951e-02
1.667242653295397670e-02
1.653084816411137456e-02
1.631513735651969957e-02
1.610445705614984083e-02
1.593532146327197516e-02
1.593470995314419381e-02
1.573384081199765208e-02
1.552817906253039885e-02
1.546348970942199204e-02
1.530489346757531177e-02
1.514064470864832403e-02
1.512002387829124855e-02
1.487338849715888478e-02
1.466677676141261988e-02
1.465632201358675960e-02
1.449396967887878369e-02
1.443785893358290155e-02
1.427901963330805227e-02
1.418392458558082568e-02
1.405201953649520830e-02
1.389474259316921152e-02
1.385937696881592296e-02
1.375024349242448887e-02
1.364426134526729520e-02
1.360371791757643278e-02
1.347781066969037066e-02
1.335925446823239306e-02
1.332787637412548125e-02
1.323042529076337744e-02
1.314280762895941694e-02
1.306766353175044075e-02
1.302724018879234877e-02
1.286713498644530794e-02
1.280148222111165447e-02
1.277506627328693807e-02
1.264132347702980053e-02
1.256734571047127269e-02
1.247034212201833699e-02
1.246045669727027447e-02
1.239803839474916403e-02
1.231709661893546498e-02
1.222352115996181918e-02
1.213927246630191852e-02
1.207260759733617267e-02
1.204760058969259195e-02
1.193932195380330123e-02
1.188292383588850434e-02
1.186254569515585860e-02
1.179512128978967705e-02
1.171023169718682713e-02
1.172391852550208613e-02
1.158554090186953572e-02
1.164181507192552090e-02
1.149827879853546585e-02
1.144339533708989623e-02
1.142806513793766417e-02
1.129178855381906058e-02
1.130965264514088679e-02
1.120003946870565432e-02
1.117369292490184331e-02
1.116806135885417377e-02
1.112043478526174994e-02
1.104243090748786849e-02
1.093651496991515128e-02
1.092728383094072366e-02
1.085538609698414800e-02
1.080607519112527365e-02
1.079098717309534550e-02
1.069944206625223111e-02
1.069655654951930102e-02
1.066194372251629864e-02
1.063494886830449078e-02
1.062202198244631239e-02
1.055802545882761519e-02
1.052003538981080046e-02
1.043528703786432768e-02
1.041789655201137005e-02
1.037264084815978961e-02
1.034594395756721456e-02
1.031894031353294827e-02
1.021279514953494019e-02
1.018954937905073091e-02
1.020483344234526107e-02
1.013697867281735006e-02
1.010047897882759491e-02
1.004743696376681275e-02
1.004753257147967746e-02
9.996902139857410594e-03
9.956556551158428012e-03
9.948482602834702107e-03
9.890242179855703725e-03
9.863348130136728731e-03
9.803897699341177635e-03
9.796848522499203987e-03
9.750962303951383331e-03
9.700362721458077875e-03
9.687927199527620811e-03
9.642348082736134154e-03
9.657203475013375477e-03
9.619302116334438324e-03
9.553073659539222315e-03
9.537657305598258237e-03
9.495175480842589499e-03
9.471635248512029481e-03
9.420883076265453709e-03
9.420514034107327697e-03
9.381122661754488432e-03
9.359427951276302546e-03
9.331953015178442307e-03
9.306897360831499835e-03
9.292674960568547346e-03
9.230047482997178615e-03
9.242169614881277570e-03
9.154258821159600573e-03
9.125140989199280114e-03
9.157721726223826478e-03
