3.302180051803588867e+00
6.591167926788330078e+00
9.882476091384887695e+00
1.317052507400512695e+01
1.645050001144409180e+01
1.966330409049987793e+01
2.290167212486267090e+01
2.615756201744079590e+01
2.929507303237915039e+01
3.256582593917846680e+01
3.581616497039794922e+01
3.906031012535095215e+01
4.228999900817871094e+01
4.557632613182067871e+01
4.888000297546386719e+01
5.219665908813476562e+01
5.551363611221313477e+01
5.882980394363403320e+01
6.213939905166625977e+01
6.545024013519287109e+01
6.880257105827331543e+01
7.212085795402526855e+01
7.536266613006591797e+01
7.869657206535339355e+01
8.199040794372558594e+01
8.518945503234863281e+01
8.851329398155212402e+01
9.181500411033630371e+01
9.515314292907714844e+01
9.850471806526184082e+01
1.017856040000915527e+02
1.050875370502471924e+02
1.083723759651184082e+02
1.116799409389495850e+02
1.149713349342346191e+02
1.182767660617828369e+02
1.215826430320739746e+02
1.248867430686950684e+02
1.281898310184478760e+02
1.314973609447479248e+02
1.347736289501190186e+02
1.379764540195465088e+02
1.412666180133819580e+02
1.445271000862121582e+02
1.478298490047454834e+02
1.511305899620056152e+02
1.544534010887145996e+02
1.577888600826263428e+02
1.610936589241027832e+02
1.644452431201934814e+02
1.677254269123077393e+02
1.710204989910125732e+02
1.743193070888519287e+02
1.776260759830474854e+02
1.809132521152496338e+02
1.842053761482238770e+02
1.875098619461059570e+02
1.908010270595550537e+02
1.940774540901184082e+02
1.973692281246185303e+02
2.006415810585021973e+02
2.038225080966949463e+02
2.071431009769439697e+02
2.104624891281127930e+02
2.137448310852050781e+02
2.170691909790039062e+02
2.203929159641265869e+02
2.237056341171264648e+02
2.270124900341033936e+02
2.303018260002136230e+02
2.336181309223175049e+02
2.369276471138000488e+02
2.402322671413421631e+02
2.435439090728759766e+02
2.468481929302215576e+02
2.501505141258239746e+02
2.534247770309448242e+02
2.566356210708618164e+02
2.598761630058288574e+02
2.631877269744873047e+02
2.664914779663085938e+02
2.697864739894866943e+02
2.730869691371917725e+02
2.763832421302795410e+02
2.797072560787200928e+02
2.830285439491271973e+02
2.863538210391998291e+02
2.896648819446563721e+02
2.929924781322479248e+02
2.963213460445404053e+02
2.996724600791931152e+02
3.029791791439056396e+02
3.062956669330596924e+02
3.095740139484405518e+02
3.127843720912933350e+02
3.160149140357971191e+02
3.193156020641326904e+02
3.226288299560546875e+02
3.259464809894561768e+02
3.292573421001434326e+02
3.326014051437377930e+02
3.359716439247131348e+02
3.392818579673767090e+02
3.426288480758666992e+02
3.459600179195404053e+02
3.493170189857482910e+02
3.526557030677795410e+02
3.559789841175079346e+02
3.592515799999237061e+02
3.625899119377136230e+02
3.658662400245666504e+02
3.690386250019073486e+02
3.723003420829772949e+02
3.755988681316375732e+02
3.788951160907745361e+02
3.822143800258636475e+02
3.855471019744873047e+02
3.888426380157470703e+02
3.921441619396209717e+02
3.954553699493408203e+02
3.987712340354919434e+02
4.020950529575347900e+02
4.054076759815216064e+02
4.087112281322479248e+02
4.120265300273895264e+02
4.153188850879669189e+02
4.185925259590148926e+02
4.219064991474151611e+02
4.251967921257019043e+02
4.283709290027618408e+02
4.316497910022735596e+02
4.349643931388854980e+02
4.382763259410858154e+02
4.416107370853424072e+02
4.449233829975128174e+02
4.482511041164398193e+02
4.515457780361175537e+02
4.548614299297332764e+02
4.581659231185913086e+02
4.615048379898071289e+02
4.648347859382629395e+02
4.681438150405883789e+02
4.714619429111480713e+02
4.747266960144042969e+02
4.780237610340118408e+02
4.812943320274353027e+02
4.845039100646972656e+02
4.877344939708709717e+02
4.910180721282958984e+02
4.943152289390563965e+02
4.976330029964447021e+02
5.009368519783020020e+02
5.042278230190277100e+02
5.075791521072387695e+02
5.108544471263885498e+02
5.141677401065826416e+02
5.174652719497680664e+02
5.208040740489959717e+02
5.241132609844207764e+02
5.274463939666748047e+02
5.330529310703277588e+02
5.412327971458435059e+02
5.492029030323028564e+02
5.579774241447448730e+02
5.660069320201873779e+02
5.737778811454772949e+02
5.814271991252899170e+02
5.885935680866241455e+02
5.946373410224914551e+02
5.999325079917907715e+02
6.053198981285095215e+02
6.109923391342163086e+02
6.195101120471954346e+02
6.266880841255187988e+02
6.326800220012664795e+02
6.385984809398651123e+02
6.442515299320220947e+02
6.511440160274505615e+02
6.569264090061187744e+02
6.652527999877929688e+02
6.742248051166534424e+02
6.824833350181579590e+02
6.909186460971832275e+02
7.001063261032104492e+02
7.087396330833435059e+02
7.170317549705505371e+02
7.250363831520080566e+02
7.341884329319000244e+02
7.424774310588836670e+02
7.509730229377746582e+02
7.624413130283355713e+02
7.707481949329376221e+02
7.801285510063171387e+02
7.883265011310577393e+02
7.960041069984436035e+02
8.046488490104675293e+02
8.141385800838470459e+02
8.223638870716094971e+02
8.329995620250701904e+02
