9.301600000000019852e-01
9.799400000000048072e-01
9.893000000000030658e-01
9.919200000000032436e-01
9.941800000000025062e-01
9.960000000000018838e-01
9.967600000000015337e-01
9.977800000000008884e-01
9.982400000000009044e-01
9.984400000000006603e-01
9.987800000000006673e-01
9.988800000000004342e-01
9.991000000000005432e-01
9.994200000000003081e-01
9.997000000000001441e-01
9.995200000000001861e-01
9.996600000000001041e-01
9.997400000000000730e-01
9.995800000000002461e-01
9.998800000000001020e-01
