7.624600000000008038e-01
8.765600000000003389e-01
8.927599999999996649e-01
9.019000000000002570e-01
9.072800000000007525e-01
9.127200000000006419e-01
9.169999999999993712e-01
9.204799999999998539e-01
9.235400000000009157e-01
9.267200000000005433e-01
9.295800000000001839e-01
9.311400000000007449e-01
9.336599999999998234e-01
9.354200000000001403e-01
9.368400000000001171e-01
9.390199999999998548e-01
9.405600000000006178e-01
9.416000000000002146e-01
9.430600000000002314e-01
9.443800000000007744e-01
9.460200000000001941e-01
9.470599999999997909e-01
9.482200000000001738e-01
9.493999999999999106e-01
9.501999999999990454e-01
9.514000000000004675e-01
9.525400000000002754e-01
9.532800000000002383e-01
9.543800000000004502e-01
9.549400000000001221e-01
9.559400000000007891e-01
9.569400000000012341e-01
9.576000000000004508e-01
9.584800000000009979e-01
9.593600000000013228e-01
9.601200000000018608e-01
9.608000000000010976e-01
9.619000000000020867e-01
9.621800000000011455e-01
9.633200000000013974e-01
9.638400000000019174e-01
9.644400000000017403e-01
9.648800000000011812e-01
9.654000000000014792e-01
9.661200000000018662e-01
9.664400000000025193e-01
9.673400000000029753e-01
9.676200000000020340e-01
9.685000000000025810e-01
9.686600000000015198e-01
9.691400000000018888e-01
9.699600000000029310e-01
9.702400000000025448e-01
9.706600000000036310e-01
9.714800000000031188e-01
9.715400000000034009e-01
9.719800000000032858e-01
9.724200000000035038e-01
9.728800000000045189e-01
9.734000000000042618e-01
9.734200000000036157e-01
9.739400000000032476e-01
9.744800000000035656e-01
9.744800000000047868e-01
9.750800000000036105e-01
9.753000000000038305e-01
9.757800000000036444e-01
9.757600000000037355e-01
9.761800000000042665e-01
9.765400000000032943e-01
9.769000000000040984e-01
9.770200000000046625e-01
9.777400000000043834e-01
9.779800000000048454e-01
9.781400000000040063e-01
9.782800000000049234e-01
9.786800000000043243e-01
9.786400000000041732e-01
9.793400000000050953e-01
9.796000000000040231e-01
9.799200000000041211e-01
9.801200000000050983e-01
9.802600000000043501e-01
9.803600000000046721e-01
9.808200000000044660e-01
9.812200000000044220e-01
9.813800000000043600e-01
9.815200000000045000e-01
9.817000000000041249e-01
9.821400000000038988e-01
9.821000000000044139e-01
9.824800000000045719e-01
9.828000000000047809e-01
9.828800000000050829e-01
9.830600000000048189e-01
9.832400000000047768e-01
9.837200000000049238e-01
9.838400000000054879e-01
9.838800000000051948e-01
9.842200000000046467e-01
9.843200000000047467e-01
9.844200000000044026e-01
9.846600000000045316e-01
9.850200000000043365e-01
9.852400000000050007e-01
9.850800000000048406e-01
9.850800000000049517e-01
9.856800000000049966e-01
9.860000000000044285e-01
9.858200000000046925e-01
9.861600000000042554e-01
9.861600000000042554e-01
9.863400000000048795e-01
9.866200000000051595e-01
9.866200000000056036e-01
9.869400000000047024e-01
9.872000000000050735e-01
9.870800000000043983e-01
9.873000000000046184e-01
9.874800000000041322e-01
9.875400000000046363e-01
9.878000000000046743e-01
9.878200000000044723e-01
9.879800000000044102e-01
9.882200000000039841e-01
9.881000000000043082e-01
9.884000000000047192e-01
9.884000000000043862e-01
9.885600000000043241e-01
9.885400000000047482e-01
9.888000000000042311e-01
9.888600000000041801e-01
9.887600000000041911e-01
9.891400000000042381e-01
9.892600000000043581e-01
9.894400000000040940e-01
9.893800000000042560e-01
9.895000000000045981e-01
9.895800000000040120e-01
9.898600000000041810e-01
9.897800000000037679e-01
9.899400000000041500e-01
9.901600000000038149e-01
9.900200000000040079e-01
9.902000000000039659e-01
9.905600000000042149e-01
9.903600000000039039e-01
9.905200000000038418e-01
9.906400000000038508e-01
9.907200000000040419e-01
9.909000000000039998e-01
9.909800000000043019e-01
9.912200000000035427e-01
9.912200000000040978e-01
9.911400000000036847e-01
9.915000000000037117e-01
9.914000000000029456e-01
9.915600000000037717e-01
9.916200000000041648e-01
9.916800000000037807e-01
9.918200000000038097e-01
9.919600000000029505e-01
9.918800000000035366e-01
9.920200000000031215e-01
9.921600000000033726e-01
9.922400000000038967e-01
9.923000000000036236e-01
9.924200000000035216e-01
9.924800000000034705e-01
9.926400000000036306e-01
9.926800000000033375e-01
9.927800000000032155e-01
9.927400000000031755e-01
9.928800000000030934e-01
9.929000000000033355e-01
9.929200000000035775e-01
9.930400000000034755e-01
9.932400000000035645e-01
9.931400000000029094e-01
9.933600000000032404e-01
9.933200000000028673e-01
9.934200000000035224e-01
9.935400000000028653e-01
9.935400000000026433e-01
9.935800000000027943e-01
9.937400000000030653e-01
9.936400000000034094e-01
9.938600000000026302e-01
9.938800000000032053e-01
9.939200000000028012e-01
9.941200000000028902e-01
9.940200000000030123e-01
9.941000000000023151e-01
9.940400000000030323e-01
9.942000000000027482e-01
9.943000000000031813e-01
9.944000000000029482e-01
9.943600000000029082e-01
9.944200000000030792e-01
9.945000000000026041e-01
9.944000000000027262e-01
9.946200000000027241e-01
9.946200000000022801e-01
9.947600000000025311e-01
9.947200000000029352e-01
9.948000000000022380e-01
9.948800000000026511e-01
9.949600000000026201e-01
9.950800000000024070e-01
9.950600000000027201e-01
9.951200000000025581e-01
9.951400000000023560e-01
9.951800000000027291e-01
9.953200000000022030e-01
9.954400000000022120e-01
9.953400000000025560e-01
9.953400000000028891e-01
9.954600000000022320e-01
9.954600000000023430e-01
9.954800000000024740e-01
9.956600000000020989e-01
9.958000000000020169e-01
9.957000000000022499e-01
9.957800000000021079e-01
9.958000000000026830e-01
9.958200000000021479e-01
9.959800000000021969e-01
9.959000000000021169e-01
9.961200000000020038e-01
9.961400000000019128e-01
9.960600000000021659e-01
9.962400000000021238e-01
9.963200000000017598e-01
9.963400000000018908e-01
9.964200000000016377e-01
9.964600000000021218e-01
9.962800000000019418e-01
9.965600000000018888e-01
9.966400000000017467e-01
9.967200000000018267e-01
9.966400000000019688e-01
9.967400000000018467e-01
9.966200000000017267e-01
9.967600000000017557e-01
9.968000000000017957e-01
9.969800000000018647e-01
9.970400000000018137e-01
9.969800000000017537e-01
9.970800000000017427e-01
9.971600000000016006e-01
9.971000000000017627e-01
9.971000000000017627e-01
9.972200000000016606e-01
9.973600000000013566e-01
9.973400000000015586e-01
9.972800000000013876e-01
9.973200000000016496e-01
9.973800000000013766e-01
9.973800000000013766e-01
9.972800000000016096e-01
9.974800000000013656e-01
9.975200000000014056e-01
9.975000000000013856e-01
9.975200000000011835e-01
9.975400000000015366e-01
9.975000000000012745e-01
9.976200000000015056e-01
9.976000000000010415e-01
9.977000000000011415e-01
9.977400000000014035e-01
9.977200000000013835e-01
9.977800000000011105e-01
9.978400000000012815e-01
9.977600000000014235e-01
9.979200000000012505e-01
9.979800000000011995e-01
9.978800000000013215e-01
9.980400000000013705e-01
9.979400000000011595e-01
9.980000000000011084e-01
9.980400000000012595e-01
9.979800000000011995e-01
9.979800000000011995e-01
9.981600000000010464e-01
9.981800000000009554e-01
9.981400000000011374e-01
9.981200000000010064e-01
9.982200000000009954e-01
9.981400000000012485e-01
9.982200000000008844e-01
9.981600000000010464e-01
9.982600000000009244e-01
9.983000000000010754e-01
9.982200000000012174e-01
9.982800000000010554e-01
9.983600000000005803e-01
9.983400000000007823e-01
9.983600000000009134e-01
9.983000000000009644e-01
9.983400000000008934e-01
9.983400000000010044e-01
9.984400000000009934e-01
9.984000000000007313e-01
9.983600000000008023e-01
9.983800000000009334e-01
9.985000000000009424e-01
9.985000000000009424e-01
9.985600000000008913e-01
9.985800000000006893e-01
9.985800000000008003e-01
9.986000000000008203e-01
9.986200000000006183e-01
9.985600000000010024e-01
9.986400000000007493e-01
9.986400000000007493e-01
9.986400000000007493e-01
9.986600000000007693e-01
9.986600000000007693e-01
9.986200000000008403e-01
9.987200000000008293e-01
9.987400000000007383e-01
9.986800000000007893e-01
9.987600000000006473e-01
9.987000000000006983e-01
9.987400000000009603e-01
9.988400000000006163e-01
9.988000000000006873e-01
9.987600000000007583e-01
9.988200000000005963e-01
9.988600000000008583e-01
9.988400000000007273e-01
9.988600000000006363e-01
9.987400000000008493e-01
9.988600000000008583e-01
9.988800000000005452e-01
9.988600000000006363e-01
9.988600000000007473e-01
9.989400000000004942e-01
9.988800000000006563e-01
9.989200000000006963e-01
9.989600000000007363e-01
9.989000000000006763e-01
9.989600000000007363e-01
9.989200000000004742e-01
9.989000000000006763e-01
9.989600000000007363e-01
9.989800000000004232e-01
9.989200000000006963e-01
9.989400000000007163e-01
9.990200000000005742e-01
9.990000000000005542e-01
9.989800000000006452e-01
9.990000000000004432e-01
9.989800000000006452e-01
9.990400000000005942e-01
9.990400000000003722e-01
9.990000000000005542e-01
9.990200000000006852e-01
9.990600000000006142e-01
9.990600000000005032e-01
9.990800000000006342e-01
9.991000000000004322e-01
9.990400000000005942e-01
9.991000000000005432e-01
9.991000000000005432e-01
9.991200000000005632e-01
9.991600000000004922e-01
9.991400000000005832e-01
9.991400000000003612e-01
9.991800000000006232e-01
9.991400000000005832e-01
9.992000000000006432e-01
9.992000000000005322e-01
9.992000000000005322e-01
9.992000000000005322e-01
9.992400000000004612e-01
9.992400000000004612e-01
9.992800000000003902e-01
9.992600000000004812e-01
9.992600000000004812e-01
9.992600000000004812e-01
9.992600000000004812e-01
9.992800000000005012e-01
9.993000000000004102e-01
9.993000000000004102e-01
9.993000000000004102e-01
9.993200000000004302e-01
9.993400000000003391e-01
9.993600000000004702e-01
9.993400000000003391e-01
9.993800000000004902e-01
9.994000000000002881e-01
9.993800000000003791e-01
9.993800000000003791e-01
9.994000000000002881e-01
9.994200000000004191e-01
9.994000000000003991e-01
9.994600000000003481e-01
9.994400000000003281e-01
9.994000000000002881e-01
9.994600000000002371e-01
9.994800000000003681e-01
9.994800000000002571e-01
9.994600000000002371e-01
9.994800000000002571e-01
9.995000000000002771e-01
9.994800000000002571e-01
9.994600000000002371e-01
9.994600000000002371e-01
9.995200000000002971e-01
9.994800000000003681e-01
9.995400000000003171e-01
9.995200000000002971e-01
9.995600000000004481e-01
9.995000000000003881e-01
9.995400000000002061e-01
9.995000000000003881e-01
9.995600000000003371e-01
9.995800000000002461e-01
9.995200000000001861e-01
9.995800000000002461e-01
9.995800000000002461e-01
9.995800000000002461e-01
9.995600000000002261e-01
9.995800000000002461e-01
9.995800000000001351e-01
9.995800000000002461e-01
9.995400000000004281e-01
9.996000000000003771e-01
9.996200000000002861e-01
9.996000000000002661e-01
9.996200000000003971e-01
9.995800000000003571e-01
9.996000000000002661e-01
9.996200000000000641e-01
9.996400000000000841e-01
9.996600000000002151e-01
9.996000000000002661e-01
9.996400000000001951e-01
9.997000000000002551e-01
9.996800000000003461e-01
9.996600000000002151e-01
9.996400000000003061e-01
9.996600000000002151e-01
9.996400000000001951e-01
9.996400000000000841e-01
9.996600000000002151e-01
9.996600000000003261e-01
9.996600000000002151e-01
9.996600000000002151e-01
9.996400000000001951e-01
9.996800000000001241e-01
9.996800000000000130e-01
9.996800000000001241e-01
9.996800000000003461e-01
9.996800000000001241e-01
9.996800000000001241e-01
9.997200000000001641e-01
9.997000000000002551e-01
9.997200000000001641e-01
9.996800000000003461e-01
9.997200000000002751e-01
9.997200000000001641e-01
9.997400000000000730e-01
9.997200000000002751e-01
9.997200000000002751e-01
9.997200000000002751e-01
9.997000000000002551e-01
9.997200000000002751e-01
9.997400000000000730e-01
9.997000000000001441e-01
9.997400000000001841e-01
9.997400000000001841e-01
9.997200000000001641e-01
9.997200000000001641e-01
9.997400000000001841e-01
9.997200000000001641e-01
9.997400000000001841e-01
9.997400000000001841e-01
9.997400000000000730e-01
9.997200000000001641e-01
9.997400000000000730e-01
9.997400000000000730e-01
9.997400000000001841e-01
9.997400000000000730e-01
9.997400000000001841e-01
9.997400000000000730e-01
9.997400000000001841e-01
9.997200000000001641e-01
9.997400000000001841e-01
9.997600000000002041e-01
9.997400000000001841e-01
9.997400000000001841e-01
9.997800000000001130e-01
9.997800000000002241e-01
9.997400000000000730e-01
9.998000000000001330e-01
9.997800000000002241e-01
9.998000000000001330e-01
9.997600000000002041e-01
