7.734999999999998543e-01
8.760999999999999899e-01
8.933999999999999719e-01
9.026199999999998669e-01
9.087999999999994971e-01
9.131000000000007999e-01
9.174400000000003663e-01
9.212200000000013711e-01
9.244600000000003925e-01
9.271199999999999442e-01
9.298000000000002929e-01
9.321600000000002106e-01
9.342800000000003324e-01
9.358799999999990460e-01
9.379800000000003690e-01
9.394599999999998508e-01
9.410199999999999676e-01
9.425399999999999334e-01
9.442000000000000393e-01
9.454399999999995030e-01
9.460999999999998300e-01
9.476600000000001689e-01
9.489799999999997127e-01
9.503200000000004977e-01
9.510599999999999055e-01
9.518199999999998884e-01
9.526800000000001933e-01
9.535200000000014775e-01
9.545800000000009833e-01
9.556200000000008021e-01
9.563200000000007250e-01
9.572400000000014231e-01
9.579800000000012750e-01
9.588400000000014689e-01
9.595600000000009677e-01
9.604800000000018878e-01
9.610400000000010046e-01
9.618600000000009365e-01
9.623400000000008614e-01
9.629800000000011684e-01
9.637800000000024125e-01
9.644600000000017603e-01
9.651200000000021983e-01
9.659600000000022613e-01
9.664400000000025193e-01
9.669000000000016470e-01
9.676800000000026492e-01
9.681800000000032602e-01
9.685800000000027721e-01
9.691600000000034631e-01
9.696800000000032060e-01
9.699000000000025379e-01
9.707800000000037510e-01
9.705600000000027539e-01
9.709000000000029829e-01
9.721600000000030217e-01
9.724800000000034528e-01
9.726000000000031287e-01
9.733000000000037177e-01
9.735400000000027365e-01
9.737200000000034716e-01
9.745200000000039386e-01
9.746600000000039676e-01
9.749000000000030974e-01
9.754200000000040616e-01
9.756200000000044836e-01
9.761200000000039845e-01
9.765200000000042735e-01
9.767000000000043425e-01
9.772000000000039543e-01
9.774400000000038613e-01
9.778400000000037062e-01
9.781000000000045214e-01
9.781800000000042683e-01
9.783600000000044483e-01
9.789000000000043222e-01
9.792000000000040671e-01
9.796000000000043562e-01
9.794000000000050443e-01
9.798600000000046162e-01
9.800200000000044431e-01
9.803000000000047232e-01
9.804200000000039550e-01
9.809400000000039199e-01
9.810400000000046861e-01
9.810600000000047061e-01
9.816600000000041959e-01
9.818400000000044869e-01
9.819800000000044049e-01
9.818600000000053951e-01
9.822400000000047759e-01
9.827000000000056801e-01
9.829200000000042348e-01
9.829000000000051029e-01
9.833800000000046948e-01
9.833600000000047858e-01
9.836600000000046418e-01
9.837400000000047218e-01
9.839400000000045887e-01
9.840000000000048708e-01
9.842000000000049598e-01
9.844000000000042716e-01
9.847000000000042386e-01
9.847800000000042075e-01
9.848800000000051957e-01
9.853200000000049696e-01
9.851400000000049006e-01
9.853200000000045256e-01
9.856600000000044215e-01
9.857200000000052587e-01
9.857200000000050366e-01
9.859800000000048525e-01
9.859000000000047725e-01
9.863400000000049905e-01
9.862400000000053346e-01
9.865000000000045954e-01
9.866600000000040893e-01
9.866600000000043114e-01
9.868800000000043093e-01
9.868400000000046024e-01
9.870200000000050045e-01
9.874000000000044963e-01
9.874800000000043543e-01
9.876200000000049384e-01
9.875200000000047273e-01
9.878200000000040282e-01
9.878200000000045833e-01
9.879600000000048343e-01
9.881200000000043282e-01
9.885200000000050613e-01
9.884600000000043352e-01
9.884600000000044462e-01
9.887000000000046862e-01
9.890600000000044911e-01
9.888000000000046752e-01
9.890000000000049862e-01
9.892200000000042071e-01
9.892600000000046911e-01
9.893800000000038120e-01
9.894600000000043361e-01
9.895200000000045071e-01
9.896200000000038299e-01
9.897600000000040810e-01
9.901000000000047541e-01
9.900200000000036749e-01
9.900400000000045830e-01
9.902200000000038749e-01
9.902600000000044700e-01
9.905200000000038418e-01
9.906000000000040329e-01
9.906200000000041639e-01
9.905400000000037508e-01
9.907000000000042439e-01
9.907800000000042129e-01
9.909400000000038178e-01
9.912600000000033607e-01
9.911400000000036847e-01
9.914000000000039448e-01
9.913200000000038647e-01
9.914800000000034697e-01
9.914800000000033586e-01
9.916600000000038717e-01
9.916600000000037607e-01
9.918600000000037387e-01
9.919000000000045558e-01
9.920400000000035856e-01
9.919400000000037076e-01
9.920200000000034546e-01
9.922400000000032305e-01
9.923200000000030885e-01
9.924600000000033395e-01
9.926400000000029644e-01
9.924800000000034705e-01
9.924600000000035616e-01
9.926600000000027624e-01
9.927400000000036195e-01
9.929800000000027493e-01
9.928600000000037396e-01
9.930200000000033445e-01
9.932000000000030804e-01
9.931000000000032024e-01
9.932000000000034134e-01
9.931400000000032424e-01
9.933600000000032404e-01
9.933400000000034424e-01
9.937200000000029343e-01
9.936200000000030563e-01
9.937600000000026412e-01
9.938200000000028123e-01
9.937000000000025812e-01
9.939200000000030233e-01
9.939600000000031743e-01
9.940200000000026792e-01
9.940400000000029213e-01
9.941000000000028702e-01
9.940400000000032543e-01
9.942400000000027882e-01
9.942400000000024551e-01
9.943400000000026662e-01
9.944600000000026752e-01
9.945600000000024421e-01
9.947400000000024001e-01
9.947400000000024001e-01
9.947400000000024001e-01
9.947600000000025311e-01
9.947600000000020870e-01
9.948800000000025401e-01
9.950400000000024781e-01
9.949800000000026401e-01
9.950200000000022360e-01
9.951000000000023160e-01
9.950600000000024981e-01
9.951600000000023760e-01
9.952400000000024560e-01
9.953400000000023340e-01
9.955000000000019389e-01
9.953800000000024850e-01
9.955200000000022920e-01
9.956200000000020589e-01
9.956400000000021899e-01
9.957800000000023299e-01
9.958200000000022589e-01
9.958200000000021479e-01
9.959400000000017128e-01
9.957600000000020879e-01
9.958200000000023699e-01
9.960800000000024079e-01
9.960600000000018328e-01
9.960600000000023879e-01
9.961200000000021149e-01
9.961200000000017818e-01
9.962800000000021639e-01
9.963800000000019308e-01
9.961600000000022659e-01
9.963800000000021528e-01
9.964800000000020308e-01
9.966000000000019288e-01
9.966400000000018577e-01
9.965400000000018688e-01
9.966400000000019688e-01
9.966200000000019488e-01
9.968400000000018357e-01
9.967000000000021398e-01
9.968400000000017247e-01
9.968800000000016537e-01
9.969000000000017847e-01
9.969400000000017137e-01
9.970200000000017937e-01
9.969800000000018647e-01
9.971200000000016717e-01
9.971800000000016206e-01
9.971000000000019847e-01
9.972000000000015296e-01
9.970800000000016317e-01
9.971800000000013986e-01
9.972400000000017917e-01
9.973400000000015586e-01
9.973800000000014876e-01
9.973200000000015386e-01
9.973800000000017096e-01
9.974200000000015276e-01
9.975000000000013856e-01
9.974400000000015476e-01
9.975200000000012945e-01
9.975400000000013145e-01
9.974800000000012545e-01
9.975600000000014456e-01
9.976000000000014856e-01
9.975200000000012945e-01
9.976000000000014856e-01
9.976200000000013945e-01
9.976600000000014346e-01
9.976600000000012125e-01
9.977000000000013635e-01
9.976800000000013435e-01
9.977400000000011815e-01
9.976400000000013035e-01
9.978400000000011705e-01
9.977800000000012215e-01
9.978400000000010595e-01
9.978200000000012615e-01
9.978600000000015235e-01
9.978400000000010595e-01
9.979200000000013615e-01
9.978800000000010995e-01
9.979000000000013415e-01
9.979400000000013815e-01
9.978800000000009884e-01
9.979200000000010284e-01
9.979200000000012505e-01
9.979400000000011595e-01
9.980800000000008554e-01
9.980400000000011485e-01
9.980800000000010774e-01
9.981000000000012085e-01
9.980800000000012995e-01
9.980200000000012395e-01
9.980600000000010574e-01
9.980800000000010774e-01
9.981400000000012485e-01
9.981000000000010974e-01
9.981400000000010264e-01
9.982200000000008844e-01
9.982200000000008844e-01
9.981600000000010464e-01
9.982200000000006623e-01
9.982400000000010154e-01
9.982400000000011264e-01
9.983400000000007823e-01
9.982400000000009044e-01
9.982600000000010354e-01
9.983400000000008934e-01
9.984200000000007513e-01
9.983600000000008023e-01
9.983600000000009134e-01
9.984800000000007003e-01
9.984800000000010334e-01
9.984600000000007913e-01
9.986000000000008203e-01
9.985200000000009624e-01
9.985400000000008713e-01
9.986000000000008203e-01
9.985600000000008913e-01
9.986800000000009003e-01
9.985400000000008713e-01
9.986600000000007693e-01
9.986200000000009513e-01
9.987000000000004762e-01
9.986600000000007693e-01
9.987200000000009403e-01
9.987800000000007783e-01
9.987200000000006073e-01
9.988400000000006163e-01
9.987600000000006473e-01
9.987800000000006673e-01
9.988800000000006563e-01
9.988600000000006363e-01
9.989000000000007873e-01
9.988600000000006363e-01
9.989000000000007873e-01
9.989400000000007163e-01
9.988000000000009093e-01
9.988800000000007673e-01
9.989600000000005142e-01
9.989000000000006763e-01
9.989400000000003832e-01
9.989600000000007363e-01
9.989800000000006452e-01
9.990000000000004432e-01
9.989800000000006452e-01
9.990200000000005742e-01
9.990000000000006652e-01
9.990400000000004832e-01
9.991000000000005432e-01
9.990200000000005742e-01
9.991000000000003212e-01
9.990600000000003922e-01
9.991000000000005432e-01
9.991000000000005432e-01
9.991000000000005432e-01
9.990800000000004122e-01
9.991200000000005632e-01
9.991400000000005832e-01
9.990600000000005032e-01
9.991400000000005832e-01
9.991000000000004322e-01
9.991400000000005832e-01
9.991800000000006232e-01
9.992000000000005322e-01
9.991600000000004922e-01
9.991400000000005832e-01
9.992000000000005322e-01
9.991600000000006032e-01
9.992400000000004612e-01
9.992200000000004412e-01
9.991800000000005122e-01
9.992200000000005522e-01
9.992200000000004412e-01
9.992400000000004612e-01
9.992600000000004812e-01
9.992200000000004412e-01
9.992400000000004612e-01
9.992600000000004812e-01
9.992600000000004812e-01
9.992800000000003902e-01
9.992600000000004812e-01
9.993000000000005212e-01
9.993200000000004302e-01
9.993000000000004102e-01
9.993200000000004302e-01
9.993200000000005412e-01
9.993600000000003591e-01
9.993000000000004102e-01
9.993600000000003591e-01
9.992400000000002391e-01
9.994000000000002881e-01
9.993600000000004702e-01
9.993600000000003591e-01
9.993200000000004302e-01
9.994200000000004191e-01
9.993600000000003591e-01
9.994000000000002881e-01
9.994200000000005302e-01
9.993800000000003791e-01
9.994400000000003281e-01
9.994800000000003681e-01
9.994200000000003081e-01
9.994800000000003681e-01
9.994800000000002571e-01
9.994200000000004191e-01
9.994800000000004792e-01
9.994600000000002371e-01
9.994800000000002571e-01
9.994800000000002571e-01
9.995200000000001861e-01
9.995000000000003881e-01
9.994800000000003681e-01
9.995200000000002971e-01
9.994800000000003681e-01
9.995400000000003171e-01
9.995000000000003881e-01
9.995400000000003171e-01
9.995200000000002971e-01
9.995400000000003171e-01
9.995800000000002461e-01
9.995800000000001351e-01
9.995800000000002461e-01
9.995600000000002261e-01
9.996000000000002661e-01
9.995400000000003171e-01
9.995800000000001351e-01
9.996200000000003971e-01
9.996000000000003771e-01
9.995800000000002461e-01
9.996200000000002861e-01
9.996200000000002861e-01
9.995800000000002461e-01
9.995800000000002461e-01
9.996200000000003971e-01
9.996200000000002861e-01
9.996200000000002861e-01
9.996200000000002861e-01
9.996400000000003061e-01
9.996400000000001951e-01
9.996400000000003061e-01
9.996600000000003261e-01
9.996800000000003461e-01
9.996400000000001951e-01
9.996600000000001041e-01
9.996600000000001041e-01
9.996600000000002151e-01
9.996600000000002151e-01
9.996600000000002151e-01
9.996600000000002151e-01
9.996600000000002151e-01
9.996800000000001241e-01
9.996800000000000130e-01
9.996800000000001241e-01
9.996600000000003261e-01
9.996800000000003461e-01
9.996600000000003261e-01
9.996800000000001241e-01
9.996800000000003461e-01
9.996800000000000130e-01
9.996800000000003461e-01
9.996800000000001241e-01
9.996800000000003461e-01
9.997000000000001441e-01
9.997000000000002551e-01
9.996800000000001241e-01
9.996800000000003461e-01
9.997200000000002751e-01
9.996800000000003461e-01
9.996800000000003461e-01
9.997000000000001441e-01
9.997200000000001641e-01
9.997200000000002751e-01
9.997200000000001641e-01
9.996800000000003461e-01
9.997000000000002551e-01
9.996800000000001241e-01
9.997200000000001641e-01
9.997400000000001841e-01
9.997200000000000530e-01
9.997200000000002751e-01
9.997200000000001641e-01
9.997000000000002551e-01
9.997200000000001641e-01
9.997200000000002751e-01
9.997600000000002041e-01
9.997600000000000930e-01
9.997400000000001841e-01
9.997400000000001841e-01
9.997400000000001841e-01
9.997400000000000730e-01
9.997400000000001841e-01
9.997600000000000930e-01
9.997400000000001841e-01
9.997600000000002041e-01
9.997399999999999620e-01
9.997400000000001841e-01
9.997600000000002041e-01
9.997800000000001130e-01
9.997600000000002041e-01
9.997800000000001130e-01
9.997800000000002241e-01
9.997600000000002041e-01
9.997600000000000930e-01
9.997600000000000930e-01
9.997800000000002241e-01
9.997600000000002041e-01
9.997600000000002041e-01
9.997600000000002041e-01
9.997800000000001130e-01
9.997800000000001130e-01
9.997800000000001130e-01
9.997800000000002241e-01
9.997800000000002241e-01
9.997800000000002241e-01
9.997800000000001130e-01
9.997800000000002241e-01
9.997800000000001130e-01
9.997800000000002241e-01
9.997800000000002241e-01
9.997800000000001130e-01
9.997800000000002241e-01
9.997800000000002241e-01
9.997800000000002241e-01
9.997800000000002241e-01
9.997800000000002241e-01
9.997800000000002241e-01
9.998000000000000220e-01
9.997800000000002241e-01
9.997800000000001130e-01
9.997800000000001130e-01
9.997800000000002241e-01
9.997800000000002241e-01
9.997800000000001130e-01
9.997800000000002241e-01
9.997800000000002241e-01
9.997800000000002241e-01
9.998000000000000220e-01
9.998000000000000220e-01
9.998000000000000220e-01
9.998200000000000420e-01
9.998000000000001330e-01
9.998000000000001330e-01
9.998000000000000220e-01
9.998000000000001330e-01
9.998000000000001330e-01
9.998400000000001731e-01
9.998000000000000220e-01
9.998200000000001531e-01
9.998200000000001531e-01
9.998200000000001531e-01
9.998200000000000420e-01
9.998200000000000420e-01
9.998200000000000420e-01
9.998000000000001330e-01
9.998200000000001531e-01
9.998400000000000620e-01
9.998000000000000220e-01
9.998000000000001330e-01
9.998200000000001531e-01
9.998400000000001731e-01
9.998200000000001531e-01
9.998200000000001531e-01
9.998400000000001731e-01
9.998200000000001531e-01
9.998400000000001731e-01
9.998600000000000820e-01
9.998600000000000820e-01
9.998400000000001731e-01
9.998400000000001731e-01
9.998800000000001020e-01
9.998800000000001020e-01
9.998600000000000820e-01
9.998800000000001020e-01
9.999000000000001220e-01
9.998400000000001731e-01
9.998600000000000820e-01
9.998600000000000820e-01
9.999000000000001220e-01
9.998600000000000820e-01
9.999000000000001220e-01
9.998800000000001020e-01
9.999000000000001220e-01
9.999000000000001220e-01
9.999000000000001220e-01
9.998800000000001020e-01
9.998600000000000820e-01
9.999000000000001220e-01
9.999000000000001220e-01
9.999000000000001220e-01
9.999000000000001220e-01
9.999200000000000310e-01
9.999200000000000310e-01
9.999000000000001220e-01
9.999200000000000310e-01
9.999000000000001220e-01
9.999200000000000310e-01
9.999200000000000310e-01
9.999200000000000310e-01
9.999000000000001220e-01
9.999400000000000510e-01
9.999000000000001220e-01
9.999400000000000510e-01
9.999400000000000510e-01
9.999000000000001220e-01
9.999200000000000310e-01
9.999600000000000710e-01
9.999600000000000710e-01
9.999600000000000710e-01
9.999600000000000710e-01
9.999200000000000310e-01
9.999400000000000510e-01
9.999200000000000310e-01
9.999600000000000710e-01
9.999200000000000310e-01
9.999400000000000510e-01
9.999400000000000510e-01
9.999600000000000710e-01
9.999600000000000710e-01
9.999600000000000710e-01
9.999600000000000710e-01
9.999600000000000710e-01
9.999400000000000510e-01
9.999600000000000710e-01
9.999400000000000510e-01
9.999600000000000710e-01
9.999600000000000710e-01
9.999400000000000510e-01
9.999600000000000710e-01
9.999600000000000710e-01
9.999600000000000710e-01
9.999600000000000710e-01
9.999600000000000710e-01
9.999600000000000710e-01
9.999600000000000710e-01
9.999600000000000710e-01
9.999600000000000710e-01
9.999600000000000710e-01
9.999600000000000710e-01
9.999600000000000710e-01
9.999600000000000710e-01
9.999600000000000710e-01
9.999600000000000710e-01
9.999799999999999800e-01
9.999600000000000710e-01
9.999799999999999800e-01
9.999600000000000710e-01
9.999600000000000710e-01
9.999799999999999800e-01
9.999600000000000710e-01
9.999600000000000710e-01
9.999799999999999800e-01
9.999600000000000710e-01
9.999600000000000710e-01
9.999799999999999800e-01
9.999799999999999800e-01
9.999799999999999800e-01
9.999799999999999800e-01
9.999799999999999800e-01
9.999799999999999800e-01
9.999799999999999800e-01
9.999799999999999800e-01
9.999799999999999800e-01
9.999600000000000710e-01
9.999799999999999800e-01
9.999799999999999800e-01
9.999799999999999800e-01
9.999799999999999800e-01
9.999799999999999800e-01
9.999799999999999800e-01
9.999799999999999800e-01
9.999799999999999800e-01
9.999799999999999800e-01
9.999799999999999800e-01
9.999799999999999800e-01
9.999799999999999800e-01
9.999799999999999800e-01
9.999799999999999800e-01
9.999799999999999800e-01
9.999799999999999800e-01
9.999799999999999800e-01
9.999799999999999800e-01
9.999799999999999800e-01
9.999799999999999800e-01
9.999799999999999800e-01
9.999799999999999800e-01
9.999799999999999800e-01
9.999799999999999800e-01
9.999799999999999800e-01
9.999799999999999800e-01
9.999799999999999800e-01
9.999799999999999800e-01
9.999799999999999800e-01
9.999799999999999800e-01
9.999799999999999800e-01
9.999799999999999800e-01
9.999799999999999800e-01
9.999799999999999800e-01
9.999799999999999800e-01
9.999799999999999800e-01
9.999799999999999800e-01
9.999799999999999800e-01
9.999799999999999800e-01
9.999799999999999800e-01
9.999799999999999800e-01
9.999799999999999800e-01
9.999799999999999800e-01
9.999799999999999800e-01
9.999799999999999800e-01
9.999799999999999800e-01
9.999799999999999800e-01
9.999799999999999800e-01
9.999799999999999800e-01
9.999799999999999800e-01
9.999799999999999800e-01
9.999799999999999800e-01
9.999799999999999800e-01
9.999799999999999800e-01
9.999799999999999800e-01
9.999799999999999800e-01
9.999799999999999800e-01
9.999799999999999800e-01
9.999799999999999800e-01
9.999799999999999800e-01
9.999799999999999800e-01
9.999799999999999800e-01
9.999799999999999800e-01
9.999799999999999800e-01
9.999799999999999800e-01
9.999799999999999800e-01
9.999799999999999800e-01
9.999799999999999800e-01
9.999799999999999800e-01
9.999799999999999800e-01
9.999799999999999800e-01
9.999799999999999800e-01
9.999799999999999800e-01
9.999799999999999800e-01
9.999799999999999800e-01
9.999799999999999800e-01
9.999799999999999800e-01
9.999799999999999800e-01
9.999799999999999800e-01
9.999799999999999800e-01
9.999799999999999800e-01
9.999799999999999800e-01
9.999799999999999800e-01
9.999799999999999800e-01
9.999799999999999800e-01
9.999799999999999800e-01
9.999799999999999800e-01
9.999799999999999800e-01
9.999799999999999800e-01
9.999799999999999800e-01
9.999799999999999800e-01
9.999799999999999800e-01
9.999799999999999800e-01
9.999799999999999800e-01
9.999799999999999800e-01
9.999799999999999800e-01
9.999799999999999800e-01
9.999799999999999800e-01
9.999799999999999800e-01
9.999799999999999800e-01
9.999799999999999800e-01
9.999799999999999800e-01
9.999799999999999800e-01
9.999799999999999800e-01
9.999799999999999800e-01
9.999799999999999800e-01
9.999799999999999800e-01
9.999799999999999800e-01
9.999799999999999800e-01
9.999799999999999800e-01
9.999799999999999800e-01
9.999799999999999800e-01
9.999799999999999800e-01
9.999799999999999800e-01
9.999799999999999800e-01
9.999799999999999800e-01
9.999799999999999800e-01
9.999799999999999800e-01
9.999799999999999800e-01
9.999799999999999800e-01
9.999799999999999800e-01
9.999799999999999800e-01
9.999799999999999800e-01
9.999799999999999800e-01
9.999799999999999800e-01
9.999799999999999800e-01
9.999799999999999800e-01
9.999799999999999800e-01
9.999799999999999800e-01
9.999799999999999800e-01
9.999799999999999800e-01
1.000000000000000000e+00
9.999799999999999800e-01
9.999799999999999800e-01
9.999799999999999800e-01
9.999799999999999800e-01
9.999799999999999800e-01
9.999799999999999800e-01
9.999799999999999800e-01
1.000000000000000000e+00
9.999799999999999800e-01
9.999799999999999800e-01
1.000000000000000000e+00
9.999799999999999800e-01
1.000000000000000000e+00
9.999799999999999800e-01
1.000000000000000000e+00
1.000000000000000000e+00
1.000000000000000000e+00
1.000000000000000000e+00
1.000000000000000000e+00
9.999799999999999800e-01
9.999799999999999800e-01
1.000000000000000000e+00
1.000000000000000000e+00
9.999799999999999800e-01
1.000000000000000000e+00
1.000000000000000000e+00
1.000000000000000000e+00
1.000000000000000000e+00
1.000000000000000000e+00
1.000000000000000000e+00
1.000000000000000000e+00
1.000000000000000000e+00
1.000000000000000000e+00
1.000000000000000000e+00
1.000000000000000000e+00
1.000000000000000000e+00
1.000000000000000000e+00
1.000000000000000000e+00
1.000000000000000000e+00
1.000000000000000000e+00
1.000000000000000000e+00
1.000000000000000000e+00
1.000000000000000000e+00
1.000000000000000000e+00
1.000000000000000000e+00
1.000000000000000000e+00
1.000000000000000000e+00
1.000000000000000000e+00
1.000000000000000000e+00
1.000000000000000000e+00
1.000000000000000000e+00
1.000000000000000000e+00
1.000000000000000000e+00
1.000000000000000000e+00
1.000000000000000000e+00
1.000000000000000000e+00
1.000000000000000000e+00
1.000000000000000000e+00
1.000000000000000000e+00
1.000000000000000000e+00
1.000000000000000000e+00
1.000000000000000000e+00
1.000000000000000000e+00
1.000000000000000000e+00
1.000000000000000000e+00
1.000000000000000000e+00
1.000000000000000000e+00
1.000000000000000000e+00
1.000000000000000000e+00
1.000000000000000000e+00
1.000000000000000000e+00
1.000000000000000000e+00
1.000000000000000000e+00
1.000000000000000000e+00
1.000000000000000000e+00
1.000000000000000000e+00
1.000000000000000000e+00
1.000000000000000000e+00
1.000000000000000000e+00
1.000000000000000000e+00
1.000000000000000000e+00
1.000000000000000000e+00
1.000000000000000000e+00
1.000000000000000000e+00
1.000000000000000000e+00
1.000000000000000000e+00
1.000000000000000000e+00
1.000000000000000000e+00
1.000000000000000000e+00
1.000000000000000000e+00
1.000000000000000000e+00
1.000000000000000000e+00
1.000000000000000000e+00
1.000000000000000000e+00
1.000000000000000000e+00
1.000000000000000000e+00
1.000000000000000000e+00
1.000000000000000000e+00
1.000000000000000000e+00
1.000000000000000000e+00
1.000000000000000000e+00
1.000000000000000000e+00
1.000000000000000000e+00
1.000000000000000000e+00
1.000000000000000000e+00
1.000000000000000000e+00
1.000000000000000000e+00
1.000000000000000000e+00
1.000000000000000000e+00
1.000000000000000000e+00
1.000000000000000000e+00
1.000000000000000000e+00
1.000000000000000000e+00
1.000000000000000000e+00
1.000000000000000000e+00
1.000000000000000000e+00
1.000000000000000000e+00
1.000000000000000000e+00
1.000000000000000000e+00
1.000000000000000000e+00
1.000000000000000000e+00
1.000000000000000000e+00
1.000000000000000000e+00
1.000000000000000000e+00
1.000000000000000000e+00
1.000000000000000000e+00
1.000000000000000000e+00
1.000000000000000000e+00
1.000000000000000000e+00
1.000000000000000000e+00
1.000000000000000000e+00
1.000000000000000000e+00
1.000000000000000000e+00
1.000000000000000000e+00
1.000000000000000000e+00
1.000000000000000000e+00
1.000000000000000000e+00
1.000000000000000000e+00
1.000000000000000000e+00
1.000000000000000000e+00
1.000000000000000000e+00
1.000000000000000000e+00
1.000000000000000000e+00
1.000000000000000000e+00
1.000000000000000000e+00
1.000000000000000000e+00
1.000000000000000000e+00
1.000000000000000000e+00
1.000000000000000000e+00
1.000000000000000000e+00
1.000000000000000000e+00
1.000000000000000000e+00
1.000000000000000000e+00
1.000000000000000000e+00
1.000000000000000000e+00
1.000000000000000000e+00
1.000000000000000000e+00
1.000000000000000000e+00
1.000000000000000000e+00
1.000000000000000000e+00
1.000000000000000000e+00
1.000000000000000000e+00
1.000000000000000000e+00
1.000000000000000000e+00
1.000000000000000000e+00
1.000000000000000000e+00
1.000000000000000000e+00
1.000000000000000000e+00
1.000000000000000000e+00
1.000000000000000000e+00
1.000000000000000000e+00
1.000000000000000000e+00
1.000000000000000000e+00
1.000000000000000000e+00
1.000000000000000000e+00
1.000000000000000000e+00
1.000000000000000000e+00
1.000000000000000000e+00
1.000000000000000000e+00
1.000000000000000000e+00
1.000000000000000000e+00
1.000000000000000000e+00
1.000000000000000000e+00
1.000000000000000000e+00
1.000000000000000000e+00
1.000000000000000000e+00
1.000000000000000000e+00
1.000000000000000000e+00
1.000000000000000000e+00
1.000000000000000000e+00
1.000000000000000000e+00
1.000000000000000000e+00
1.000000000000000000e+00
1.000000000000000000e+00
1.000000000000000000e+00
1.000000000000000000e+00
1.000000000000000000e+00
1.000000000000000000e+00
1.000000000000000000e+00
1.000000000000000000e+00
