7.773199981003999781e-01
8.794199988842010818e-01
8.944000006914138989e-01
9.032800008058547991e-01
9.090800008773803897e-01
9.137200013399123799e-01
9.181600016355514482e-01
9.213000015020370581e-01
9.245600017309189012e-01
9.264600024223327290e-01
9.292000018358230751e-01
9.316400008201599636e-01
9.335200006961822394e-01
9.351400016546249638e-01
9.370400004386901793e-01
9.384400024414062402e-01
9.402599998712539708e-01
9.417000011205672871e-01
9.434600020647049279e-01
9.443600018024445042e-01
9.454000017642975040e-01
9.473200024366378313e-01
9.479000014066696345e-01
9.494800014495849982e-01
9.504400035142898107e-01
9.508800020217895721e-01
9.521000032424926651e-01
9.530000016689300635e-01
9.539200028181076263e-01
9.547800016403198420e-01
9.559600032567977523e-01
9.565000025033950637e-01
9.573000020980835245e-01
9.585600020885467476e-01
9.589600028991699388e-01
9.602000033855437877e-01
9.605800031423569196e-01
9.615200040340423637e-01
9.626800047159195239e-01
9.629400062561035423e-01
9.637000042200088989e-01
9.646600052118301516e-01
9.652800062894820732e-01
9.656600066423416395e-01
9.660600068569182852e-01
9.671400066614150859e-01
9.676400065422058328e-01
9.680800050497054832e-01
9.682400078773498731e-01
9.689400063753128567e-01
9.694200074672698619e-01
9.699600063562393570e-01
9.704400082826614149e-01
9.707800073623656933e-01
9.712600075006484479e-01
9.716800085306167567e-01
9.720400075912475346e-01
9.724000086784362340e-01
9.728200082778930557e-01
9.737400096654892367e-01
9.738200094699859255e-01
9.742800083160400026e-01
9.748800101280212793e-01
9.748000093698501178e-01
9.752200092077255578e-01
9.755600091218948888e-01
9.757600082159042509e-01
9.762200107574462438e-01
9.762800099849701096e-01
9.766600112915039267e-01
9.770200103521347046e-01
9.774600104093551511e-01
9.773800106048583514e-01
9.778400099277496649e-01
9.781200095415115703e-01
9.783000100851059200e-01
9.787400107383728010e-01
9.787400104999541828e-01
9.792200101613998120e-01
9.794200098514557196e-01
9.796200110912323122e-01
9.797200106382369933e-01
9.801000099182128888e-01
9.804800115823745221e-01
9.806600112915039302e-01
9.809000109434127257e-01
9.809400113821029610e-01
9.815000097751617192e-01
9.816000111103058146e-01
9.816200106143951887e-01
9.824800105094909641e-01
9.825200110673903975e-01
9.827600116729736657e-01
9.830600116252898868e-01
9.827600113153457384e-01
9.832600113153457944e-01
9.833200114965439109e-01
9.838000100851058694e-01
9.836600097417831368e-01
9.838800107240677217e-01
9.840800105333328274e-01
9.842000101804733170e-01
9.844200109243392838e-01
9.845200107097625830e-01
9.849800108671188381e-01
9.850400109291076456e-01
9.854400103092193497e-01
9.854000105857848579e-01
9.856000092029572057e-01
9.857400096654892474e-01
9.857800108194351152e-01
9.858600101470946786e-01
9.859400106668472219e-01
9.862600100040436191e-01
9.860400106906891393e-01
9.865200104713439666e-01
9.866000105142593846e-01
9.868800094127655465e-01
9.867400101423263736e-01
9.870200097560882790e-01
9.870800091028213430e-01
9.871600099802017025e-01
9.875800093412399061e-01
9.874600099325180347e-01
9.879200093746185463e-01
9.879600096940994725e-01
9.877800102233886825e-01
9.881400097608565858e-01
9.882800097465515021e-01
9.882200092077255693e-01
9.884200100898742347e-01
9.886000095605850246e-01
9.887800084352493801e-01
9.888200087547301953e-01
9.887000094652176330e-01
9.892400094270705768e-01
9.892800093889236868e-01
9.894400085210800500e-01
9.893800082206726243e-01
9.894600085020065494e-01
9.895200080871582315e-01
9.896800092458725162e-01
9.898400087356566956e-01
9.899200083017348772e-01
9.900800081491469840e-01
9.902000080347060917e-01
9.901800086498260267e-01
9.903000079393387001e-01
9.902400083541870179e-01
9.904000084400177428e-01
9.906600080728530378e-01
9.906600079536438397e-01
9.907000080347061477e-01
9.907000076770782204e-01
9.910800076723098595e-01
9.910000076293945526e-01
9.911400083303451014e-01
9.912200078964233940e-01
9.914400078058243082e-01
9.915600070953368705e-01
9.913800076246261916e-01
9.914800074100494909e-01
9.915000072717666812e-01
9.918600070476532027e-01
9.918800071477890112e-01
9.918200070858002038e-01
9.919200072288513192e-01
9.921200072765350431e-01
9.921400071382522334e-01
9.923400067090988319e-01
9.924600070714950650e-01
9.925800065994262456e-01
9.924600069522857559e-01
9.926200069189071717e-01
9.927200062274932346e-01
9.927200065851211619e-01
9.929400064945220761e-01
9.930400059223175591e-01
9.929000059366226427e-01
9.931800062656402917e-01
9.931400064229964908e-01
9.934400060176848957e-01
9.933600060939788978e-01
9.933800058364867791e-01
9.935800058841705029e-01
9.936400054693221850e-01
9.937200059890747283e-01
9.937200058698654193e-01
9.938000056743622190e-01
9.938600053787230992e-01
9.941000052690506239e-01
9.941400054693222410e-01
9.939400055408478263e-01
9.943400050401687285e-01
9.942800053358078483e-01
9.943600052595138461e-01
9.944400049448013368e-01
9.943800052404403456e-01
9.944800052642822630e-01
9.945000052452087624e-01
9.944800051450729539e-01
9.945400050878524523e-01
9.947800048589706678e-01
9.946800048351287504e-01
9.949000048637389737e-01
9.948800046443939671e-01
9.950000046491622729e-01
9.951400046348571893e-01
9.950200046300887724e-01
9.952000045776366877e-01
9.951400043964385711e-01
9.952800043821334874e-01
9.953200044631957955e-01
9.954400043487549032e-01
9.954000043869019043e-01
9.953400044441222949e-01
9.955800042152405105e-01
9.955600042343140110e-01
9.956400041580200089e-01
9.956000040769577009e-01
9.955800042152405105e-01
9.956800041198730078e-01
9.958400039672851145e-01
9.957000041007995073e-01
9.958800039291382244e-01
9.959200038909912234e-01
9.959200037717819143e-01
9.960000035762787141e-01
9.959600037336349132e-01
9.961800036430359384e-01
9.961600036621093279e-01
9.963400034904480451e-01
9.963200035095214346e-01
9.962800035476684357e-01
9.964600033760070419e-01
9.963600034713745446e-01
9.965000033378601518e-01
9.965600032806396502e-01
9.966200031042099505e-01
9.966000032424926491e-01
9.966000032424926491e-01
9.967600030899047558e-01
9.967400031089782564e-01
9.968400030136108647e-01
9.968000030517578658e-01
9.967600030899047558e-01
9.968600029945373642e-01
9.967800030708312553e-01
9.969200029373168626e-01
9.970400028228759703e-01
9.971000027656554687e-01
9.968800029754638636e-01
9.970400028228759703e-01
9.970200028419494709e-01
9.971400027275085787e-01
9.971400027275085787e-01
9.971600027084350781e-01
9.972400026321410760e-01
9.972200026512145765e-01
9.973000025749206854e-01
9.973800024986266832e-01
9.973200025558471848e-01
9.973000025749206854e-01
9.974000024795531827e-01
9.973800024986266832e-01
9.973800024986266832e-01
9.974200024604796821e-01
9.975200023651122905e-01
9.976200021505355897e-01
9.975400023460387899e-01
9.976200022697448988e-01
9.976400021314620892e-01
9.976800022125243972e-01
9.976200022697448988e-01
9.976600022315978977e-01
9.977600021362305061e-01
9.977000021934508966e-01
9.977800021171570055e-01
9.978200020790100044e-01
9.978600020408630034e-01
9.978200020790100044e-01
9.979000020027161133e-01
9.978800020217895028e-01
9.979600019454956117e-01
9.980600018501282200e-01
9.979800019264221111e-01
9.979400019645691122e-01
9.981000018119812189e-01
9.980600018501282200e-01
9.980400018692016095e-01
9.980600018501282200e-01
9.980800018310547195e-01
9.981200017929077184e-01
9.982200016975403267e-01
9.982400015592575171e-01
9.982600016593933256e-01
9.982600016593933256e-01
9.983200016021728240e-01
9.983800015449524334e-01
9.983400015830993235e-01
9.983800015449524334e-01
9.983200016021728240e-01
9.984200015068054324e-01
9.984200015068054324e-01
9.984200015068054324e-01
9.984000015258789329e-01
9.984600014686584313e-01
9.985400013923645401e-01
9.984400014877319318e-01
9.985600013732910396e-01
9.985600013732910396e-01
9.985400013923645401e-01
9.985800013542175391e-01
9.984800014495849307e-01
9.985600013732910396e-01
9.986400012969970374e-01
9.985600013732910396e-01
9.986200013160705380e-01
9.986000013351440385e-01
9.986800012588501474e-01
9.987000012397766469e-01
9.987600011825561452e-01
9.987200012207031463e-01
9.987200012207031463e-01
9.987200012207031463e-01
9.987200012207031463e-01
9.987200012207031463e-01
9.987000011205673378e-01
9.987800011634826447e-01
9.987400012016296458e-01
9.988200011253356436e-01
9.988000011444091442e-01
9.988000011444091442e-01
9.988600010871887536e-01
9.988600010871887536e-01
9.988200011253356436e-01
9.988400011062622541e-01
9.988800010681152530e-01
9.988600010871887536e-01
9.988600010871887536e-01
9.988800010681152530e-01
9.989000010490417525e-01
9.989000010490417525e-01
9.989000010490417525e-01
9.988600010871887536e-01
9.989400010108947514e-01
9.989400010108947514e-01
9.989400010108947514e-01
9.989200010299682519e-01
9.989800009727477503e-01
9.989800009727477503e-01
9.989200010299682519e-01
9.989400010108947514e-01
9.990200009346008603e-01
9.989800009727477503e-01
9.989600009918212509e-01
9.990400009155273597e-01
9.990200009346008603e-01
9.990800008773803587e-01
9.990200009346008603e-01
9.990400009155273597e-01
9.991200008392333576e-01
9.990600008964538592e-01
9.990400009155273597e-01
9.991400008201598570e-01
9.991400008201598570e-01
9.991200008392333576e-01
9.991000008583068581e-01
9.991600008010864675e-01
9.991600008010864675e-01
9.991200008392333576e-01
9.991200008392333576e-01
9.991600008010864675e-01
9.992000007629394664e-01
9.991800007820129670e-01
9.991600008010864675e-01
9.992000007629394664e-01
9.991800007820129670e-01
9.992000007629394664e-01
9.992200007438659659e-01
9.992400007247924654e-01
9.992000007629394664e-01
9.992600007057189648e-01
9.992800006866454643e-01
9.992800006866454643e-01
9.992200007438659659e-01
9.992800006866454643e-01
9.992400007247924654e-01
9.992400007247924654e-01
9.992800006866454643e-01
9.992400007247924654e-01
9.992600007057189648e-01
9.992600007057189648e-01
9.992800006866454643e-01
9.993000006675720748e-01
9.993200006484985742e-01
9.993400006294250737e-01
9.993400006294250737e-01
9.993200006484985742e-01
9.993400006294250737e-01
9.993200006484985742e-01
9.993400006294250737e-01
9.993600006103515732e-01
9.993600006103515732e-01
9.993600006103515732e-01
9.993400006294250737e-01
9.993800005912780726e-01
9.993600006103515732e-01
9.993800005912780726e-01
9.994000005722045721e-01
9.994000005722045721e-01
9.993800005912780726e-01
9.993600006103515732e-01
9.994000005722045721e-01
9.994200005531310715e-01
9.994000005722045721e-01
9.994200005531310715e-01
9.993800005912780726e-01
9.994000005722045721e-01
9.994000005722045721e-01
9.994400005340575710e-01
9.993800005912780726e-01
9.994000005722045721e-01
9.994000005722045721e-01
9.994400005340575710e-01
9.994200005531310715e-01
9.994200005531310715e-01
9.994000005722045721e-01
9.994400005340575710e-01
9.994400005340575710e-01
9.994400005340575710e-01
9.994200005531310715e-01
9.994200005531310715e-01
9.994600005149841815e-01
9.995000004768371804e-01
9.994800004959106809e-01
9.994800004959106809e-01
9.994400005340575710e-01
9.995400004386901793e-01
9.995000004768371804e-01
9.994600005149841815e-01
9.994800004959106809e-01
9.995000004768371804e-01
9.995000004768371804e-01
9.995200004577636799e-01
9.994600005149841815e-01
9.995200004577636799e-01
9.995400004386901793e-01
9.995200004577636799e-01
9.995200004577636799e-01
9.995600004196166788e-01
9.995600004196166788e-01
9.995200004577636799e-01
9.995600004196166788e-01
9.996400003433227877e-01
9.995800004005431783e-01
9.996000003814696777e-01
9.995600004196166788e-01
9.996000003814696777e-01
9.995800004005431783e-01
9.995800004005431783e-01
9.996200003623962882e-01
9.996800003051757866e-01
9.996400003433227877e-01
9.996000003814696777e-01
9.996200003623962882e-01
9.996200003623962882e-01
9.996600003242492871e-01
9.995800004005431783e-01
9.996200003623962882e-01
9.996400003433227877e-01
9.996200003623962882e-01
9.996400003433227877e-01
9.996600003242492871e-01
9.996800003051757866e-01
9.996400003433227877e-01
9.996800003051757866e-01
9.997200002670287855e-01
9.996600003242492871e-01
9.997000002861022860e-01
9.996800003051757866e-01
9.997200002670287855e-01
9.997000002861022860e-01
9.997400002479552850e-01
9.996600003242492871e-01
9.996400003433227877e-01
9.997200002670287855e-01
9.997000002861022860e-01
9.997000002861022860e-01
9.997400002479552850e-01
9.997400002479552850e-01
9.997200002670287855e-01
9.997400002479552850e-01
9.997200002670287855e-01
9.997200002670287855e-01
9.997200002670287855e-01
9.997600002288817844e-01
9.997400002479552850e-01
9.997600002288817844e-01
9.997400002479552850e-01
9.997600002288817844e-01
9.997200002670287855e-01
9.997400002479552850e-01
9.997600002288817844e-01
9.998000001907348944e-01
9.997200002670287855e-01
9.997800002098083949e-01
9.997800002098083949e-01
9.997400002479552850e-01
9.997800002098083949e-01
9.997400002479552850e-01
9.998000001907348944e-01
9.997600002288817844e-01
9.997600002288817844e-01
9.998200001716613938e-01
9.998000001907348944e-01
9.998000001907348944e-01
9.998000001907348944e-01
9.998000001907348944e-01
9.998200001716613938e-01
9.998200001716613938e-01
9.998200001716613938e-01
9.998000001907348944e-01
9.998000001907348944e-01
9.998200001716613938e-01
9.998200001716613938e-01
9.998400001525878933e-01
9.998000001907348944e-01
9.998200001716613938e-01
9.998200001716613938e-01
9.998200001716613938e-01
9.998200001716613938e-01
9.998000001907348944e-01
9.998200001716613938e-01
9.998400001525878933e-01
9.998400001525878933e-01
9.998600001335143928e-01
9.998200001716613938e-01
9.998200001716613938e-01
9.998200001716613938e-01
9.998400001525878933e-01
9.998400001525878933e-01
9.998400001525878933e-01
9.998400001525878933e-01
9.998800001144408922e-01
9.998600001335143928e-01
9.998400001525878933e-01
9.998600001335143928e-01
9.998600001335143928e-01
9.998400001525878933e-01
9.998400001525878933e-01
9.998800001144408922e-01
9.998600001335143928e-01
9.998400001525878933e-01
9.998600001335143928e-01
9.998600001335143928e-01
9.998800001144408922e-01
9.998600001335143928e-01
9.998600001335143928e-01
9.998800001144408922e-01
9.999000000953673917e-01
9.998800001144408922e-01
9.998600001335143928e-01
9.998800001144408922e-01
9.998800001144408922e-01
9.998600001335143928e-01
9.999000000953673917e-01
9.999200000762938911e-01
9.999000000953673917e-01
9.998600001335143928e-01
9.998800001144408922e-01
9.999000000953673917e-01
9.999000000953673917e-01
9.999200000762938911e-01
9.999000000953673917e-01
9.999200000762938911e-01
9.999200000762938911e-01
9.999200000762938911e-01
9.998800001144408922e-01
9.999000000953673917e-01
9.999200000762938911e-01
9.999000000953673917e-01
9.999000000953673917e-01
9.999000000953673917e-01
9.999200000762938911e-01
9.998800001144408922e-01
9.999200000762938911e-01
9.999200000762938911e-01
9.998800001144408922e-01
9.999000000953673917e-01
9.999200000762938911e-01
9.999200000762938911e-01
9.999200000762938911e-01
9.999200000762938911e-01
9.999200000762938911e-01
9.999200000762938911e-01
9.999200000762938911e-01
9.999200000762938911e-01
9.999200000762938911e-01
9.999200000762938911e-01
9.999200000762938911e-01
9.999200000762938911e-01
9.999400000572205016e-01
9.999400000572205016e-01
9.999200000762938911e-01
9.999400000572205016e-01
9.999200000762938911e-01
9.999200000762938911e-01
9.999400000572205016e-01
9.999200000762938911e-01
9.999400000572205016e-01
9.999200000762938911e-01
9.999400000572205016e-01
9.999400000572205016e-01
9.999200000762938911e-01
9.999400000572205016e-01
9.999400000572205016e-01
9.999400000572205016e-01
9.999400000572205016e-01
9.999400000572205016e-01
9.999400000572205016e-01
9.999400000572205016e-01
9.999400000572205016e-01
9.999400000572205016e-01
9.999400000572205016e-01
9.999400000572205016e-01
9.999400000572205016e-01
9.999400000572205016e-01
9.999600000381470011e-01
9.999400000572205016e-01
9.999400000572205016e-01
9.999400000572205016e-01
9.999400000572205016e-01
9.999400000572205016e-01
9.999400000572205016e-01
9.999400000572205016e-01
9.999400000572205016e-01
9.999400000572205016e-01
9.999600000381470011e-01
9.999600000381470011e-01
9.999600000381470011e-01
9.999400000572205016e-01
9.999800000190735005e-01
9.999600000381470011e-01
9.999400000572205016e-01
9.999600000381470011e-01
9.999600000381470011e-01
9.999400000572205016e-01
9.999600000381470011e-01
9.999600000381470011e-01
9.999600000381470011e-01
9.999400000572205016e-01
9.999400000572205016e-01
9.999600000381470011e-01
9.999600000381470011e-01
9.999800000190735005e-01
9.999600000381470011e-01
9.999800000190735005e-01
9.999600000381470011e-01
9.999800000190735005e-01
9.999800000190735005e-01
9.999800000190735005e-01
9.999600000381470011e-01
9.999600000381470011e-01
9.999600000381470011e-01
9.999800000190735005e-01
9.999600000381470011e-01
9.999800000190735005e-01
9.999800000190735005e-01
9.999800000190735005e-01
9.999800000190735005e-01
9.999800000190735005e-01
9.999800000190735005e-01
9.999800000190735005e-01
9.999800000190735005e-01
9.999800000190735005e-01
9.999800000190735005e-01
9.999800000190735005e-01
9.999600000381470011e-01
9.999800000190735005e-01
9.999800000190735005e-01
9.999800000190735005e-01
9.999800000190735005e-01
9.999800000190735005e-01
9.999800000190735005e-01
9.999800000190735005e-01
9.999800000190735005e-01
9.999800000190735005e-01
9.999800000190735005e-01
9.999800000190735005e-01
9.999800000190735005e-01
9.999800000190735005e-01
9.999800000190735005e-01
9.999800000190735005e-01
9.999800000190735005e-01
9.999800000190735005e-01
9.999800000190735005e-01
9.999800000190735005e-01
9.999800000190735005e-01
9.999800000190735005e-01
9.999800000190735005e-01
9.999800000190735005e-01
9.999800000190735005e-01
9.999800000190735005e-01
9.999800000190735005e-01
9.999800000190735005e-01
9.999800000190735005e-01
9.999800000190735005e-01
9.999800000190735005e-01
9.999800000190735005e-01
9.999800000190735005e-01
9.999800000190735005e-01
9.999800000190735005e-01
9.999800000190735005e-01
9.999800000190735005e-01
9.999800000190735005e-01
9.999800000190735005e-01
9.999800000190735005e-01
9.999800000190735005e-01
9.999800000190735005e-01
9.999800000190735005e-01
9.999800000190735005e-01
9.999800000190735005e-01
9.999800000190735005e-01
9.999800000190735005e-01
9.999800000190735005e-01
9.999800000190735005e-01
9.999800000190735005e-01
9.999800000190735005e-01
9.999800000190735005e-01
9.999800000190735005e-01
9.999800000190735005e-01
9.999800000190735005e-01
9.999800000190735005e-01
9.999800000190735005e-01
9.999800000190735005e-01
9.999800000190735005e-01
9.999800000190735005e-01
9.999800000190735005e-01
9.999800000190735005e-01
9.999800000190735005e-01
9.999800000190735005e-01
9.999800000190735005e-01
9.999800000190735005e-01
9.999800000190735005e-01
9.999800000190735005e-01
9.999800000190735005e-01
9.999800000190735005e-01
9.999800000190735005e-01
9.999800000190735005e-01
9.999800000190735005e-01
9.999800000190735005e-01
9.999800000190735005e-01
9.999800000190735005e-01
9.999800000190735005e-01
9.999800000190735005e-01
9.999800000190735005e-01
9.999800000190735005e-01
9.999800000190735005e-01
9.999800000190735005e-01
9.999800000190735005e-01
9.999800000190735005e-01
9.999800000190735005e-01
9.999800000190735005e-01
9.999800000190735005e-01
9.999800000190735005e-01
9.999800000190735005e-01
9.999800000190735005e-01
9.999800000190735005e-01
9.999800000190735005e-01
9.999800000190735005e-01
9.999800000190735005e-01
9.999800000190735005e-01
9.999800000190735005e-01
9.999800000190735005e-01
9.999800000190735005e-01
9.999800000190735005e-01
9.999800000190735005e-01
9.999800000190735005e-01
9.999800000190735005e-01
9.999800000190735005e-01
9.999800000190735005e-01
9.999800000190735005e-01
9.999800000190735005e-01
9.999800000190735005e-01
9.999800000190735005e-01
9.999800000190735005e-01
9.999800000190735005e-01
9.999800000190735005e-01
9.999800000190735005e-01
9.999800000190735005e-01
9.999800000190735005e-01
9.999800000190735005e-01
9.999800000190735005e-01
9.999800000190735005e-01
9.999800000190735005e-01
9.999800000190735005e-01
9.999800000190735005e-01
9.999800000190735005e-01
9.999800000190735005e-01
9.999800000190735005e-01
9.999800000190735005e-01
9.999800000190735005e-01
9.999800000190735005e-01
9.999800000190735005e-01
9.999800000190735005e-01
9.999800000190735005e-01
9.999800000190735005e-01
9.999800000190735005e-01
9.999800000190735005e-01
9.999800000190735005e-01
9.999800000190735005e-01
9.999800000190735005e-01
9.999800000190735005e-01
9.999800000190735005e-01
9.999800000190735005e-01
9.999800000190735005e-01
9.999800000190735005e-01
9.999800000190735005e-01
9.999800000190735005e-01
9.999800000190735005e-01
9.999800000190735005e-01
9.999800000190735005e-01
9.999800000190735005e-01
9.999800000190735005e-01
9.999800000190735005e-01
9.999800000190735005e-01
9.999800000190735005e-01
9.999800000190735005e-01
9.999800000190735005e-01
9.999800000190735005e-01
9.999800000190735005e-01
9.999800000190735005e-01
9.999800000190735005e-01
9.999800000190735005e-01
9.999800000190735005e-01
1.000000000000000000e+00
9.999800000190735005e-01
9.999800000190735005e-01
1.000000000000000000e+00
9.999800000190735005e-01
9.999800000190735005e-01
9.999800000190735005e-01
9.999800000190735005e-01
9.999800000190735005e-01
9.999800000190735005e-01
1.000000000000000000e+00
1.000000000000000000e+00
9.999800000190735005e-01
9.999800000190735005e-01
9.999800000190735005e-01
1.000000000000000000e+00
1.000000000000000000e+00
9.999800000190735005e-01
9.999800000190735005e-01
1.000000000000000000e+00
1.000000000000000000e+00
9.999800000190735005e-01
1.000000000000000000e+00
1.000000000000000000e+00
1.000000000000000000e+00
1.000000000000000000e+00
1.000000000000000000e+00
9.999800000190735005e-01
1.000000000000000000e+00
1.000000000000000000e+00
1.000000000000000000e+00
1.000000000000000000e+00
1.000000000000000000e+00
1.000000000000000000e+00
9.999800000190735005e-01
1.000000000000000000e+00
1.000000000000000000e+00
1.000000000000000000e+00
1.000000000000000000e+00
1.000000000000000000e+00
1.000000000000000000e+00
1.000000000000000000e+00
1.000000000000000000e+00
1.000000000000000000e+00
1.000000000000000000e+00
1.000000000000000000e+00
1.000000000000000000e+00
1.000000000000000000e+00
1.000000000000000000e+00
1.000000000000000000e+00
1.000000000000000000e+00
1.000000000000000000e+00
1.000000000000000000e+00
1.000000000000000000e+00
1.000000000000000000e+00
1.000000000000000000e+00
1.000000000000000000e+00
1.000000000000000000e+00
1.000000000000000000e+00
1.000000000000000000e+00
1.000000000000000000e+00
1.000000000000000000e+00
1.000000000000000000e+00
1.000000000000000000e+00
1.000000000000000000e+00
1.000000000000000000e+00
1.000000000000000000e+00
1.000000000000000000e+00
1.000000000000000000e+00
1.000000000000000000e+00
1.000000000000000000e+00
1.000000000000000000e+00
1.000000000000000000e+00
1.000000000000000000e+00
1.000000000000000000e+00
1.000000000000000000e+00
1.000000000000000000e+00
1.000000000000000000e+00
1.000000000000000000e+00
1.000000000000000000e+00
1.000000000000000000e+00
1.000000000000000000e+00
1.000000000000000000e+00
1.000000000000000000e+00
1.000000000000000000e+00
1.000000000000000000e+00
1.000000000000000000e+00
1.000000000000000000e+00
1.000000000000000000e+00
1.000000000000000000e+00
1.000000000000000000e+00
1.000000000000000000e+00
1.000000000000000000e+00
1.000000000000000000e+00
1.000000000000000000e+00
1.000000000000000000e+00
1.000000000000000000e+00
1.000000000000000000e+00
1.000000000000000000e+00
1.000000000000000000e+00
1.000000000000000000e+00
1.000000000000000000e+00
1.000000000000000000e+00
1.000000000000000000e+00
1.000000000000000000e+00
1.000000000000000000e+00
1.000000000000000000e+00
1.000000000000000000e+00
1.000000000000000000e+00
1.000000000000000000e+00
1.000000000000000000e+00
1.000000000000000000e+00
1.000000000000000000e+00
1.000000000000000000e+00
1.000000000000000000e+00
1.000000000000000000e+00
1.000000000000000000e+00
1.000000000000000000e+00
1.000000000000000000e+00
1.000000000000000000e+00
1.000000000000000000e+00
1.000000000000000000e+00
1.000000000000000000e+00
1.000000000000000000e+00
1.000000000000000000e+00
1.000000000000000000e+00
1.000000000000000000e+00
1.000000000000000000e+00
1.000000000000000000e+00
1.000000000000000000e+00
1.000000000000000000e+00
1.000000000000000000e+00
1.000000000000000000e+00
1.000000000000000000e+00
1.000000000000000000e+00
1.000000000000000000e+00
1.000000000000000000e+00
1.000000000000000000e+00
1.000000000000000000e+00
1.000000000000000000e+00
1.000000000000000000e+00
1.000000000000000000e+00
1.000000000000000000e+00
1.000000000000000000e+00
1.000000000000000000e+00
1.000000000000000000e+00
1.000000000000000000e+00
1.000000000000000000e+00
1.000000000000000000e+00
1.000000000000000000e+00
1.000000000000000000e+00
1.000000000000000000e+00
1.000000000000000000e+00
1.000000000000000000e+00
1.000000000000000000e+00
1.000000000000000000e+00
1.000000000000000000e+00
1.000000000000000000e+00
1.000000000000000000e+00
1.000000000000000000e+00
1.000000000000000000e+00
1.000000000000000000e+00
1.000000000000000000e+00
1.000000000000000000e+00
