1.087462959609104329e+00
5.138962603904283499e-01
4.148443896281361343e-01
3.695541241339989624e-01
3.415927584506880388e-01
3.213469222841944251e-01
3.054833693103033432e-01
2.921285288398737245e-01
2.807152244426210363e-01
2.707102149147518899e-01
2.615895104461711806e-01
2.533075588415593105e-01
2.455918041109126371e-01
2.386767816647457352e-01
2.319215191967348155e-01
2.257331461602489486e-01
2.199223677185954684e-01
2.145696486087271815e-01
2.092330113146736448e-01
2.042674796980299412e-01
1.995538354345316179e-01
1.949597522060332322e-01
1.906728650553203286e-01
1.866277491173676251e-01
1.825708844900051364e-01
1.787031006860805571e-01
1.751342290435295712e-01
1.716950850299051035e-01
1.683204256965509793e-01
1.650130772809083601e-01
1.619257898745167235e-01
1.590221618814418036e-01
1.559536957024425241e-01
1.533468731390181805e-01
1.505200779747081774e-01
1.479160731075208068e-01
1.454085051677080631e-01
1.428975115868384438e-01
1.406839601928019379e-01
1.383156952278203344e-01
1.360910450134120986e-01
1.338929737589358016e-01
1.318006245483049343e-01
1.298035986391040120e-01
1.278182431727551416e-01
1.258637473344778046e-01
1.239954675637060799e-01
1.221877088882560997e-01
1.203733545085576701e-01
1.187090072933464913e-01
1.168631803319911261e-01
1.153153856137943412e-01
1.137042477543229319e-01
1.121637856866701255e-01
1.105369931784871973e-01
1.091845795364649319e-01
1.076806577203381493e-01
1.062708158284321053e-01
1.049561544186579376e-01
1.035841106373699416e-01
1.021783290205986183e-01
1.009679065888774707e-01
9.968994231199231060e-02
9.843410853401374228e-02
9.722163843832037911e-02
9.605937448348297880e-02
9.485359390262912416e-02
9.376535135335267723e-02
9.268392835050991152e-02
9.152385158748059524e-02
9.047234977680018719e-02
8.944482372940970594e-02
8.837195213263572546e-02
8.738857546016683131e-02
8.640895446179842898e-02
8.545902772883551268e-02
8.446263972711903767e-02
8.360926384376878018e-02
8.263392484336330723e-02
8.170336668489626419e-02
8.090857900970956085e-02
8.000865709306285989e-02
7.917948380142880715e-02
7.830238671818605389e-02
7.746871972307775578e-02
7.666873721573565226e-02
7.581334337009855429e-02
7.508104261969573978e-02
7.425658090385242605e-02
7.357500469222449935e-02
7.280626585940007389e-02
7.212781600033975338e-02
7.132822919591137734e-02
7.063448057469337571e-02
6.998855356627360635e-02
6.925695396849328167e-02
6.854926102257904996e-02
6.796075429494780051e-02
6.725865462511564086e-02
6.662096956748701782e-02
6.599486350215651165e-02
6.535225591062743256e-02
6.469660596654547291e-02
6.406952474537264131e-02
6.353261107840918465e-02
6.295336294416765954e-02
6.236639310033975647e-02
6.180718148056374428e-02
6.121466853931011726e-02
6.071099125903377247e-02
6.011751975684247878e-02
5.955267858653475604e-02
5.905468376488417354e-02
5.848898323459092441e-02
5.803386169698217939e-02
5.749072691615937647e-02
5.698922834107020968e-02
5.647880416323306646e-02
5.600299680521080709e-02
5.552700656575482868e-02
5.504024001178273867e-02
5.459878072996576098e-02
5.408683185588868819e-02
5.361373909762520706e-02
5.315529238178326454e-02
5.275892262334259258e-02
5.231038688166834982e-02
5.186351454957136703e-02
5.141916213425815757e-02
5.099875331499029857e-02
5.056022836664458842e-02
5.017805751455226698e-02
4.973254722037535880e-02
4.932133744849224316e-02
4.891020294076976749e-02
4.853039114930079306e-02
4.817411552873266528e-02
4.775630358684159610e-02
4.740788492731891346e-02
4.701523757414642624e-02
4.661526746988160080e-02
4.627773241360776807e-02
4.591876781256826884e-02
4.552329882992466048e-02
4.518591331418640722e-02
4.479480463140688568e-02
4.452198302966782484e-02
4.419398248423206388e-02
4.385322470400479511e-02
4.350767421969290588e-02
4.312250557743688151e-02
4.282876908711936298e-02
4.248050718990645236e-02
4.219474450683266542e-02
4.187904975999087037e-02
4.156123632033150578e-02
4.126745769977769457e-02
4.093383747959786212e-02
4.062815885308426050e-02
4.034827812860481561e-02
4.007519096421523902e-02
3.976894641814432418e-02
3.944696149329589979e-02
3.918094108392626562e-02
3.888184855328190304e-02
3.858098350842186636e-02
3.832793290202010650e-02
3.803786962707952218e-02
3.774268009197162543e-02
3.746994077565359710e-02
3.720864892390485928e-02
3.697323317877748011e-02
3.670724721199094404e-02
3.640339320089788777e-02
3.618148407429717939e-02
3.590299816134876615e-02
3.568757019044347528e-02
3.546984533284554958e-02
3.519195814976094211e-02
3.493181079126421451e-02
3.469339352379757074e-02
3.447430580514960347e-02
3.422086317486613960e-02
3.399451236592927056e-02
3.376436049830053299e-02
3.353348735133005604e-02
3.330326732429046699e-02
3.309305910962629521e-02
3.283958682456224187e-02
3.262110462447178477e-02
3.243402426163790458e-02
3.222541377997825696e-02
3.194047561369442456e-02
3.180443224208023140e-02
3.155011300691504955e-02
3.135871661733300592e-02
3.115199321137604102e-02
3.091040698528263464e-02
3.076934661613585364e-02
3.053819931076896463e-02
3.036160484128093071e-02
3.013582935803705079e-02
2.992628775539640795e-02
2.972546336411967596e-02
2.955467508407304267e-02
2.936014955541293298e-02
2.917852941936416658e-02
2.898597620982125075e-02
2.882517792839177015e-02
2.863354508091636372e-02
2.842419155191112934e-02
2.823513517748406365e-02
2.807603984189067925e-02
2.791187912672047841e-02
2.771949018641101450e-02
2.755953579619582067e-02
2.737449655463927364e-02
2.721158046529377136e-02
2.703457592676585669e-02
2.686459732739073653e-02
2.669239900100656496e-02
2.654065399270672324e-02
2.635896948205873613e-02
2.618207725167169542e-02
2.604328751827527863e-02
2.589477260609429968e-02
2.570960372771571509e-02
2.556683529619155348e-02
2.539704380753034230e-02
2.524798703319872800e-02
2.508104565013733953e-02
2.496350429413232014e-02
2.479772888147703525e-02
2.464624448529090239e-02
2.451863674525266851e-02
2.436757743876746818e-02
2.422519207898043286e-02
2.409528854618592925e-02
2.390561813453589979e-02
2.375787015846339209e-02
2.366331725637501465e-02
2.350266266122949185e-02
2.334812184676782545e-02
2.321896496652753675e-02
2.309516811826920618e-02
2.297126954789127304e-02
2.285872291489489047e-02
2.267801598265205623e-02
2.253548992531595116e-02
2.241623586404855456e-02
2.231181909224779977e-02
2.219372837879374574e-02
2.203170195174402116e-02
2.192949022762719080e-02
2.179680403548365716e-02
2.166848511281321485e-02
2.153913751944480301e-02
2.142280210541351593e-02
2.128671187404861803e-02
2.119511371445175624e-02
2.105595500306628454e-02
2.096773565219969479e-02
2.080589458682121501e-02
2.071969175869175714e-02
2.059325992843199019e-02
2.048972914546094357e-02
2.036994942990711863e-02
2.026189460717633256e-02
2.014250193448004905e-02
2.003513698362803172e-02
1.991838208943938135e-02
1.979256722402746027e-02
1.971231749957482599e-02
1.958049163791709957e-02
1.950442459426431768e-02
1.937111964833050995e-02
1.927511928715820028e-02
1.918102203506224721e-02
1.906175951523802689e-02
1.897547559559402755e-02
1.885905569112455299e-02
1.877293403559742932e-02
1.866415328107323343e-02
1.856924964019255123e-02
1.845629060368731214e-02
1.837526793702939573e-02
1.828557708940268742e-02
1.816163498521221331e-02
1.808290509650225392e-02
1.797922931009985487e-02
1.788771623059509652e-02
1.780510036095114476e-02
1.769610261585428598e-02
1.761141505272618979e-02
1.752210005612857974e-02
1.742479829145951453e-02
1.734270291259480332e-02
1.723457468088608960e-02
1.715921123212890004e-02
1.706805546082582059e-02
1.695454087430744994e-02
1.688956289543863329e-02
1.681413373597190689e-02
1.672296250639405957e-02
1.663215786533936424e-02
1.655671877660153807e-02
1.647605757115605876e-02
1.638091799725364256e-02
1.629352552542774266e-02
1.621059223741559696e-02
1.614075756906681314e-02
1.605662365242723974e-02
1.596937207130181419e-02
1.588640232952749642e-02
1.582881452424795762e-02
1.573284352106664799e-02
1.564214338801748344e-02
1.558772380186508079e-02
1.550592491962847139e-02
1.544505661906004669e-02
1.534243367864905616e-02
1.528314013023730246e-02
1.520865560525746542e-02
1.511757006718681892e-02
1.505875930986327188e-02
1.499192200778626596e-02
1.491640472234803498e-02
1.483525961443567937e-02
1.477750696916290025e-02
1.469667414297576476e-02
1.462042914212987980e-02
1.455862621513031273e-02
1.449219488012602405e-02
1.439789055576187402e-02
1.435119012113793453e-02
1.428049163865190846e-02
1.420734603631180516e-02
1.414413791361307342e-02
1.408035822605934774e-02
1.401227774838543529e-02
1.393446109923835233e-02
1.388317451068874463e-02
1.382269693139004559e-02
1.374638098892728456e-02
1.369072071594381636e-02
1.362780455574776582e-02
1.355856655400075779e-02
1.349953170328974626e-02
1.343625958518218470e-02
1.337611074131632612e-02
1.331010643293306477e-02
1.322970089565747229e-02
1.319165688934113671e-02
1.312939885911102757e-02
1.307255693625341414e-02
1.301071589861304417e-02
1.294611743151013496e-02
1.289785922294115622e-02
1.283005724244318767e-02
1.277659301654026844e-02
1.271667588019415734e-02
1.266731956296077675e-02
1.258693639806317960e-02
1.253934515172488821e-02
1.248588455470423138e-02
1.242263574108663955e-02
1.237735246396042162e-02
1.232202074334306716e-02
1.227715252240849791e-02
1.221701263654576160e-02
1.215613769101131850e-02
1.210182829474255699e-02
1.204138079266207743e-02
1.200159897111374198e-02
1.194538238584167029e-02
1.189172147983768787e-02
1.185446090506506352e-02
1.179466115921647823e-02
1.173380829455077969e-02
1.168201509349471590e-02
1.163428944806341354e-02
1.158456793907292406e-02
1.154377306030686737e-02
1.149619746433624794e-02
1.144576217211960671e-02
1.138661150421503912e-02
1.134130270867293212e-02
1.129847503101207885e-02
1.124097067276896150e-02
1.119528785778560465e-02
1.115424685409739311e-02
1.110294922968405561e-02
1.106262577891563813e-02
1.100997706577423393e-02
1.096824589105940308e-02
1.092378824367125703e-02
1.087911332716707570e-02
1.082481342762866769e-02
1.078278256024299900e-02
1.074585311327937165e-02
1.069005804742365756e-02
1.065367855750760755e-02
1.060581466128551233e-02
1.056563788987192540e-02
1.051920856618952273e-02
1.048710701379773451e-02
1.042020728532378274e-02
1.039889837338443118e-02
1.034938712780123123e-02
1.030726236769908231e-02
1.026831211623495214e-02
1.022908761389074335e-02
1.018492441219402342e-02
1.013714796337509758e-02
1.011216068141107885e-02
1.006397385784323605e-02
1.001515261370574707e-02
9.988487788241585605e-03
9.939558950252324124e-03
9.906096673395391183e-03
9.859476386145283114e-03
9.824849956006909135e-03
9.783594232190481743e-03
9.747717111436937296e-03
9.706305456149699751e-03
9.666897545598140268e-03
9.635732675285247142e-03
9.595784313090736928e-03
9.561222466903173539e-03
9.518073002270850333e-03
9.477038976384190641e-03
9.452337388597390269e-03
9.409331728706355619e-03
9.379477229347583239e-03
9.345239898634491449e-03
9.305484984449365060e-03
9.272318300187681883e-03
9.238162667639117018e-03
9.198611313848468682e-03
9.163733396028477668e-03
9.128891390497008082e-03
9.099204513691771037e-03
9.056638737484757826e-03
9.026877242044461722e-03
8.999737983639583688e-03
8.959928349756356505e-03
8.926815838977416456e-03
8.895846227388124611e-03
8.853216243572794436e-03
8.821464013236147636e-03
8.792680285752089292e-03
8.753169550695313883e-03
8.732292947972081915e-03
8.702776380805158848e-03
8.658151217248097331e-03
8.631744164065625891e-03
8.598101345750236088e-03
8.574361809819798855e-03
8.530917706237090350e-03
8.511399539293418304e-03
8.473941389877960237e-03
8.446523862419315701e-03
8.418991998822103820e-03
8.384191170637206661e-03
8.354821036075533308e-03
8.319072446650114736e-03
8.298293043913248027e-03
8.262980152910898851e-03
8.235475933041658606e-03
8.196993470425635586e-03
8.173472673321682466e-03
8.150950503606389785e-03
8.116002058192225976e-03
8.088322621651626229e-03
8.062223709336712937e-03
8.038601800286216889e-03
8.002717726357490985e-03
7.978922913912986359e-03
7.949638036850741399e-03
7.919201403379719229e-03
7.895665282290013909e-03
7.865584777207954362e-03
7.839914481668361357e-03
7.810659428322648361e-03
7.788713763331838770e-03
7.762358189862059686e-03
7.728890115070128318e-03
7.708751081833833778e-03
7.674233831580609851e-03
7.653151439416705677e-03
7.622668211037219796e-03
7.603311668195705982e-03
7.578749946952051571e-03
7.547856681404536451e-03
7.522279706938700058e-03
7.502756668268367041e-03
7.477125907733799849e-03
7.445882534590005965e-03
7.425487309612540179e-03
7.399826784486426313e-03
