1.090734296083450294e+00
5.169696238636970476e-01
4.180107448995113439e-01
3.724827383160591032e-01
3.443831485211849008e-01
3.242471477985381934e-01
3.081506268978118634e-01
2.948848348557949195e-01
2.835291985273361015e-01
2.735358324497937921e-01
2.644075348973274342e-01
2.560087479054927728e-01
2.484819375872611980e-01
2.413734990507364342e-01
2.347759212404489648e-01
2.285424194186925773e-01
2.224985349327325834e-01
2.169444592446088671e-01
2.115694199651479701e-01
2.064692706763744390e-01
2.017143700420856445e-01
1.970984279066324285e-01
1.926603628695011117e-01
1.884506236687302494e-01
1.843986128047108708e-01
1.804933526143431555e-01
1.768060990199446791e-01
1.732669212520122626e-01
1.697499049305915830e-01
1.664406199082732185e-01
1.633108763173222455e-01
1.601585270762443669e-01
1.572057477682828885e-01
1.543560833334922666e-01
1.516135784164071021e-01
1.488871202319860532e-01
1.462664821520447689e-01
1.437277034074068149e-01
1.413647640198469058e-01
1.390682274922728501e-01
1.367602403759956287e-01
1.343761777281761161e-01
1.323551023229956602e-01
1.301693659462034580e-01
1.282235793620347952e-01
1.262041940987110034e-01
1.243938024379313001e-01
1.224911686070263434e-01
1.207269305884838134e-01
1.189118319079279923e-01
1.172541058696806443e-01
1.155718560218811086e-01
1.139843284115195227e-01
1.123556259274482716e-01
1.107975979372858993e-01
1.093483563140034698e-01
1.078894359096884692e-01
1.064277821406722085e-01
1.050214129127561985e-01
1.037090192511677805e-01
1.023476290330290750e-01
1.010709857791662197e-01
9.973162703216076341e-02
9.851855388283729809e-02
9.725360642001032452e-02
9.607283430546521841e-02
9.491755263134836473e-02
9.373869604244827736e-02
9.269255035743116655e-02
9.155395830050111483e-02
9.048829164728522390e-02
8.928839796036482090e-02
8.839158884808420713e-02
8.734003185108303591e-02
8.634709948301315385e-02
8.537033865973353564e-02
8.447583867609501085e-02
8.359041564911603994e-02
8.254429157078266299e-02
8.170062138885259007e-02
8.082798338681460026e-02
7.993132244050503432e-02
7.911628218926489153e-02
7.822805358469486769e-02
7.745826280117035223e-02
7.658200088515877690e-02
7.574194013886154098e-02
7.502058345079422319e-02
7.425775449536740902e-02
7.346066825836897185e-02
7.278536122664809593e-02
7.205622087419033539e-02
7.129690452478826268e-02
7.060951285250484377e-02
6.984366943128407501e-02
6.926045300811528582e-02
6.849375659413635409e-02
6.790509777329861718e-02
6.722477041557431421e-02
6.656244306452571702e-02
6.597065244056284083e-02
6.531678185611963783e-02
6.475107692182063834e-02
6.411061486974357904e-02
6.351459058187901296e-02
6.297751708887516786e-02
6.236086168140173025e-02
6.179819041676819225e-02
6.122535459324717627e-02
6.067598843015730575e-02
6.012379049696028183e-02
5.960260204412043405e-02
5.907175618596374744e-02
5.859530922956764781e-02
5.797784372046589640e-02
5.755275686085224024e-02
5.703669038414955345e-02
5.648599551990628187e-02
5.606155847012996712e-02
5.556253417395055211e-02
5.506582291796803530e-02
5.464566882513463564e-02
5.416476026549935097e-02
5.363346284255385288e-02
5.325043522007763541e-02
5.283304406516253771e-02
5.238659678213298393e-02
5.196283540315926180e-02
5.155293588899075713e-02
5.106758829206228117e-02
5.066842877864837641e-02
5.026120124757289809e-02
4.986742687411606367e-02
4.942640744149685156e-02
4.910577850230038455e-02
4.865451688505709193e-02
4.826924878731370105e-02
4.785122337378561186e-02
4.748975325003266384e-02
4.713256465643644172e-02
4.678302093502133968e-02
4.639943529292941266e-02
4.603034020774066787e-02
4.568854700308293271e-02
4.531856825575232561e-02
4.500998456403613318e-02
4.466587849892676015e-02
4.428484549839049877e-02
4.391051659919321254e-02
4.364682081900537330e-02
4.328203800506889853e-02
4.294013507105410438e-02
4.260049393214285218e-02
4.232936273235827357e-02
4.197346510738134140e-02
4.169433784298598455e-02
4.137427066452801366e-02
4.107264614291489258e-02
4.074568729661404848e-02
4.043767574988305774e-02
4.016253027692437416e-02
3.987227122392505291e-02
3.959979097917675633e-02
3.927950126491486921e-02
3.899867197312414935e-02
3.873788462951779227e-02
3.845423899963498066e-02
3.818356340285390671e-02
3.790508492104709137e-02
3.756860120687633559e-02
3.736532129719853657e-02
3.708957181684673088e-02
3.685555886197835335e-02
3.660169364605098813e-02
3.629558649659157116e-02
3.608545225206762769e-02
3.581050241924822047e-02
3.556781497504562378e-02
3.534198239818215487e-02
3.505616605002433162e-02
3.486224249936640401e-02
3.459687838144600430e-02
3.435990083403885065e-02
3.410802979860454859e-02
3.390992303285747522e-02
3.366466395650059146e-02
3.342083149868994851e-02
3.321358781680464750e-02
3.298043845128267870e-02
3.274144089873880226e-02
3.254493193980306093e-02
3.232925544027238918e-02
3.207450524996965924e-02
3.191525816917419739e-02
3.166741458233445633e-02
3.151544654741883500e-02
3.125833135936409435e-02
3.106273141503334070e-02
3.081281241495162360e-02
3.063709170650690677e-02
3.044454887229949142e-02
3.026861072145402287e-02
3.005063145887106740e-02
2.988571263477206308e-02
2.966620056517422360e-02
2.949532414972782027e-02
2.926545876916497937e-02
2.910304846893995920e-02
2.891661735065281444e-02
2.873727813269942935e-02
2.856265797652304123e-02
2.837803273182362349e-02
2.822633456345647468e-02
2.802530430722981539e-02
2.784480990096926609e-02
2.765462041832506684e-02
2.749376529781147674e-02
2.731903344951570195e-02
2.716879912931471908e-02
2.697854588832706083e-02
2.681748448498547099e-02
2.661629767436534191e-02
2.647072770353406726e-02
2.634303793963044954e-02
2.616571295727044416e-02
2.600747785903513576e-02
2.584810639172792357e-02
2.568678535986691769e-02
2.552406339161097937e-02
2.539271506760269401e-02
2.521540537197142912e-02
2.507091693859547429e-02
2.489741112012416185e-02
2.473824527580291074e-02
2.461656425241380911e-02
2.448950163088738780e-02
2.429373377375304566e-02
2.416701875580474709e-02
2.403155327867716531e-02
2.388056228822097241e-02
2.374410125426948057e-02
2.362118818704038795e-02
2.347813049005344557e-02
2.335651133209466768e-02
2.321670418605208466e-02
2.305604909081011844e-02
2.294503741152584611e-02
2.280719822878017958e-02
2.265193748194724299e-02
2.255063622910529267e-02
2.239983377791941038e-02
2.228365777619183141e-02
2.215788594540208517e-02
2.202798698563128779e-02
2.190864714747294689e-02
2.176301774475723413e-02
2.165574174653738665e-02
2.153858549008146051e-02
2.141179217863828019e-02
2.127418363513424934e-02
2.116469355626031737e-02
2.104958276357501643e-02
2.092025597207248372e-02
2.081126833800226589e-02
2.071170461457222736e-02
2.055726646119728634e-02
2.049094802141189497e-02
2.035193290933966573e-02
2.024419725313782864e-02
2.013719762070104516e-02
2.000195310404524057e-02
1.990669096074998423e-02
1.979170747939497377e-02
1.968350830068811910e-02
1.957745259255170775e-02
1.948205830063670999e-02
1.937149404268711725e-02
1.927275979565456349e-02
1.916232172539457726e-02
1.907175146462395873e-02
1.895723824761808007e-02
1.885795714380219743e-02
1.876785939931869401e-02
1.863330379920080312e-02
1.856036566523834933e-02
1.844655623612925441e-02
1.836243614461273085e-02
1.826257710531354120e-02
1.816002263501286657e-02
1.806643286906182630e-02
1.796659389138221749e-02
1.788890534546226305e-02
1.778608574625104716e-02
1.768948764214292244e-02
1.760481601161882279e-02
1.751955818943679369e-02
1.741701646381989266e-02
1.733244461379945117e-02
1.724410218372941089e-02
1.713335623685270648e-02
1.707958417432382803e-02
1.697124591562897133e-02
1.689311643131077151e-02
1.678627295792102861e-02
1.672646198747679627e-02
1.662803512299433281e-02
1.654523744061589183e-02
1.646969276294112106e-02
1.637779916450381179e-02
1.630873399972915597e-02
1.620510822487995078e-02
1.613353751040995029e-02
1.605683964258059968e-02
1.597371327504515728e-02
1.588965720636770218e-02
1.582438911637291251e-02
1.573846293147653300e-02
1.566159615060314439e-02
1.555260402895510159e-02
1.549644933454692383e-02
1.543568725232034866e-02
1.535065340576693450e-02
1.528563668625429299e-02
1.520502363750711114e-02
1.511375266220420580e-02
1.506791545497253478e-02
1.498668264318257608e-02
1.489535647328011671e-02
1.483090354036539771e-02
1.476196184428408761e-02
1.469505817675962993e-02
1.462982372520491535e-02
1.456152211828157239e-02
1.449374558730050916e-02
1.441510240128263814e-02
1.435764120705425653e-02
1.428452296368777803e-02
1.421597797982394711e-02
1.415204478707164475e-02
1.408492771768942407e-02
1.402101527270861042e-02
1.395394992455840054e-02
1.388777175033465046e-02
1.382790272776037409e-02
1.374008957436308187e-02
1.368513394054025369e-02
1.362148268707096509e-02
1.358248642971739140e-02
1.348731971438974116e-02
1.344320619711652370e-02
1.338020147057250066e-02
1.331106812553480186e-02
1.325050116376951317e-02
1.320062757842242751e-02
1.313364795316010643e-02
1.308200853969901725e-02
1.301677047275006695e-02
1.294776409724727323e-02
1.291228959430009045e-02
1.285140490392223077e-02
1.279450060147792161e-02
1.272922119125723811e-02
1.267576396302320073e-02
1.260435060178861054e-02
1.256286895088851510e-02
1.249913090933114229e-02
1.245711923483759122e-02
1.238025528029538733e-02
1.232342984434217290e-02
1.228236257610842638e-02
1.221400538040325057e-02
1.218507845397107277e-02
1.212493836879730176e-02
1.205849496228620331e-02
1.202994948672130721e-02
1.195378235774114707e-02
1.191243757540360118e-02
1.186039777239784529e-02
1.181262030918151136e-02
1.174780278606340350e-02
1.171968734357506023e-02
1.165439132275059887e-02
1.160786551237106244e-02
1.155539495963603218e-02
1.151701583527028547e-02
1.146054855524562301e-02
1.139853764162398857e-02
1.136505733104422634e-02
1.132177003519609614e-02
1.127266230480745458e-02
1.121410568174906024e-02
1.118329691793769516e-02
1.113158782199025199e-02
1.107294527371414060e-02
1.103024246473796599e-02
1.098000893276184810e-02
1.093394106137566234e-02
1.089701670967042381e-02
1.085075228428468083e-02
1.080333718890324167e-02
1.076017357036471341e-02
1.071582706598564992e-02
1.067134493333287554e-02
1.062901285616680951e-02
1.058737656706944079e-02
1.054479337926022761e-02
1.050672271451912748e-02
1.045693173352628923e-02
1.041433526854962030e-02
1.037866762513294829e-02
1.033715163357555936e-02
1.028960107336752104e-02
1.025677504017949090e-02
1.021186964446678738e-02
1.017421012604609147e-02
1.013012371049262610e-02
1.008203277317807137e-02
1.004230312071740551e-02
1.001617862819693949e-02
9.967085644602776198e-03
9.929991533514112220e-03
9.884700513677671316e-03
9.852893149480223059e-03
9.814606976695358295e-03
9.768779249163344475e-03
9.736206315690651425e-03
9.695305815432221294e-03
9.646408689673990206e-03
9.624244782608003257e-03
9.587194656021893330e-03
9.551130724838003544e-03
9.510209737578406708e-03
9.476347945164888611e-03
9.437836962286382317e-03
9.394970495719462758e-03
9.365337091498076097e-03
9.329076863825320684e-03
9.290359312202780759e-03
9.247481175698339662e-03
9.225619046017527469e-03
9.187415298307313738e-03
9.155454860534519013e-03
9.123753532534464514e-03
9.089198022615164671e-03
9.052955448161811164e-03
9.020982933929189498e-03
8.986323335673659929e-03
8.947595869190990911e-03
8.915442429017275683e-03
8.888082295423373538e-03
8.842964177485555799e-03
8.825685050804167944e-03
8.787036102730780285e-03
8.754547306103631701e-03
8.732587496284395512e-03
8.694170802365988951e-03
8.658438447862864054e-03
8.627123509999364351e-03
8.601261880947277602e-03
8.566919652046636399e-03
8.538552144309506653e-03
8.498934238217771553e-03
8.468218143098055553e-03
8.451311622047796498e-03
8.409772220067680479e-03
8.386405550409108470e-03
8.352642162702978226e-03
8.322559970896691375e-03
8.284540249966084249e-03
8.265742295188829511e-03
8.235782768111675478e-03
8.206505206879228381e-03
8.180777910863979915e-03
8.151048599975183398e-03
8.113609692314640437e-03
8.088775787502527903e-03
8.060850195353850764e-03
8.033235426526516912e-03
8.010594577062874269e-03
7.975095106055960642e-03
7.942126017063856278e-03
7.923353711841628344e-03
7.888718727859667795e-03
7.865316338837146509e-03
7.847129147965460627e-03
7.805975896306336162e-03
7.791693700011819920e-03
7.758629051735624858e-03
7.724108811002224941e-03
7.703467196319251954e-03
7.679695321945473156e-03
7.656413429882377025e-03
7.632127834716811998e-03
7.606086362618952844e-03
7.575901473173871949e-03
7.551310746464878071e-03
7.527241982053965545e-03
7.499107734300195817e-03
7.473826330853626000e-03
7.451626319438219188e-03
