1.056747676849365325e+00
5.054163846373558311e-01
4.100402111113071180e-01
3.658505877256393313e-01
3.383968037366866799e-01
3.187130877077579694e-01
3.031410779654979959e-01
2.902965445667505251e-01
2.792274277210235467e-01
2.694589887857437027e-01
2.607792536467313793e-01
2.526853052675723799e-01
2.452460277378559206e-01
2.383291142135858520e-01
2.318564620316028724e-01
2.258409675359726032e-01
2.201179836690425884e-01
2.147634833157062439e-01
2.096285054087638766e-01
2.046775303035974491e-01
1.999756551235914170e-01
1.954252794235944723e-01
1.911989897042512820e-01
1.871104142665863113e-01
1.832755159735679762e-01
1.795686773732304564e-01
1.758450776189565690e-01
1.724526503235101760e-01
1.690348323658108776e-01
1.658024888932704832e-01
1.626447269916534433e-01
1.595896191895008198e-01
1.566548634991049849e-01
1.538992890864610552e-01
1.511146197617053988e-01
1.485202807933092006e-01
1.460113822296261743e-01
1.435111566111445525e-01
1.410987359732389368e-01
1.387852662131190407e-01
1.365289183557033548e-01
1.344304760321974879e-01
1.322527954950928619e-01
1.302134189531207187e-01
1.282884997986257214e-01
1.263261245191097393e-01
1.244765289500355671e-01
1.225884761139750534e-01
1.208128768429160144e-01
1.190646778903901581e-01
1.174109335765242540e-01
1.157379953600466277e-01
1.141373222246766100e-01
1.126113865002989767e-01
1.110269901938736453e-01
1.096281763315200830e-01
1.082459828034043336e-01
1.067342358902096805e-01
1.053041418641805643e-01
1.039830426387488849e-01
1.025696267336606987e-01
1.013576834201812688e-01
1.001756919473409668e-01
9.880031730979681182e-02
9.769859744980931293e-02
9.650464964658021783e-02
9.534664757922291234e-02
9.419432636722922803e-02
9.314341615140438180e-02
9.197570170834661052e-02
9.102642775699495981e-02
8.985702985897660311e-02
8.888525265827774968e-02
8.777956179901957867e-02
8.686600198224186942e-02
8.591296498104930568e-02
8.496597773954271682e-02
8.402714147418736956e-02
8.308587758243084209e-02
8.223325725272298548e-02
8.136000061407684669e-02
8.049461244046687836e-02
7.964834883809089605e-02
7.879578522965312304e-02
7.791751867160201517e-02
7.715030019357800584e-02
7.634965354576707386e-02
7.554877630993724058e-02
7.483093186467885960e-02
7.405006485059857646e-02
7.326697273179888503e-02
7.257937390729785054e-02
7.183706634864210627e-02
7.115314155071973679e-02
7.051754465140402939e-02
6.980549804121255475e-02
6.911340926215052416e-02
6.845648501254618379e-02
6.782956234924494843e-02
6.718491195142269057e-02
6.650813694670795750e-02
6.591414405032992863e-02
6.527654300630092443e-02
6.466495149023830658e-02
6.407219239324331295e-02
6.350144139863550530e-02
6.289539558626711102e-02
6.243882161378860179e-02
6.175866704247891942e-02
6.129404749162495336e-02
6.071625560522079385e-02
6.012491541169583814e-02
5.964048858359456001e-02
5.912087148055434477e-02
5.854139226861298367e-02
5.804688612744211829e-02
5.756958363577723697e-02
5.707399012334644917e-02
5.658706236816942597e-02
5.610263852030038939e-02
5.557106220163404720e-02
5.513162377476692189e-02
5.469656451605260650e-02
5.417274955846369117e-02
5.376116741821169998e-02
5.331695921160280877e-02
5.286479022912680958e-02
5.245886570587754427e-02
5.195693306066095918e-02
5.157788001466542815e-02
5.114543765224516259e-02
5.074592978879809146e-02
5.033077458105981311e-02
4.994647775776684534e-02
4.952810633368789905e-02
4.909671686775982091e-02
4.870220833085477097e-02
4.831282388418912943e-02
4.789123532734811117e-02
4.762101570144295498e-02
4.723337797261774329e-02
4.686186596378683761e-02
4.647147502936423147e-02
4.609249925240874179e-02
4.571812755055725680e-02
4.544778634794056221e-02
4.503088655322790013e-02
4.473569782823324376e-02
4.439228343777358587e-02
4.398731678910553639e-02
4.365910997427999846e-02
4.339209663495421226e-02
4.300285288318991817e-02
4.271711007226258738e-02
4.241158800758421110e-02
4.206154174916446054e-02
4.178612305596470650e-02
4.142239211313426817e-02
4.114116139896213664e-02
4.084438612684607173e-02
4.057473263703286620e-02
4.023007717076688972e-02
3.998807889595627774e-02
3.963632172625512068e-02
3.938314121030270926e-02
3.907882377505302735e-02
3.883786003198474307e-02
3.854078710824251214e-02
3.824612550064921540e-02
3.802616322506219282e-02
3.772648611571639832e-02
3.743953116796910896e-02
3.717730044107884352e-02
3.691903797350824107e-02
3.666961945593356920e-02
3.641775929927825589e-02
3.614857451338320676e-02
3.588451108988374716e-02
3.566597185749560694e-02
3.540571275539695917e-02
3.514909524470567759e-02
3.493322853557765534e-02
3.468670240882783945e-02
3.444062153249979191e-02
3.423349331039935578e-02
3.395996345393359483e-02
3.375053667090833348e-02
3.349467397760599874e-02
3.330718411784618777e-02
3.305824861768633105e-02
3.284057294670492122e-02
3.264022149890661445e-02
3.240250111557543139e-02
3.215956926625222062e-02
3.194927296321838778e-02
3.179086953680962391e-02
3.158274941239506278e-02
3.134840050153434032e-02
3.113392106164246734e-02
3.093471636623144200e-02
3.073800576757639708e-02
3.055598981305956974e-02
3.030895181372761718e-02
3.015965053159743586e-02
2.994668693095445602e-02
2.975666876975446851e-02
2.957267995458096391e-02
2.935599111113697257e-02
2.917341683525592061e-02
2.900390150398015829e-02
2.882831788528710665e-02
2.862645912729203795e-02
2.846183588076382776e-02
2.829072971642017376e-02
2.808696691505610868e-02
2.793546294793486720e-02
2.775306098535657018e-02
2.757518444675952085e-02
2.739493723399937311e-02
2.724285656772553951e-02
2.703785616997629246e-02
2.689885402284562452e-02
2.669068516511470188e-02
2.655675175786018430e-02
2.639101674407720588e-02
2.623428065050393415e-02
2.605902780033647961e-02
2.591437596827745465e-02
2.574232294317334996e-02
2.562553717289119820e-02
2.541367818927392497e-02
2.529319897666573377e-02
2.514133488200604935e-02
2.500434483308345071e-02
2.482073077652603363e-02
2.468892998900264549e-02
2.454220004798844321e-02
2.441857949737459565e-02
2.425907879788428631e-02
2.410711393039673481e-02
2.397090577334165529e-02
2.383233185578137805e-02
2.370149420388042993e-02
2.352684428356587726e-02
2.342941056471318020e-02
2.325535296462476198e-02
2.313633628468960562e-02
2.298111550789326551e-02
2.287034383509307933e-02
2.272345102392137051e-02
2.260749636311084124e-02
2.247730129305273300e-02
2.232982699573040145e-02
2.222092320490628645e-02
2.208377997670322654e-02
2.195433594565838684e-02
2.180620126798749059e-02
2.173704169876873593e-02
2.157350120088085549e-02
2.148762461869046028e-02
2.137125798966735615e-02
2.123484459333121674e-02
2.111679505556821740e-02
2.098980093095451430e-02
2.089769603125751080e-02
2.075030040740966780e-02
2.064358663791790449e-02
2.052824241574853492e-02
2.042558475863188658e-02
2.031104306224733660e-02
2.019524886598810659e-02
2.006468783644959480e-02
1.997910727094858938e-02
1.987672293279319977e-02
1.977116485871374674e-02
1.964646195434033987e-02
1.954589950293302708e-02
1.945132144819945036e-02
1.934795132419094357e-02
1.923600550042465357e-02
1.913692639535292950e-02
1.902904151007532921e-02
1.892716072499751878e-02
1.883302259771153439e-02
1.871630384353920734e-02
1.861004212871193719e-02
1.852582948189228709e-02
1.843551476392895141e-02
1.832531710807233996e-02
1.823327308520674567e-02
1.814256470743566899e-02
1.804607200436294037e-02
1.790805143769830590e-02
1.783843068452551847e-02
1.774389778310432944e-02
1.767574089486152050e-02
1.756593570485711145e-02
1.748067518696188802e-02
1.737585387239232518e-02
1.731516172271221898e-02
1.721522632520645912e-02
1.712722018267959223e-02
1.704024678096175208e-02
1.695402901945635560e-02
1.687133212992921599e-02
1.679286272125318780e-02
1.669460753817111204e-02
1.663298634020611566e-02
1.652394905732944633e-02
1.645094648376107388e-02
1.635501888860017156e-02
1.628319533402100214e-02
1.619709589844569447e-02
1.612718266947195042e-02
1.604131474019959702e-02
1.595515687647275707e-02
1.588190838461741791e-02
1.580789130507036927e-02
1.573110742727294731e-02
1.564638580707833002e-02
1.557879309542477102e-02
1.547908805776387377e-02
1.541914258711040049e-02
1.535550525924190939e-02
1.528050776896998364e-02
1.519372675614431498e-02
1.511759855644777446e-02
1.504335514502599773e-02
1.495885534817352827e-02
1.491405698889866453e-02
1.483194980071857530e-02
1.475231395848095386e-02
1.470127607230097000e-02
1.462334975274279768e-02
1.455305232852697334e-02
1.448443250311538637e-02
1.441679465956985894e-02
1.435366592882201045e-02
1.427488689590245517e-02
1.419895376032218395e-02
1.414691844722256071e-02
1.407974919490516223e-02
1.402938969200476921e-02
1.394584543211385523e-02
1.388289225613698399e-02
1.380616891570389353e-02
1.374485882651060864e-02
1.369665144896134792e-02
1.361750891385599994e-02
1.356659965496510335e-02
1.350918750884011303e-02
1.342530102608725448e-02
1.338775857188738948e-02
1.329466241039335694e-02
1.326027247216552546e-02
1.318935538595542370e-02
1.313629635889083068e-02
1.306097969599068209e-02
1.302546643838286416e-02
1.295533834025263710e-02
1.290926220756955477e-02
1.284201629972085354e-02
1.279039367940276901e-02
1.273638938227668327e-02
1.266939999116584691e-02
1.260976331401616329e-02
1.255773475719615742e-02
1.249597817985340954e-02
1.244976831460371629e-02
1.239538184856064582e-02
1.234251395706087266e-02
1.229357744706794688e-02
1.222053814725950274e-02
1.218121224851347571e-02
1.213297048723325187e-02
1.207371651567518654e-02
1.201732255518436418e-02
1.196308264834806262e-02
1.191985097853466916e-02
1.185887532122433148e-02
1.180525680212303995e-02
1.176307112537324472e-02
1.171060113469138755e-02
1.163868901180103478e-02
1.161712854751385804e-02
1.154861388867720919e-02
1.151795506686903621e-02
1.146777834533713701e-02
1.141452281549572983e-02
1.136260270536877150e-02
1.132115309778600892e-02
1.126282995636574899e-02
1.122966779023408870e-02
1.117655826173722701e-02
1.113332739844918179e-02
1.108223092369735319e-02
1.103055956098251099e-02
1.098906843992881500e-02
1.094934927090071217e-02
1.089978965977206858e-02
1.086258840141817936e-02
1.081022193888202254e-02
1.077264952706172979e-02
1.072200244432315250e-02
1.068017467996105509e-02
1.061839076830074259e-02
1.058814758574590058e-02
1.054806276317685892e-02
1.050274309143424054e-02
1.045259709400124873e-02
1.040951947309076871e-02
1.038651754963211722e-02
1.033703199587762342e-02
1.028491374477744080e-02
1.024810484889894686e-02
1.021577228070236730e-02
1.016873706923797707e-02
1.012619878980331074e-02
1.008624391071498427e-02
1.004857972380705095e-02
9.998615544755012560e-03
9.978768909350036950e-03
9.927769180387258433e-03
9.899725756142289251e-03
9.855498597724363791e-03
9.813339655287564578e-03
9.780093571171164304e-03
9.743822739925234871e-03
9.702899900730699301e-03
9.664058935828506378e-03
9.623243758222087621e-03
9.589997451286762578e-03
9.551028439076616680e-03
9.506575861014426171e-03
9.477010470349342061e-03
9.446179796243086083e-03
9.398706452222540392e-03
9.368198656477033648e-03
9.335072399582713953e-03
9.303851948818192552e-03
9.255361795425414914e-03
9.229619431542232175e-03
9.191590591566637172e-03
9.163774852640926144e-03
9.127994465408847263e-03
9.090898348484187722e-03
9.055844040587544136e-03
9.012832046020775867e-03
8.992222156841308406e-03
8.957186423242091342e-03
8.917400663020089158e-03
8.882625812198965964e-03
8.858540683984755804e-03
8.822066822787747592e-03
8.782959413016214884e-03
8.761218116153031074e-03
8.720208229962736479e-03
8.695430494146422218e-03
8.656651170458645045e-03
8.630218524951487058e-03
8.599129854701459408e-03
8.571296994807199240e-03
8.530009869253262975e-03
8.504997320706024488e-03
8.469102794537320539e-03
8.443484872579573933e-03
8.415961517719552573e-03
8.382638808572664968e-03
8.355798215139657176e-03
8.319335421314463103e-03
8.298297788482159390e-03
8.261427710065617422e-03
8.236200141720472975e-03
8.209879552247003123e-03
8.173480004887096265e-03
8.143616890767589253e-03
8.118432899005710232e-03
8.089596194913610538e-03
8.043815834214911725e-03
8.036982625722884771e-03
8.003846261184662664e-03
7.975690256338567249e-03
7.946227799868211747e-03
7.916395534994079969e-03
7.894068098859861882e-03
7.866317608160897784e-03
7.831807533511892308e-03
7.810393733903765560e-03
7.782327442197129082e-03
7.760436132317408663e-03
7.728768051834777365e-03
7.698204308748245010e-03
7.684869510238058823e-03
7.647661432856694107e-03
7.628770920448005137e-03
7.605709969997405742e-03
7.576885918620973777e-03
7.547038641525432440e-03
7.525177447125316020e-03
7.497938842978328633e-03
7.459389313589781176e-03
7.451052135322242670e-03
7.422593794530257458e-03
7.403079918585717817e-03
7.374199084471910921e-03
7.348731470294296401e-03
7.322076555341482280e-03
7.295099845388904047e-03
7.270546988118439628e-03
7.244159546215087064e-03
7.226509363856166435e-03
7.206376639660447454e-03
7.175169191090390378e-03
7.158125105779618129e-03
7.135103714419529022e-03
7.111858659889548802e-03
7.095248656580224397e-03
7.063593334984034390e-03
7.037095948122441824e-03
7.016602264950051737e-03
6.993821384850889764e-03
6.972624081419780823e-03
6.945941621903329796e-03
6.929107567993923918e-03
6.904956932645291146e-03
6.886999834328890249e-03
6.864645901368930832e-03
6.842031633714214071e-03
6.814730125945061417e-03
6.798182636033743738e-03
6.771434488007798888e-03
6.748479278990998642e-03
6.735755808418616292e-03
6.711116916034370362e-03
6.689012470655143587e-03
6.667989338864572721e-03
6.648932665353640865e-03
6.631010731915011787e-03
6.607946853851899734e-03
6.587478338740766250e-03
6.565083523048087684e-03
6.545035776449367737e-03
6.528034830465912451e-03
6.502136176917702216e-03
6.481626679189503130e-03
6.466502621537074252e-03
6.447177004301920915e-03
6.426350591355003104e-03
6.406590996077284224e-03
6.383064522757195096e-03
6.367688926169648607e-03
6.344026176026091278e-03
6.329124904004857291e-03
6.310397643130272703e-03
6.283875553635880594e-03
6.275499218143522698e-03
6.250473448424599850e-03
6.237725456478074477e-03
6.210401757620274618e-03
6.193580953404307504e-03
6.181986620882526373e-03
6.160687017254531765e-03
6.142427141312510087e-03
6.127637018915266069e-03
6.103884108131751342e-03
6.087714669061824319e-03
6.067344588460400756e-03
6.054671703139320391e-03
6.032885686960071277e-03
6.016819944838061596e-03
5.994114839471876600e-03
5.983129585918504911e-03
5.964287069276906668e-03
5.945295074372552134e-03
5.932626515161245999e-03
5.909981634933501524e-03
5.890352028887719214e-03
5.878336625173687623e-03
5.855929825920611585e-03
5.843577250139788196e-03
5.826050458708777711e-03
5.809982562437653736e-03
5.790703826351091196e-03
5.772141040768474264e-03
5.760027602431364371e-03
5.743532348424196590e-03
5.727862365543841955e-03
5.708341860910877766e-03
5.696817095507867960e-03
5.680101991631090509e-03
5.666018315125256714e-03
5.647606641286983913e-03
5.631344152381643695e-03
5.612953548086807229e-03
5.598062795586883703e-03
5.586312186205759540e-03
5.570352368871681233e-03
5.554214407457038621e-03
5.533865034813061079e-03
5.520580145530402591e-03
5.505224537453614134e-03
5.491217499366029924e-03
5.479423680226318608e-03
5.460190625861287457e-03
5.444475984782912170e-03
5.434084024978801629e-03
5.419309538789093827e-03
5.397549947141669531e-03
5.386566033354029358e-03
5.373869033996015940e-03
5.358589070383459017e-03
5.343625541543588035e-03
5.325281886383891050e-03
5.311944041633978250e-03
5.301191908773034492e-03
5.289190293289720672e-03
5.267077675671316857e-03
5.260058724554255750e-03
5.243529599392786518e-03
5.230538937961683003e-03
5.217699729721061476e-03
5.201767756137997203e-03
5.189654895104468119e-03
5.174387248465791254e-03
5.159718481940217538e-03
5.147814427851699071e-03
5.134742054273374288e-03
5.122138382983394168e-03
5.107375241117552075e-03
5.091282980167306620e-03
5.081871967646292912e-03
5.065541450516321091e-03
5.051448871847242020e-03
5.041919328272343077e-03
5.028018243610859334e-03
5.014553669258021117e-03
5.002297637634910317e-03
4.987928627640940069e-03
4.974385923240333580e-03
4.965906199766323241e-03
4.949536118889227496e-03
4.936333881691097950e-03
4.920109816128387728e-03
4.910139846731908543e-03
4.899248541682027502e-03
4.888130900915711903e-03
4.871327683329582103e-03
4.863752750447020330e-03
4.852220774861052896e-03
4.837406922131777011e-03
4.822843397501856352e-03
4.816050929133780002e-03
4.801511151250451893e-03
4.790746575687080712e-03
4.780888924375176728e-03
4.765212633181363684e-03
4.753170441195834345e-03
4.742343099438585396e-03
4.729773734230548372e-03
4.716014623874798320e-03
4.707281798822805438e-03
4.696026523248292631e-03
4.684020179789513683e-03
4.668399118818342478e-03
4.662439054693095532e-03
4.647624506033025751e-03
4.638528994517400993e-03
4.628410309553146473e-03
4.617320027551614046e-03
4.603142963605933065e-03
4.591826556716114421e-03
4.580484664882532829e-03
4.569755204720422903e-03
4.562323458842001793e-03
4.548072043107822225e-03
4.538521586917340471e-03
4.523405793821439445e-03
4.516156015801243463e-03
4.504481806419789736e-03
4.490788800409063579e-03
4.483189308550209091e-03
4.473454315331764145e-03
4.460835232865065572e-03
4.450487255526241158e-03
4.438589369528927152e-03
4.428639570716768822e-03
4.419272733852267279e-03
4.409465760691091279e-03
4.399989928351714930e-03
4.390652730362490201e-03
4.376812214148231156e-03
4.369748142780735707e-03
4.354475567699410063e-03
4.347004625480621956e-03
4.337429213570430722e-03
4.328149225446395812e-03
4.318041802267543958e-03
4.305215957923792629e-03
4.292778345523402123e-03
4.287133808014914789e-03
4.277812808053568262e-03
4.265103715355508460e-03
4.258911970420740933e-03
4.250278071616776440e-03
4.237818698631599587e-03
4.228097860584967109e-03
4.219142062938771760e-03
4.210518660140223635e-03
4.199804064817726397e-03
4.190699023194611149e-03
4.180559218162670579e-03
4.170674708089790877e-03
4.162107598735019856e-03
4.153018556535243745e-03
4.144242232199757923e-03
4.132877367897890182e-03
4.123867660760879850e-03
4.114122593426145467e-03
4.107032115221955285e-03
4.095403985702432935e-03
4.087153800821397530e-03
4.075153434416279620e-03
4.068948712083511263e-03
4.061507497564889255e-03
4.053280965192243221e-03
4.042209188919514314e-03
4.033165513770654506e-03
4.023965957458131015e-03
4.014717223471961534e-03
4.006883262889459479e-03
3.996033827657811607e-03
3.986735793994739679e-03
3.982519477722235371e-03
3.970974806812591941e-03
3.960100563301239239e-03
3.955107660382054836e-03
3.945729249157011245e-03
3.937350332213099963e-03
3.928641535923816687e-03
3.919698833604343645e-03
3.913286668132059422e-03
3.904448284069076021e-03
3.894456536276266149e-03
3.886760492809116820e-03
3.879130516899749730e-03
3.868081970605999429e-03
3.861320821568369876e-03
3.850320953060872801e-03
3.843890577903948634e-03
3.837630505790002623e-03
3.828405398642644071e-03
3.820581455132923947e-03
3.813525320030748764e-03
3.802667746902443566e-03
3.796089212060906048e-03
3.787170649855397652e-03
3.779440849553793863e-03
3.773325193207710797e-03
3.766194093041122168e-03
3.756156723713502399e-03
3.750067827641032688e-03
3.740118282847106589e-03
3.733039324986748512e-03
3.726063646608963800e-03
3.716132930479943558e-03
3.711336766020394660e-03
3.702596348593942613e-03
3.694007351994514285e-03
3.687809661496430774e-03
3.678100356366485486e-03
3.671729068737476960e-03
3.663833996281027749e-03
3.654033233528025584e-03
3.648061879095621570e-03
3.641259000287391193e-03
3.635041974834166394e-03
3.626573221525177231e-03
3.618189664906822263e-03
3.612448210362345039e-03
3.604218775406479655e-03
3.597847026307135661e-03
3.590218685392756060e-03
3.581528496230021105e-03
3.576904974645003701e-03
3.566164368763565830e-03
3.560454384540207625e-03
3.554731375654227987e-03
3.544738365919329094e-03
3.541379082715138873e-03
3.532412204018328238e-03
3.524652610416524265e-03
3.519471564854029580e-03
3.512470211135223629e-03
3.502138822572305969e-03
3.495942928479052903e-03
3.490503130480646955e-03
3.482631205930374670e-03
3.476111468975432318e-03
3.471784658730030053e-03
3.462446323654148721e-03
3.455358610546682176e-03
3.450297522125765539e-03
3.441433630883693629e-03
3.435432947939261791e-03
3.429718131432309917e-03
3.421465315856039510e-03
3.416469787596724920e-03
3.408549833227880223e-03
3.402455952018499166e-03
3.395737277343869025e-03
3.389182627084665143e-03
3.382155076949857047e-03
3.376653762185014614e-03
3.370153850526548794e-03
3.360836824635043702e-03
3.357676184969022714e-03
3.350628134445287395e-03
3.343423150712624119e-03
3.336268481332808553e-03
3.332120707840658530e-03
3.325444929883815230e-03
3.318697909591719446e-03
3.311415665899403605e-03
3.304146290873177533e-03
3.300619097950402859e-03
3.293137802043929769e-03
3.287266188126523100e-03
3.279362245928495959e-03
3.272393384366296346e-03
3.267370712012052526e-03
3.258948144619353178e-03
3.256727645290084013e-03
3.248240236076526278e-03
3.243727618712000538e-03
3.236695132451132030e-03
3.230668274511117304e-03
3.225902768434025288e-03
3.219966523931361724e-03
3.213415456120856210e-03
3.207629874115809718e-03
3.198199517559260300e-03
3.197239181550685233e-03
3.187698605819605079e-03
3.183588252170011217e-03
3.178088854998350251e-03
3.170400585629977105e-03
3.165220250375569075e-03
3.159163043601438420e-03
3.154253207147121596e-03
3.149120652553392442e-03
3.142477489891461889e-03
3.135855238884687531e-03
3.131347185466438685e-03
3.125405372469686107e-03
3.118929397081956177e-03
3.113975242478772901e-03
3.106848367140628391e-03
3.102139839786104657e-03
3.096873011323623449e-03
3.091447984799742827e-03
3.086049318662844806e-03
3.079449557350016995e-03
3.074993733607698284e-03
3.069832864799536872e-03
3.062642527685966506e-03
3.057470841333270045e-03
3.052323785726912368e-03
3.046945465379394431e-03
3.039817622862756377e-03
3.036763477954082177e-03
3.030578839418012448e-03
3.024781783926300868e-03
3.020645119424443612e-03
3.014281739306170702e-03
3.009031063760630575e-03
3.004102308419533216e-03
2.997407755348831335e-03
2.993609289755113506e-03
2.988146596588194329e-03
2.982442818465642562e-03
2.977638264244888023e-03
2.972639413201250136e-03
2.966206546989269728e-03
2.962852388736792082e-03
2.956045562634244776e-03
2.950829358131159142e-03
2.945741165953222503e-03
2.942094200290739422e-03
2.936259789625182606e-03
2.929594297020230234e-03
2.926435129600577032e-03
2.921087209193501660e-03
2.915577218751423151e-03
2.910729720140807150e-03
2.904414327116683261e-03
2.900355197867611479e-03
2.893912451807409414e-03
2.890666252002120195e-03
2.885164805164095077e-03
2.880175233469344561e-03
2.875399500131606972e-03
2.869200339540839157e-03
2.866402063285932150e-03
2.859644468408078111e-03
2.855754929361865087e-03
2.847757253621239267e-03
2.846881205739918916e-03
2.842847712279762858e-03
2.836171330884098944e-03
2.830491306958720244e-03
2.826976945740170780e-03
2.822038937476463449e-03
2.817719841259531868e-03
2.810921324300579525e-03
2.808471661992370961e-03
2.803700552205555269e-03
2.797192667785566422e-03
2.793822853011078931e-03
2.789015541202388617e-03
2.784942837664857503e-03
2.779938911320641807e-03
2.774256970616988810e-03
2.770266272826120164e-03
2.765865567256696640e-03
2.760203919606283186e-03
2.757667021243833186e-03
2.751895923865958857e-03
2.747622476192191059e-03
2.742868743254803059e-03
2.738422886643093052e-03
2.733617182821035472e-03
2.728099100058898122e-03
2.724123414256610087e-03
2.720212591171730122e-03
2.715954579180106677e-03
2.710707953316159654e-03
2.705405275104567301e-03
2.702894969086628608e-03
2.698182115156669281e-03
2.693952768924646069e-03
2.689513643039390545e-03
2.684652491938322588e-03
2.680829721677582735e-03
2.675480941135901895e-03
2.671056383755057891e-03
2.668396186199970335e-03
2.662493396550416787e-03
2.659448947932105661e-03
2.654880107147618989e-03
2.650402855419088047e-03
2.645630511804483720e-03
2.641439634724520105e-03
2.637924447655677976e-03
2.632891222368925841e-03
2.628933228028472371e-03
2.625612091389484780e-03
2.620458291901741048e-03
2.616327114985324536e-03
2.611846486688591470e-03
2.606935798830818229e-03
2.602816648257430792e-03
2.600876566139049932e-03
2.594619225594215015e-03
2.591623368381988472e-03
2.587957242038101038e-03
2.583049294946249737e-03
2.579328835417982278e-03
2.574617815087549503e-03
2.570909624628256798e-03
2.566931797424331155e-03
2.563002479670103539e-03
2.557499469257891195e-03
2.555700972094200434e-03
2.551317757926881407e-03
2.546831305458908869e-03
2.543350033636670483e-03
2.539602959179319483e-03
2.535100204288028101e-03
2.529538001224864406e-03
2.527532460866495877e-03
2.522918664384633108e-03
2.518650323501788173e-03
2.513850197545252924e-03
2.511679735733196323e-03
2.506844368821475790e-03
2.503411713638342955e-03
2.499558237090241351e-03
2.496070527704432641e-03
2.492610061890445598e-03
2.488479188818018984e-03
2.483930968272034245e-03
2.480654348561074640e-03
2.477734619169496156e-03
2.472600711218546875e-03
2.469772927230223878e-03
2.465077513188589260e-03
2.461960987071506578e-03
2.458655178954359272e-03
2.455472810950595948e-03
2.450410305289551539e-03
