7.587199998572469184e-01
8.765999985933303762e-01
8.921400008201598730e-01
9.011600028276443020e-01
9.070600016117096320e-01
9.122799997329711363e-01
9.164600013494491604e-01
9.200600006580352819e-01
9.232400021553039959e-01
9.266000012159347765e-01
9.293200014829635647e-01
9.317400017976761317e-01
9.335800012350082833e-01
9.350800009965896109e-01
9.373400006294250186e-01
9.387000004053115410e-01
9.404000021219253158e-01
9.415800007581710540e-01
9.434600028991698695e-01
9.444800016880035010e-01
9.456600017547607262e-01
9.470000009536743146e-01
9.482800009250640372e-01
9.496799993515014915e-01
9.503000018596649001e-01
9.510600022077559945e-01
9.521000019311904872e-01
9.530199998617172596e-01
9.540200028419494327e-01
9.548600039482116886e-01
9.556800028085709053e-01
9.567600038051605749e-01
9.576000021696090547e-01
9.584400035142898178e-01
9.591600019931793009e-01
9.598600045442581274e-01
9.610200051069259786e-01
9.620400036573409919e-01
9.625000056028366613e-01
9.629600043296814293e-01
9.640400043725967372e-01
9.644800052642822363e-01
9.650000054836272989e-01
9.658200056552886936e-01
9.661800069808960112e-01
9.666800050735473437e-01
9.670400060415268451e-01
9.678400059938431221e-01
9.682000079154968741e-01
9.687800056934356974e-01
9.690800073146820237e-01
9.695800087451934557e-01
9.699000085592269782e-01
9.704200073480605537e-01
9.711000084877013938e-01
9.712200078964233763e-01
9.723200081586838017e-01
9.723200085163116180e-01
9.730800091028213306e-01
9.733800084590912283e-01
9.733800090551376627e-01
9.742000097036361828e-01
9.747600082159042501e-01
9.751000097990035753e-01
9.753200103044510350e-01
9.756000090837478878e-01
9.755800085067749539e-01
9.762800096273421824e-01
9.764200085401535389e-01
9.768200104236602899e-01
9.774200104475021522e-01
9.775400108098983853e-01
9.777000108957291102e-01
9.782400096654891852e-01
9.782800105810165459e-01
9.782200106382370475e-01
9.788000098466873578e-01
9.792600110769271726e-01
9.795800111293793133e-01
9.795200111865997039e-01
9.802200102806091220e-01
9.802800120115280347e-01
9.804600108861922791e-01
9.806600105762481867e-01
9.805800130367279266e-01
9.811600106954574407e-01
9.811400108337402504e-01
9.817000118494033645e-01
9.817600102424621777e-01
9.819800103902817101e-01
9.823800106048583558e-01
9.825200097560882195e-01
9.829800102710724019e-01
9.830400108098983347e-01
9.834000097513199146e-01
9.833800125122070801e-01
9.835400093793869036e-01
9.835800111293793169e-01
9.841400103569031277e-01
9.842400103807449341e-01
9.844800105094909659e-01
9.847600098848342531e-01
9.849400106668472210e-01
9.849200102090835962e-01
9.850200096368789682e-01
9.852000104188919360e-01
9.854400106668472770e-01
9.856000108718871999e-01
9.858600107431412241e-01
9.860000106096267203e-01
9.861800106763839446e-01
9.862600092887878755e-01
9.864400103092193506e-01
9.865400097370147225e-01
9.867800107002258070e-01
9.868200095891952461e-01
9.872400101423263186e-01
9.872200100421905100e-01
9.875000096559524154e-01
9.874400097131729170e-01
9.878000100851058729e-01
9.876200096607208323e-01
9.879200085401534936e-01
9.879800094366073537e-01
9.880400100946425956e-01
9.882600089311599501e-01
9.883600091934203746e-01
9.885600082874298478e-01
9.886600084304809632e-01
9.888400081396102603e-01
9.887400095462799410e-01
9.889800090789795384e-01
9.891600085496902173e-01
9.891600090265274536e-01
9.892200090885162611e-01
9.893000092506408771e-01
9.896000089645385911e-01
9.897000088691710884e-01
9.897200083732604625e-01
9.897400088310241983e-01
9.899400086402893040e-01
9.901000078916549763e-01
9.898800090551376218e-01
9.900600078105926682e-01
9.903600085973739420e-01
9.903800084590911323e-01
9.904400082826614327e-01
9.905800083875656581e-01
9.904400079250336164e-01
9.907200082540511543e-01
9.908000084161758814e-01
9.907600076198578298e-01
9.908000081777572632e-01
9.911600074768066593e-01
9.910800080299377868e-01
9.912200078964233940e-01
9.911800074577331587e-01
9.913400079011916999e-01
9.914400072097778738e-01
9.914200074672698815e-01
9.915800075531006064e-01
9.915200071334838716e-01
9.917200069427489773e-01
9.918600074052810189e-01
9.916800079345703400e-01
9.917400075197220222e-01
9.920200071334839276e-01
9.920600072145462356e-01
9.922000067234039156e-01
9.922800068855285316e-01
9.922400070428848418e-01
9.924200069904327570e-01
9.924200067520141388e-01
9.925200068950652543e-01
9.928200066089629683e-01
9.925400067567825557e-01
9.927400060892105360e-01
9.928400061130523424e-01
9.929600064754485755e-01
9.930200062990188759e-01
9.928400064706802697e-01
9.932000061273574820e-01
9.931200060844421751e-01
9.936000059843063115e-01
9.933600062131882069e-01
9.935200059413910045e-01
9.935000059604645051e-01
9.935400061607361222e-01
9.936800059080124203e-01
9.938000056743622190e-01
9.936000057458878043e-01
9.939200056791305249e-01
9.940200055837631332e-01
9.941400053501129319e-01
9.940600055456161321e-01
9.941000055074691311e-01
9.941800051927566217e-01
9.942800052165985392e-01
9.942800054550170463e-01
9.946000049114227526e-01
9.945400050878524523e-01
9.944600050449371453e-01
9.946600050926208691e-01
9.946200051307678702e-01
9.947800048589706678e-01
9.948000049591064764e-01
9.948600047826766657e-01
9.949600044488906558e-01
9.951600046157836887e-01
9.950600047111510804e-01
9.952200044393539891e-01
9.952800043821334874e-01
9.953000044822692960e-01
9.954000043869019043e-01
9.954400042295455941e-01
9.956400038003921926e-01
9.955800042152405105e-01
9.957200040817261177e-01
9.956200041770935094e-01
9.956200039386748912e-01
9.956000041961670100e-01
9.957800040245056161e-01
9.957400040626526172e-01
9.960800037384033301e-01
9.959000039100647239e-01
9.959400037527084137e-01
9.960000038146972212e-01
9.961200035810470199e-01
9.960400037765503312e-01
9.961400036811828285e-01
9.961600036621093279e-01
9.962200036048889373e-01
9.963600034713745446e-01
9.962600035667419363e-01
9.963400033712387360e-01
9.964400033950805424e-01
9.965000033378601518e-01
9.965000033378601518e-01
9.965000032186508427e-01
9.966200032234191486e-01
9.967000031471252575e-01
9.967200031280517569e-01
9.967600030899047558e-01
9.968000030517578658e-01
9.969400029182433620e-01
9.970000028610229714e-01
9.970000027418136623e-01
9.970200028419494709e-01
9.969800027608871629e-01
9.969600028991699725e-01
9.971200027465820792e-01
9.972200026512145765e-01
9.972000026702880771e-01
9.972000026702880771e-01
9.974200024604796821e-01
9.972400026321410760e-01
9.973600025177001838e-01
9.973200025558471848e-01
9.973200024366378758e-01
9.974000024795531827e-01
9.975000023841857910e-01
9.976200022697448988e-01
9.974600024223327921e-01
9.976800022125243972e-01
9.975000023841857910e-01
9.975600023269652894e-01
9.975800023078918999e-01
9.976800022125243972e-01
9.977400021553040066e-01
9.977200021743773961e-01
9.978400020599365039e-01
9.978200020790100044e-01
9.978200020790100044e-01
9.978200020790100044e-01
9.979400019645691122e-01
9.979000020027161133e-01
9.978400020599365039e-01
9.979400019645691122e-01
9.980000019073486106e-01
9.979800019264221111e-01
9.980200018882751101e-01
9.981800017356872168e-01
9.981400017738342179e-01
9.981000018119812189e-01
9.981400017738342179e-01
9.982200016975403267e-01
9.982600016593933256e-01
9.981800017356872168e-01
9.982600016593933256e-01
9.982800016403198251e-01
9.982200016975403267e-01
9.982400016784668262e-01
9.983400015830993235e-01
9.983800015449524334e-01
9.983400015830993235e-01
9.983400015830993235e-01
9.983400015830993235e-01
9.984600014686584313e-01
9.984400013685226227e-01
9.984600014686584313e-01
9.985000014305114302e-01
9.984800014495849307e-01
9.985000014305114302e-01
9.985400013923645401e-01
9.986000013351440385e-01
9.985000014305114302e-01
9.986200013160705380e-01
9.984600014686584313e-01
9.986000013351440385e-01
9.986000013351440385e-01
9.986200013160705380e-01
9.986200013160705380e-01
9.986400012969970374e-01
9.986200013160705380e-01
9.986800012588501474e-01
9.986600012779235369e-01
9.987200012207031463e-01
9.986200013160705380e-01
9.987000012397766469e-01
9.987000012397766469e-01
9.987200012207031463e-01
9.986800012588501474e-01
9.987600011825561452e-01
9.987200012207031463e-01
9.987200012207031463e-01
9.987800011634826447e-01
9.988000011444091442e-01
9.988000011444091442e-01
9.988200011253356436e-01
9.988000011444091442e-01
9.988200011253356436e-01
9.988000011444091442e-01
9.988800010681152530e-01
9.988000011444091442e-01
9.988200011253356436e-01
9.988600010871887536e-01
9.989000010490417525e-01
9.989200010299682519e-01
9.988600010871887536e-01
9.989600009918212509e-01
9.988600010871887536e-01
9.989800009727477503e-01
9.989600009918212509e-01
9.989800009727477503e-01
9.990200009346008603e-01
9.989800009727477503e-01
9.989800009727477503e-01
9.990000009536743608e-01
9.989800009727477503e-01
9.990400009155273597e-01
9.990400009155273597e-01
9.990400009155273597e-01
9.990000009536743608e-01
9.990200009346008603e-01
9.990600008964538592e-01
9.990600008964538592e-01
9.991000008583068581e-01
9.990800008773803587e-01
9.991000008583068581e-01
9.990600008964538592e-01
9.991000008583068581e-01
9.991200008392333576e-01
9.991000008583068581e-01
9.991200008392333576e-01
9.991200008392333576e-01
9.990800008773803587e-01
9.991000008583068581e-01
9.990800008773803587e-01
9.991000008583068581e-01
9.991400008201598570e-01
9.991400008201598570e-01
9.991400008201598570e-01
9.991800007820129670e-01
9.991600008010864675e-01
9.991400008201598570e-01
9.992200007438659659e-01
9.991800007820129670e-01
9.991600008010864675e-01
9.992200007438659659e-01
9.992200007438659659e-01
9.992000007629394664e-01
9.992200007438659659e-01
9.992200007438659659e-01
9.992200007438659659e-01
9.992400007247924654e-01
9.992800006866454643e-01
9.992200007438659659e-01
9.992800006866454643e-01
9.992800006866454643e-01
9.993200006484985742e-01
9.993200006484985742e-01
9.992800006866454643e-01
9.993200006484985742e-01
9.993200006484985742e-01
9.993600006103515732e-01
9.992800006866454643e-01
9.993600006103515732e-01
9.993000006675720748e-01
9.993800005912780726e-01
9.993600006103515732e-01
9.993400006294250737e-01
9.993600006103515732e-01
9.993400006294250737e-01
9.994000005722045721e-01
9.993800005912780726e-01
9.993400006294250737e-01
9.993600006103515732e-01
9.993600006103515732e-01
9.993800005912780726e-01
9.994400005340575710e-01
9.994200005531310715e-01
9.994000005722045721e-01
9.994200005531310715e-01
9.994200005531310715e-01
9.994400005340575710e-01
9.994400005340575710e-01
9.994400005340575710e-01
9.994200005531310715e-01
9.994200005531310715e-01
9.994600005149841815e-01
9.994200005531310715e-01
9.994800004959106809e-01
9.994400005340575710e-01
9.994600005149841815e-01
9.994600005149841815e-01
9.994400005340575710e-01
9.994400005340575710e-01
9.994800004959106809e-01
9.994600005149841815e-01
9.994800004959106809e-01
9.995000004768371804e-01
9.994600005149841815e-01
9.995200004577636799e-01
9.995000004768371804e-01
9.994800004959106809e-01
9.995000004768371804e-01
9.995400004386901793e-01
9.995400004386901793e-01
9.995600004196166788e-01
9.995400004386901793e-01
9.995000004768371804e-01
9.995600004196166788e-01
9.995400004386901793e-01
9.995600004196166788e-01
9.995400004386901793e-01
9.995800004005431783e-01
9.995800004005431783e-01
9.995400004386901793e-01
9.996000003814696777e-01
9.995600004196166788e-01
9.996000003814696777e-01
9.996000003814696777e-01
9.995600004196166788e-01
9.995800004005431783e-01
9.995800004005431783e-01
9.995800004005431783e-01
9.996000003814696777e-01
9.996000003814696777e-01
9.996000003814696777e-01
9.996000003814696777e-01
9.996400003433227877e-01
9.996200003623962882e-01
9.996800003051757866e-01
9.996200003623962882e-01
9.996000003814696777e-01
9.996200003623962882e-01
9.996800003051757866e-01
9.996400003433227877e-01
9.996600003242492871e-01
9.996600003242492871e-01
9.996800003051757866e-01
9.996600003242492871e-01
9.996800003051757866e-01
9.996800003051757866e-01
9.996800003051757866e-01
9.996800003051757866e-01
9.996600003242492871e-01
9.997000002861022860e-01
9.996800003051757866e-01
9.997000002861022860e-01
9.996800003051757866e-01
9.996600003242492871e-01
9.997400002479552850e-01
9.997000002861022860e-01
9.997400002479552850e-01
9.997000002861022860e-01
9.997400002479552850e-01
9.997000002861022860e-01
9.997000002861022860e-01
9.997400002479552850e-01
9.997200002670287855e-01
9.997200002670287855e-01
9.997000002861022860e-01
9.997000002861022860e-01
9.997000002861022860e-01
9.997600002288817844e-01
9.997400002479552850e-01
9.997200002670287855e-01
9.997400002479552850e-01
9.997600002288817844e-01
