1.054261814192280822e+00
5.067076695218115656e-01
4.104521241741930782e-01
3.658224621296748968e-01
3.381792697242675394e-01
3.183026723288833182e-01
3.023478404147402765e-01
2.891094219164190293e-01
2.778646828698855265e-01
2.677743919351301405e-01
2.588465616035305894e-01
2.507022424133231175e-01
2.431232742460574803e-01
2.361795091508893940e-01
2.297060193111334636e-01
2.236208833258009898e-01
2.178051236834273319e-01
2.124303782125349649e-01
2.073805160991776531e-01
2.024951500438610386e-01
1.978548780314855760e-01
1.934809480746668142e-01
1.891432077634146169e-01
1.851268351636751186e-01
1.812818959562371712e-01
1.777201883084422729e-01
1.740938944436134783e-01
1.708153588304191506e-01
1.675456796696994655e-01
1.643661338740960987e-01
1.613626938907176400e-01
1.583708014410204479e-01
1.556399187516110116e-01
1.529114916936598900e-01
1.502168262628608142e-01
1.476600153273944227e-01
1.452297827386483942e-01
1.428821622887856413e-01
1.405947897982266215e-01
1.383017400536753760e-01
1.361625970524184270e-01
1.340109325246100491e-01
1.319513914027041768e-01
1.299625851558260659e-01
1.280310719206795567e-01
1.261679639268785680e-01
1.242139910033846356e-01
1.223662717388557808e-01
1.208002688936351543e-01
1.190383627402373939e-01
1.174312826696493062e-01
1.158194436492226143e-01
1.141478725898435326e-01
1.126088113194070733e-01
1.111573241024378517e-01
1.097141994767944911e-01
1.082222932166493762e-01
1.068988885889138318e-01
1.055154473940301957e-01
1.041072102793099835e-01
1.029104327714380068e-01
1.016050674012370647e-01
1.003818286784705638e-01
9.913362367708725142e-02
9.789234816688373308e-02
9.675159430183818965e-02
9.562165366644143072e-02
9.448605918713129381e-02
9.333565970717179472e-02
9.233199681425770244e-02
9.124629903552664012e-02
9.025227926817065705e-02
8.923093237596277372e-02
8.815225766805814822e-02
8.718246169049242988e-02
8.625885842707124718e-02
8.530446841361988275e-02
8.427362684506989332e-02
8.345387684515001570e-02
8.250223437104454993e-02
8.169395097120045468e-02
8.084139463878275977e-02
8.001415587696961151e-02
7.915597263150145335e-02
7.827703137635709518e-02
7.755469475263011836e-02
7.661870961635695865e-02
7.589045920614485852e-02
7.514220597230207577e-02
7.441275899459207088e-02
7.367771955717412891e-02
7.291231307703507913e-02
7.223365970495460031e-02
7.144175005381390997e-02
7.078227323717406483e-02
7.010946398790868228e-02
6.939948162671648324e-02
6.874974171830385006e-02
6.813420781405524207e-02
6.745775781173699026e-02
6.685172039955546153e-02
6.621106874860137326e-02
6.555793691553746250e-02
6.498170154275166588e-02
6.437004556905000230e-02
6.382714367827299617e-02
6.323464829994866754e-02
6.262165745968154007e-02
6.213347009651690178e-02
6.152702340967224071e-02
6.097509991145269592e-02
6.045909452852672034e-02
5.994719673405221605e-02
5.939375548734994459e-02
5.888396059448861714e-02
5.831631668815656644e-02
5.783816730917278742e-02
5.735854436974088810e-02
5.685991330326468224e-02
5.633118343441038262e-02
5.586643224226659626e-02
5.539425539759423173e-02
5.493103552562698250e-02
5.449600922567270772e-02
5.398988009340983246e-02
5.357591886692958383e-02
5.311661351946966869e-02
5.263989427443529351e-02
5.219352298818788483e-02
5.176493503470818575e-02
5.139673713111633097e-02
5.097914611297260645e-02
5.053246205550385867e-02
5.011228474092401658e-02
4.976731684586906818e-02
4.932612496088790988e-02
4.893935432167192262e-02
4.852118211063053549e-02
4.815784468818826852e-02
4.781924351245071120e-02
4.742208830404475578e-02
4.701939458849614673e-02
4.669714285023764122e-02
4.631016552977332279e-02
4.596252348834194840e-02
4.562810420755496199e-02
4.525824200649136708e-02
4.491679126921578613e-02
4.457673381564310894e-02
4.424807741135814571e-02
4.387741187476115745e-02
4.355755913742192370e-02
4.323863695416797076e-02
4.290301176842830494e-02
4.252723389965225309e-02
4.228462465586671493e-02
4.195000665572926057e-02
4.162592431876949856e-02
4.132337116542249278e-02
4.102987113881552406e-02
4.075154060676577233e-02
4.041050002001597696e-02
4.014600766789477165e-02
3.980324570176788090e-02
3.954718746763031395e-02
3.930442603954040909e-02
3.897646214698374106e-02
3.861705332037059651e-02
3.840190634264897124e-02
3.813741902249807858e-02
3.787013436848278569e-02
3.757229990211621851e-02
3.732796458390743449e-02
3.710121659876907535e-02
3.684313064764246914e-02
3.654216448314843296e-02
3.629522819379621401e-02
3.606426103388477022e-02
3.580288968054639448e-02
3.552114904997277084e-02
3.533582576263311070e-02
3.506759757525054061e-02
3.485035280262657742e-02
3.455580536347019338e-02
3.434240934616195756e-02
3.413134555454915009e-02
3.387486312022211510e-02
3.363912162702491215e-02
3.343059281772491065e-02
3.320852080188327338e-02
3.297599493837974349e-02
3.275688326772407261e-02
3.256607348461394713e-02
3.231971303089696546e-02
3.211314724056630460e-02
3.190119721237034273e-02
3.169962327326251994e-02
3.149038118212142690e-02
3.127182852783693540e-02
3.108192672153882452e-02
3.087502595474690345e-02
3.065814790178984436e-02
3.045641190452312227e-02
3.027282774520174968e-02
3.005664007268672375e-02
2.989140436021459762e-02
2.968267682360622647e-02
2.948841666672864098e-02
2.929285731066642515e-02
2.909992690268532398e-02
2.890899561738006704e-02
2.871760326098963395e-02
2.855563772871935052e-02
2.835998335829027772e-02
2.820779702765841696e-02
2.802012806405279957e-02
2.786448619597870976e-02
2.769688008815253746e-02
2.749190008451828440e-02
2.733016272887238071e-02
2.717432353598309147e-02
2.703679850712965849e-02
2.682146608497090398e-02
2.667151303560479775e-02
2.651101081000164367e-02
2.634671246694640298e-02
2.619844752433916901e-02
2.600306045911671138e-02
2.587789020293564460e-02
2.569390961949161167e-02
2.556938193003576582e-02
2.542716500650897202e-02
2.523761515021185828e-02
2.511569977983472979e-02
2.495088925126394061e-02
2.480544693370496587e-02
2.465701466358006383e-02
2.453195725217123535e-02
2.435674940094370577e-02
2.419863882398953434e-02
2.408709451942338958e-02
2.394432354382136294e-02
2.379377932192904346e-02
2.369116565018100987e-02
2.350663039027666226e-02
2.338651121803229233e-02
2.325661237661770867e-02
2.310224404000378248e-02
2.299851454587628283e-02
2.285272333221944827e-02
2.271868942442488090e-02
2.258448083453797745e-02
2.244428049507439515e-02
2.233916126631595861e-02
2.218530586710629193e-02
2.209230018359982159e-02
2.196532905040444669e-02
2.183539825899231610e-02
2.170403525548170176e-02
2.156276077668995220e-02
2.146430985123745638e-02
2.134042256423833786e-02
2.123420738684395070e-02
2.108373500874988551e-02
2.096362645547517750e-02
2.088659389103425523e-02
2.076305753486936898e-02
2.064937824589057822e-02
2.054757637634368680e-02
2.041873237019455056e-02
2.028791584986555652e-02
2.021567833458959643e-02
2.008099205681868754e-02
1.997889532942006760e-02
1.985872294272906027e-02
1.978086627821590976e-02
1.965955927341106815e-02
1.954366060106730446e-02
1.943109662703918286e-02
1.931471147547906761e-02
1.924350132077590550e-02
1.913393220455495564e-02
1.903351170539778481e-02
1.891896993426269227e-02
1.881974912320135210e-02
1.872092458310488372e-02
1.862932176485839961e-02
1.853121108608580050e-02
1.843367319251772163e-02
1.833228457608769915e-02
1.824144074819356726e-02
1.814018611761922251e-02
1.804280310607906529e-02
1.795183075280086527e-02
1.783873811682799154e-02
1.777524099322982595e-02
1.767674673845987324e-02
1.757894857303278491e-02
1.749678337842229883e-02
1.738845744371815896e-02
1.733016794832173413e-02
1.723133827534371193e-02
1.713166872097821730e-02
1.705256472296737616e-02
1.696061009437612246e-02
1.688865190770002384e-02
1.679795910812767121e-02
1.670149434448093759e-02
1.663644877627900448e-02
1.652534976905915137e-02
1.645993835929805693e-02
1.638410116882687423e-02
1.627905401434132440e-02
1.622839973768905666e-02
1.612043070866067337e-02
1.605135254833552766e-02
1.597572225161215595e-02
1.588358584656129543e-02
1.581930883792994139e-02
1.572285287552370459e-02
1.566200002766076835e-02
1.558566304651692706e-02
1.550062348338883227e-02
1.543127528784734963e-02
1.536061999842608210e-02
1.527918769785159385e-02
1.520197792313543461e-02
1.514455428215799593e-02
1.506094561193916520e-02
1.499287185122426085e-02
1.490323170138309512e-02
1.485025696754277771e-02
1.477255466437508644e-02
1.470532103854747114e-02
1.462594610808792134e-02
1.455333273324012529e-02
1.448995230132394535e-02
1.439882664665643845e-02
1.435145883776478733e-02
1.429809288410078226e-02
1.420414783835878200e-02
1.414513547525380992e-02
1.407839246184296698e-02
1.402272178389123332e-02
1.396263952051139158e-02
1.387744343525186032e-02
1.383060633153919243e-02
1.375914151462466831e-02
1.370451916291307373e-02
1.362383752606826162e-02
1.356947697445507264e-02
1.349626412860094674e-02
1.344121313238437476e-02
1.338190757302879993e-02
1.332464325216962432e-02
1.326153070952021222e-02
1.320383289340299436e-02
1.314730173359333724e-02
1.307715240249620811e-02
1.302021896153087062e-02
1.296307942003380870e-02
1.290710197107466407e-02
1.284751265044601146e-02
1.278241436437286931e-02
1.273356932319355712e-02
1.267380573570907505e-02
1.261068855682966235e-02
1.257124361081290477e-02
1.250922864156499281e-02
1.245177103724501994e-02
1.239475012010224017e-02
1.234660572449257192e-02
1.229980820924027156e-02
1.222977736021738614e-02
1.218860408492162747e-02
1.212657588524660227e-02
1.206809908030742964e-02
1.202859946162210952e-02
1.195932046714704919e-02
1.192359699909600716e-02
1.186223602755472929e-02
1.181873212109797212e-02
1.175558480798722001e-02
1.171868720816487443e-02
1.166569836485730448e-02
1.161599361904638514e-02
1.155941842309673659e-02
1.151595972928895310e-02
1.147011049259699482e-02
1.141482444939907401e-02
1.136259487179743996e-02
1.132265000360479189e-02
1.127355339080904177e-02
1.122211480609766610e-02
1.116671817646560164e-02
1.112758572431772272e-02
1.107751809167036895e-02
1.104597035223395946e-02
1.100175153002816951e-02
1.095178781930980678e-02
1.089729029975006029e-02
1.086440588064769078e-02
1.080383719976206296e-02
1.076264666586447365e-02
1.072519516832146601e-02
1.068059273170002786e-02
1.063810512424061099e-02
1.059142069414440238e-02
1.055034280441449583e-02
1.050680860595052182e-02
1.046753904838015718e-02
1.042331568112294174e-02
1.037628380415832156e-02
1.034205054877354764e-02
1.028899214310550515e-02
1.025105705917761338e-02
1.021932702800972155e-02
1.015658923648382790e-02
1.013083665192761156e-02
1.009519669216259706e-02
1.005014688613831836e-02
1.000143055126077873e-02
9.968240034904107122e-03
9.933507767057049229e-03
9.894535497834221205e-03
9.848512949463990307e-03
9.818307215751199968e-03
9.776405710395426676e-03
9.742327255882378065e-03
9.693579473892252607e-03
9.662743336701340099e-03
9.621480862139883752e-03
9.583186812596664050e-03
9.553050171095214815e-03
9.517980831162974054e-03
9.482778012651873339e-03
9.435377781718354978e-03
9.401396855463471994e-03
9.367896820911431402e-03
9.324811572073465546e-03
9.291987616413548492e-03
9.259957440575693199e-03
9.229124919351900172e-03
9.190642750536484260e-03
9.159610163221615364e-03
9.118950335957753603e-03
9.079820700240912729e-03
9.057344341671304255e-03
9.019100406697802552e-03
8.983558293937475916e-03
8.955022184114215175e-03
8.921781641971287050e-03
8.877650655589071696e-03
8.850793004173724762e-03
8.820196048096331370e-03
8.794074695926037966e-03
8.756089786735705982e-03
8.716683078695927622e-03
8.691882576747770803e-03
8.651147629082247756e-03
8.625031407559961491e-03
8.576847980010586861e-03
8.567868941033465746e-03
8.537747026343415341e-03
8.505689129930519773e-03
8.471936154881912207e-03
8.429949247516272184e-03
8.404132087039445018e-03
8.378117551337299629e-03
8.349619870209629147e-03
8.311745786531231361e-03
8.296643257814678707e-03
8.263442028011795323e-03
8.231422835964461240e-03
8.195276659837024899e-03
8.175397826884492347e-03
8.133069578484997467e-03
8.112486690052368027e-03
8.081873763608712555e-03
8.057484073194710883e-03
8.028975529766085861e-03
7.997700481256758351e-03
7.975937081064490841e-03
7.939836474830380339e-03
7.920536018860105040e-03
7.890690886851596184e-03
7.859713353297227353e-03
7.830000501102520744e-03
7.811677041733143360e-03
7.778336309119381412e-03
7.755153246794031265e-03
7.726478726085507856e-03
7.697824879856710739e-03
7.679002081550609891e-03
7.642520518128448868e-03
7.624995995154779625e-03
7.596591619691709166e-03
7.559505823016085188e-03
7.547715401749217207e-03
7.522191897179344826e-03
7.492655802583132740e-03
7.468162418802663967e-03
7.436219955530524485e-03
7.418188723469143139e-03
7.389338227055513783e-03
7.367777834433787525e-03
7.341663635657091208e-03
7.320810457096206883e-03
7.293456346834852749e-03
7.267409381470538166e-03
7.243032851613353564e-03
7.224090019442492606e-03
7.198668647090527076e-03
7.177412288485972292e-03
7.148407128901414567e-03
7.124413814496092547e-03
7.098542583409748682e-03
7.085395063937458167e-03
7.059824974604662733e-03
7.027854524685699447e-03
7.005617817769002262e-03
6.992681594452902424e-03
6.960609238267314279e-03
6.943120687439305674e-03
6.919187185865524614e-03
6.900254819422168770e-03
6.876676637981159190e-03
6.850520714603632044e-03
6.830036139039366225e-03
6.815837370902079820e-03
6.785202786334397496e-03
6.765193415986309709e-03
6.749001144444942250e-03
6.724519714544502542e-03
6.704028598408047837e-03
6.684524801502404225e-03
6.652648166154523889e-03
6.638500296803912480e-03
6.620524946972745906e-03
6.601454314235836660e-03
6.581828486004858390e-03
6.557497535196571761e-03
6.537981773300934572e-03
6.516738587865022504e-03
6.492748283436126575e-03
6.476276140687712776e-03
6.456328596811265232e-03
6.438524769501559851e-03
6.419388286048067008e-03
6.399053368205084510e-03
6.375143879458838869e-03
6.357683885994170649e-03
6.340452264436141280e-03
6.319089799791358097e-03
6.299322055665097092e-03
6.280440532183533334e-03
6.268468766953977020e-03
6.242056992791310266e-03
6.228604441040786789e-03
6.207412893519302644e-03
6.186660829847790387e-03
6.167332735378406802e-03
6.149521667213148253e-03
6.131497985239179813e-03
6.115458667946199051e-03
6.095098451701211340e-03
6.077690871169064146e-03
6.059456485529699302e-03
6.041228399740783059e-03
6.019761095810754505e-03
6.011701589060560250e-03
5.990931470704762181e-03
5.968601845403974718e-03
5.954264853606128401e-03
5.939906315849066525e-03
5.919678966226996249e-03
5.899761914122011487e-03
5.886002336647664160e-03
5.869545018748032091e-03
5.850775892080710416e-03
5.833946015337078406e-03
5.819596048344520892e-03
5.798332931662760620e-03
5.784216463106237396e-03
5.768924490133972398e-03
5.751396985593165874e-03
5.732959890279968815e-03
5.717225539769788152e-03
5.703642751381104992e-03
5.690843755265542064e-03
5.671670386822972275e-03
5.647813811363255887e-03
5.641237364623696154e-03
5.622986884061115936e-03
5.604069205179274329e-03
5.583664719246935783e-03
5.578423569425616790e-03
5.560646596238586967e-03
5.542641221511856661e-03
5.532011665658659143e-03
5.511199757884876864e-03
5.501195675257061594e-03
5.481963385782340388e-03
5.470184398417135552e-03
5.454252938598449542e-03
5.436359048863487024e-03
5.424450177426592447e-03
5.406900783616721065e-03
5.395345551945087033e-03
5.378996737043780646e-03
5.366466415089174262e-03
5.345957431337367873e-03
5.336017502697749069e-03
5.318979176825958978e-03
5.306897219131927537e-03
5.294268305632503224e-03
5.276435729659360169e-03
5.265555558556319141e-03
5.247038385675361315e-03
5.234202818115417724e-03
5.223956117556174950e-03
5.207093923757699985e-03
5.192525335860743649e-03
5.182708387674542921e-03
5.167863215840719400e-03
5.155626271676133805e-03
5.138083400165202076e-03
5.127886293254627081e-03
5.112124008477270110e-03
5.099165078188631905e-03
5.082031057502389877e-03
5.073311037910731465e-03
5.054654823806798390e-03
5.046060612582782025e-03
5.034072867690753128e-03
5.017154019803286846e-03
5.008897196374915463e-03
4.995811051189857216e-03
4.980134073312459178e-03
4.970201362421552450e-03
4.955932789164574533e-03
4.941650575197921967e-03
4.930389927312662721e-03
4.917680243607589624e-03
4.899990133909853593e-03
4.890387727366423548e-03
4.879993416263981622e-03
4.867714166798867668e-03
4.857318733788460775e-03
4.843132435763409724e-03
4.832017221237759098e-03
4.819139819120117282e-03
4.805625041331435671e-03
4.793838000570929507e-03
4.780055717219374237e-03
4.769743473032212258e-03
4.760443734467567981e-03
4.746295160477411075e-03
4.733298276853380865e-03
4.723870648825302318e-03
4.710240015372326762e-03
4.701387060053849494e-03
4.687685856435654629e-03
4.676492840035503806e-03
4.666246490561607591e-03
4.653186189231316508e-03
4.642645858328365779e-03
4.631651277990291027e-03
4.620617907670953629e-03
4.605240610006607754e-03
4.600084496717865568e-03
4.584191256315866582e-03
4.574167811949033692e-03
4.564510742670232525e-03
4.554280543611478708e-03
4.539175189633907863e-03
4.531040481277887402e-03
4.520138338670285326e-03
4.507715392720674369e-03
4.494273238722741245e-03
4.488332540250443599e-03
4.474741104509958808e-03
4.466941991263584551e-03
4.454572909409452650e-03
4.445866046601378713e-03
4.434822130732650122e-03
4.422156325172235496e-03
4.413099093990366026e-03
4.402963407620516523e-03
4.394160556243555810e-03
4.383250897660775566e-03
4.371180008628612265e-03
4.360599945680661109e-03
4.352439216854548688e-03
4.341147394175929805e-03
4.330865336373269231e-03
4.319176239370428085e-03
4.312868118583452169e-03
4.301759768325698688e-03
4.291073877994902759e-03
4.279544617469975901e-03
4.271585851207550244e-03
4.257143713016761644e-03
4.251459568978933380e-03
4.240697997361234269e-03
4.232682778518652954e-03
4.221461691945401287e-03
4.213295512478131694e-03
4.202934745948548774e-03
4.192683140188602914e-03
4.185777390108390804e-03
4.175578729624101690e-03
4.165510540202007998e-03
4.157455886849742085e-03
4.143468067095877443e-03
4.135907310551491071e-03
4.127480273419623959e-03
4.119399602720143043e-03
4.109506156762417900e-03
4.097725196712920237e-03
4.089437380057321138e-03
4.081826476956432886e-03
4.070607506928045072e-03
4.062586416580383879e-03
4.055048163527886877e-03
4.043612916953411018e-03
4.033161789085602800e-03
4.028298232345526100e-03
4.016479709393581086e-03
4.010532458928544285e-03
4.001034938675721020e-03
3.991785021103611344e-03
3.982670061092509310e-03
3.973318794690320482e-03
3.964802657338456146e-03
3.955673833024643885e-03
3.949754122913075316e-03
3.938810408586930836e-03
3.931011094048809419e-03
3.922727125249811375e-03
3.913488402892433514e-03
3.905003018587292502e-03
3.896440604900839200e-03
3.889168198243674653e-03
3.879431996523004331e-03
3.870579251416335093e-03
3.864805420350235759e-03
3.855997534426219321e-03
3.847014155554840005e-03
3.839651198091351397e-03
3.830718882113372682e-03
3.822081430165568273e-03
3.814934507364001800e-03
3.807550844715618023e-03
3.798587732212510212e-03
3.789408999976898781e-03
3.782230429177875670e-03
3.773459208671499192e-03
3.766750742040180736e-03
3.756990559827952641e-03
3.751381448739651153e-03
3.742138011314937590e-03
3.734630026951451989e-03
3.726894892982248603e-03
3.719647215400156449e-03
3.711260696248083139e-03
3.704068449903767917e-03
3.696392902456867215e-03
3.689249624314166250e-03
3.680383279564069989e-03
3.673805827013619518e-03
3.667132241162989349e-03
3.657189291288641571e-03
3.651537488400859958e-03
3.644245913804983888e-03
3.636512465928075366e-03
3.627485381198608874e-03
3.620755087696021259e-03
3.613302432703564913e-03
3.605819861655426388e-03
3.598302169897706852e-03
3.591116279092978862e-03
3.585170094294027818e-03
3.577867874218133414e-03
3.569300354422123237e-03
3.562718035497993308e-03
3.556351146260741929e-03
3.547331631451682531e-03
3.542273783465705803e-03
3.532995614514260804e-03
3.526236070227814316e-03
3.518789855624998401e-03
3.512082667749911492e-03
3.504446205274176600e-03
3.498982302036078313e-03
3.491009254042283950e-03
3.485100123379416149e-03
3.477860043881364840e-03
3.470057286012740317e-03
3.464215218988364424e-03
3.459362551186402190e-03
3.450687459534188071e-03
3.441895762377830074e-03
3.437241990355990526e-03
3.430130568690052065e-03
3.420303829744576404e-03
3.416288794343111217e-03
3.409620044629113264e-03
3.403278066788495339e-03
3.397119947743416392e-03
3.391004050376403983e-03
3.382194762385343483e-03
3.377603242176723409e-03
3.370518377554688333e-03
3.363219939557616361e-03
3.358428799201060039e-03
3.351347244432172166e-03
3.343115673381004838e-03
3.337908348889523282e-03
3.331063060444078121e-03
3.325755829922312414e-03
3.316023156143783207e-03
3.312356865600699432e-03
3.306056463991129298e-03
3.296626878709095487e-03
3.294067242811856040e-03
3.287832247570290738e-03
3.281329717206722327e-03
3.274410481921337639e-03
3.267719316616593712e-03
3.263601117931553067e-03
3.255635980972083725e-03
3.249130953386893984e-03
3.245329620718987850e-03
3.237859433819826032e-03
3.231562965842126219e-03
3.225644157471522101e-03
3.217889742263257188e-03
3.213795295952572538e-03
3.206503741341298116e-03
3.200469234279883311e-03
3.195541880735522366e-03
3.190426110899827628e-03
3.183769392146415089e-03
3.178529435263067592e-03
3.172864022636540712e-03
3.166464376568133357e-03
3.160925744120711423e-03
3.154614759313691813e-03
3.148398164481130707e-03
3.142443396438693044e-03
3.135857915561681732e-03
3.131887315000237565e-03
3.124120245994056917e-03
3.120236615351718555e-03
3.114570998223180863e-03
3.106658866282836252e-03
3.103018438929551481e-03
3.095663014437396391e-03
3.092718271048643976e-03
3.086647769818944790e-03
3.080161816691809329e-03
3.075846563596144282e-03
3.069643697451773356e-03
3.063731177403873802e-03
3.058244019391848697e-03
3.053254114410455973e-03
3.046708970142788121e-03
3.042515809458012747e-03
3.036235853836138487e-03
3.030533977038746100e-03
3.025618966065199509e-03
3.019626231488262667e-03
3.014312188955759787e-03
3.008835096202617989e-03
3.004167268883372460e-03
2.999020641168501783e-03
2.992813952152125791e-03
2.988700765428470123e-03
2.983234506835696215e-03
2.977560785792807314e-03
2.971978093570598872e-03
2.967131274788696593e-03
2.961435991207389280e-03
2.956023398782211577e-03
2.951043674353029563e-03
2.943924583635639924e-03
2.942465909942595676e-03
2.934159721679297905e-03
2.931653214665702091e-03
2.923086101419199948e-03
2.920588307166022222e-03
2.915390711345862331e-03
2.911546072497691543e-03
2.905539705995507666e-03
2.901500171442774039e-03
2.895897937271138881e-03
2.890258105691185988e-03
2.885257896475696207e-03
2.881139723720225684e-03
2.875376747296005692e-03
2.870286415884831018e-03
2.866093161820827250e-03
2.860022025450588944e-03
2.856100624716172327e-03
2.850323744931979042e-03
2.847011910536020266e-03
2.841298352111168261e-03
2.836260419679831422e-03
2.831650820011274387e-03
2.827340561936408665e-03
2.822028759457572214e-03
2.816855027804029098e-03
2.812675894951285113e-03
2.807820943504197014e-03
2.803027167385888172e-03
2.798382117608113218e-03
2.793114620692905246e-03
2.789271681114560003e-03
2.783358476871721898e-03
2.780269986925295103e-03
2.774884374713884952e-03
2.770337434244201247e-03
2.766058371179440541e-03
2.761300451724216579e-03
2.754338524101245314e-03
2.752425181118523575e-03
2.746500700028023639e-03
2.744436462700068635e-03
2.738469829807065829e-03
2.733413048503631308e-03
2.729276211937546170e-03
2.724640443362155110e-03
2.720777991120667486e-03
2.715927244640776311e-03
2.711694904471767184e-03
2.706680874018400993e-03
2.702586757412900938e-03
2.697709216135823172e-03
2.694385042184457412e-03
2.689803323239623161e-03
2.685324223934393382e-03
2.681208492899761833e-03
2.675794757497976240e-03
2.671509138435054082e-03
2.667813629925920669e-03
2.663836419526720810e-03
2.659177663724751790e-03
2.654028746604320151e-03
2.650324059347458280e-03
2.645565128850629714e-03
2.641529342126112696e-03
2.637961321834070543e-03
2.633791839447198729e-03
2.628669354939315497e-03
2.625315750780513307e-03
2.621306795615523880e-03
2.617081384672057063e-03
2.611130040177293919e-03
2.607239145675229169e-03
2.604062033096988561e-03
2.600394256638644593e-03
2.596045958009446462e-03
2.591671826877198041e-03
2.587216652229245260e-03
2.583939927278528642e-03
2.579291181117475233e-03
2.576149164157195883e-03
2.570966167435835212e-03
2.567857693623040727e-03
2.562337728202686987e-03
2.559036170270706598e-03
2.555242101236977238e-03
2.551094639731546227e-03
2.546616491100456552e-03
2.542430848284387215e-03
2.539423212983637958e-03
2.535450962959525777e-03
2.531316607788389531e-03
2.526644347300693611e-03
2.522943992784439874e-03
2.519487764657166087e-03
2.515374908304319687e-03
2.510561901268448890e-03
2.508654328042462904e-03
2.504102854649119941e-03
2.499994087591625967e-03
2.496373636749429741e-03
2.492318711516091582e-03
2.488946799947644711e-03
2.485141320616384309e-03
2.480631054745202364e-03
2.476806288414859069e-03
2.473289022781071343e-03
2.468623244967256634e-03
2.465247313024304231e-03
2.462242867612439694e-03
2.458742869813160606e-03
2.454814749654765389e-03
2.450696703065712023e-03
