1.191549615263938877e+00
5.539302881956100766e-01
4.411031348109245576e-01
3.926009134650230159e-01
3.635480802059173344e-01
3.429961491823196318e-01
3.269617877602576939e-01
3.138073098659515114e-01
3.025413011461496327e-01
2.923708722293377194e-01
2.832410724014043923e-01
2.749313758015632381e-01
2.672966386228800006e-01
2.601060048043727924e-01
2.533476393520832093e-01
2.472150642424821854e-01
2.412994977235794203e-01
2.357614537775516439e-01
2.305676032155752064e-01
2.255666659325361312e-01
2.208513180315494484e-01
2.164353772625327021e-01
2.120509826987981850e-01
2.079343218654394199e-01
2.039917560219764725e-01
2.003604967594146691e-01
1.966580140590667714e-01
1.932260014265775594e-01
1.899893088191747792e-01
1.867063360735773947e-01
1.837187549322843449e-01
1.806372381150722628e-01
1.778785637766122918e-01
1.751378356665372893e-01
1.724335596412420180e-01
1.698646576553583254e-01
1.673925205767154700e-01
1.650092526599764853e-01
1.626294735223055010e-01
1.603112666979432110e-01
1.581425950676202674e-01
1.559846111163497029e-01
1.539659224152565009e-01
1.518682358711958003e-01
1.499005170688033073e-01
1.479290955290198384e-01
1.461255750432610412e-01
1.443524653390050039e-01
1.424990341663360527e-01
1.407569945529103250e-01
1.391379147246480097e-01
1.374953390955925003e-01
1.358511699959635832e-01
1.343208745680749550e-01
1.326886427141726055e-01
1.311144843697547857e-01
1.296626631170511301e-01
1.282278754934668419e-01
1.268097099289298146e-01
1.253528510108590233e-01
1.241056681759655500e-01
1.226852121874690005e-01
1.214319024980068246e-01
1.200976479761302479e-01
1.188218615502119047e-01
1.177033800259232460e-01
1.163636732883751440e-01
1.151839145645499191e-01
1.140433089211583123e-01
1.129063868671655591e-01
1.117752630114555307e-01
1.105873981826007435e-01
1.096594001129269635e-01
1.085225206464529024e-01
1.075294243805110517e-01
1.064661185517907088e-01
1.054805439934134448e-01
1.045233541466295685e-01
1.035062590017914730e-01
1.025591034330427670e-01
1.016649928390979812e-01
1.007107236273586809e-01
9.981300658360123257e-02
9.883233944699168494e-02
9.805245431140065249e-02
9.708697022125124809e-02
9.624804499745369391e-02
9.545358814671635328e-02
9.462559836730360940e-02
9.381657722592354198e-02
9.299440397694706817e-02
9.226795580238103534e-02
9.146487315371631954e-02
9.066052049398422297e-02
8.990427315980195622e-02
8.913176828622818015e-02
8.845750970393419232e-02
8.771453654766082908e-02
8.698517125472426947e-02
8.633946255594492081e-02
8.559908915683626940e-02
8.488136157020927108e-02
8.420936321467160923e-02
8.349844803661107817e-02
8.281305282935499945e-02
8.225784189999103824e-02
8.160038802400230995e-02
8.083221918903291114e-02
8.030684021115302995e-02
7.965772006288171503e-02
7.910696120187640790e-02
7.845572914555669353e-02
7.778286847472190568e-02
7.722701640427112602e-02
7.665623626485466857e-02
7.604048139974474430e-02
7.544701033830643333e-02
7.493474876880645841e-02
7.437612425535916616e-02
7.384192890860140357e-02
7.321578178182244767e-02
7.276724356040357999e-02
7.220611650496720768e-02
7.171181879192591035e-02
7.126205759122967998e-02
7.067133475281298094e-02
7.017285270616412107e-02
6.960420048050582065e-02
6.908036418445408222e-02
6.867240574955940646e-02
6.822389543429016601e-02
6.770837252214551016e-02
6.723613119311630526e-02
6.676506942324340887e-02
6.622287698835134517e-02
6.580307060666382157e-02
6.538242913782596477e-02
6.485710089653730359e-02
6.445787391997873095e-02
6.399381216987967691e-02
6.356426496990025266e-02
6.308993126079440183e-02
6.268156723119318319e-02
6.227889496460557034e-02
6.187467430159449694e-02
6.139317713864147347e-02
6.109680744819342979e-02
6.063287176005542622e-02
6.021682570688426800e-02
5.984277356229722455e-02
5.948166339471936542e-02
5.906132065318524943e-02
5.862183555401861978e-02
5.831504774279892139e-02
5.791166305169462986e-02
5.754954633861780050e-02
5.712428354844450995e-02
5.678067380562424465e-02
5.643713969830423810e-02
5.606997417099773839e-02
5.570245349407196289e-02
5.535454429499805235e-02
5.498616950027644668e-02
5.459974757395684442e-02
5.428765485994517526e-02
5.396047306247055836e-02
5.367948968708514956e-02
5.330426479317247612e-02
5.297762431576848174e-02
5.263150110282004135e-02
5.230976375937462092e-02
5.196932518854737587e-02
5.166021208092570066e-02
5.129365033656358569e-02
5.111971084214746858e-02
5.071935862116515314e-02
5.046380346268415640e-02
5.015465326793491774e-02
4.985601080767810417e-02
4.954340551421046457e-02
4.922754437103867703e-02
4.900002731010318080e-02
4.865834341105073485e-02
4.831510424427688105e-02
4.803689781203866055e-02
4.773852240107953615e-02
4.751786944828927800e-02
4.720184562169015691e-02
4.699007572978734781e-02
4.668062059395015201e-02
4.640474262088536972e-02
4.615033634006977109e-02
4.585101556591689859e-02
4.557396688126027356e-02
4.532508074864745329e-02
4.506873833667486562e-02
4.485917221941054106e-02
4.452509439736604402e-02
4.433788958191871299e-02
4.406403547804802617e-02
