3.242627759695053236e+00
1.278874772429466233e+00
6.715311492085457301e-01
4.381042614877224128e-01
3.241609776318073455e-01
2.572223230004310746e-01
2.094957085102796546e-01
1.810650702714920179e-01
1.567993656545877412e-01
1.373764190301298982e-01
1.221989629492163665e-01
1.086404623687267368e-01
9.854388318955897841e-02
9.042638842016458012e-02
8.317822604253888308e-02
7.309576384723186215e-02
6.996101960167289135e-02
6.315777826309204590e-02
6.187115173041820432e-02
5.528129542618989700e-02
5.299200399778783432e-02
4.982640209048986440e-02
4.471056677028537041e-02
4.328518867306411361e-02
4.168861522339284420e-02
3.850706479698419449e-02
3.717783103138208589e-02
3.606976476870477066e-02
3.369022353179752793e-02
3.206050942465663023e-02
3.105547035858035113e-02
2.873461443185806180e-02
2.846837485674768783e-02
2.700743610970676029e-02
2.639933145232498807e-02
2.541292588505893874e-02
2.448586969915777373e-02
2.439302938431501394e-02
2.277922587562352524e-02
2.172483185399323724e-02
2.219810338597744820e-02
2.068220965098589714e-02
1.921814704686403141e-02
1.929358970373868873e-02
1.857952701672911655e-02
1.880168068874627299e-02
1.765173553861677791e-02
1.776850974652916318e-02
1.740972418338060379e-02
1.690500969253480590e-02
1.665872493945062122e-02
1.529698504041880451e-02
1.462365520931780370e-02
1.555442996416240946e-02
1.514201838616281715e-02
1.389370777131989677e-02
1.435319692734628866e-02
1.408130987454205701e-02
1.305644840793684057e-02
1.368229237804189334e-02
1.286143303196877162e-02
1.261910605896264352e-02
1.251775758713483816e-02
1.220311711216345504e-02
1.163251421228051266e-02
1.156067715631797950e-02
1.188484579604119108e-02
1.217955197347328142e-02
1.137810540152713740e-02
1.110071386583149494e-02
1.102337158983573290e-02
1.068641425622627109e-02
1.002607344696298218e-02
1.018574264412745907e-02
9.484772513620554762e-03
1.011728573171421890e-02
9.690096091479062645e-03
9.859706060495227950e-03
9.254742125980555678e-03
9.226706930901855050e-03
9.977519570849835082e-03
9.299020639620720827e-03
9.588107367511838897e-03
9.074937861412763970e-03
9.116740761324763562e-03
8.193328602705151134e-03
8.534770391415804833e-03
8.197710040258243333e-03
7.699264087947085312e-03
8.000751369865610751e-03
7.532640452729538055e-03
7.756480565294623236e-03
8.290893460158259287e-03
7.726869367994368409e-03
7.817068929318339229e-03
8.093751281732692454e-03
8.085187305696309168e-03
7.597607871051877473e-03
7.122301313094795035e-03
7.507754909340292465e-03
7.249183352570980413e-03
7.080088015878572769e-03
6.943818427855148918e-03
6.967342889634892296e-03
6.910870903171598655e-03
6.830796265741810591e-03
6.963294418295845091e-03
6.208202930400147888e-03
6.405724120093509583e-03
6.236376924673095110e-03
6.460302998078986877e-03
6.537014329805970574e-03
5.833910415181890047e-03
5.876330966828390706e-03
6.321442045737058271e-03
6.083752599777654188e-03
5.813309122575447199e-03
5.967948716832325098e-03
5.488758708117529722e-03
5.906132932286709339e-03
5.576534805819392294e-03
5.804605444311164257e-03
5.597480490803718144e-03
6.050329010467976436e-03
5.507646372541785337e-03
5.443454181309789579e-03
5.160426588263362577e-03
5.422010143054649400e-03
5.212061962112784011e-03
5.245801908196881004e-03
5.397137864492833857e-03
5.769191086757928001e-03
5.204301095334812680e-03
5.273469453211873659e-03
4.881263628369197222e-03
5.237744749290868841e-03
5.286160504445434026e-03
5.010966147528961648e-03
5.055581891210750127e-03
5.092162101296707905e-03
4.845894340425730036e-03
4.991581112844869876e-03
4.552300116280093636e-03
5.012231070548296176e-03
4.766097959596663804e-03
4.729846245143562791e-03
4.597762006334960364e-03
4.897673604311421174e-03
4.685357240377925267e-03
4.451000014552846870e-03
4.063033382873982267e-03
4.597777868155390399e-03
4.470130488742143221e-03
4.388507323106751248e-03
4.695260451175272201e-03
4.281897535314783607e-03
4.234378293622284919e-03
4.347645567264407998e-03
4.433725036564283191e-03
4.390683446079492180e-03
4.108614679775200555e-03
4.239870774443261006e-03
4.395451113115996476e-03
4.088451215066016102e-03
4.351685134111903976e-03
4.122850798536092237e-03
4.416521441657095953e-03
4.393269636086188056e-03
4.162792894989252208e-03
4.131369931157678060e-03
3.985536722349934668e-03
3.952137735439464200e-03
4.052378636552020873e-03
4.290526136872358301e-03
4.072550301905721211e-03
4.136327804066241079e-03
4.130623717559501334e-03
3.648370224051177522e-03
3.711454883683473066e-03
3.764317329041659901e-03
3.595967298606410692e-03
3.954245817614719313e-03
3.758347635157406261e-03
3.843888681265525496e-03
3.927846531150862470e-03
3.848901578341610771e-03
3.564451185287907577e-03
3.401967018842697033e-03
3.542193903704173898e-03
3.415547881391830728e-03
3.455915926955640226e-03
3.415783107746392464e-03
3.719393681269138850e-03
3.602190911420621172e-03
3.255039747455157166e-03
3.569282193086110045e-03
3.476532228640280813e-03
3.197854969417676316e-03
3.359872924862429555e-03
3.497939185937866489e-03
3.388884791755117625e-03
3.210381449083797491e-03
3.371794951846823155e-03
3.237642867374233846e-03
3.182870417600497555e-03
3.476847934420220377e-03
3.316687644342891997e-03
3.399062119657173930e-03
3.495011263410560849e-03
3.029189323075115545e-03
3.076482387143187041e-03
3.105081527843140277e-03
3.149187071947380685e-03
3.155788000440225196e-03
3.064085610210895514e-03
3.098447192111052594e-03
3.203754857066087435e-03
2.892174063716083585e-03
3.383451703819446293e-03
2.973656545858830227e-03
3.178578341379761744e-03
3.016860937932506082e-03
3.103120323386974761e-03
2.729427382466383199e-03
2.949935975833796031e-03
2.864852088736370012e-03
2.970182813121937000e-03
2.671468262095004313e-03
3.055800851318053821e-03
2.924893543822690897e-03
2.937205108930356946e-03
2.937633091700263526e-03
3.033715054858476031e-03
3.025707381893880544e-03
2.620151169830933421e-03
2.813573663705028639e-03
3.080961221246980054e-03
3.450635533896274920e-03
2.798598254448734016e-03
3.101356139406561806e-03
2.890066432068124497e-03
2.815850793267600429e-03
2.919811362051404936e-03
2.714289865281898587e-03
2.832764120190404272e-03
2.496902342070825287e-03
2.573947643977590044e-03
2.777553043735679454e-03
2.522104394738562422e-03
2.329436266096308883e-03
2.616534571396187097e-03
3.077007244108244562e-03
2.509215111844241737e-03
2.334538692375645250e-03
2.728184235747903655e-03
2.407648966647684720e-03
2.435370953578967594e-03
2.321139672654680929e-03
2.587586850917432662e-03
2.319093060272280158e-03
2.277959107421338725e-03
2.365789726085495200e-03
2.571499626850709454e-03
2.529749045730568611e-03
2.647104474366642705e-03
2.698844671249389562e-03
2.414414513623341918e-03
2.754146932100411463e-03
2.309812775405589626e-03
2.174420684925280380e-03
2.171690794231835673e-03
2.452972603146918139e-03
2.422605593805201175e-03
2.310892974550370245e-03
2.630809324444271808e-03
2.574349088186863709e-03
2.562242762942332740e-03
2.452025894424877950e-03
2.554185119108297059e-03
2.199584151443559604e-03
2.271035012206993903e-03
2.698866924154572165e-03
2.332245555648114477e-03
2.256256838154513562e-03
2.231747159152291677e-03
2.457742880214937135e-03
2.313691008719615839e-03
2.165586325107142322e-03
2.453625858179293764e-03
2.262543302611447725e-03
2.228226682695094284e-03
2.243213965150061846e-03
2.250522088550496822e-03
2.262970196839887704e-03
2.155913484399207131e-03
2.061082420637831095e-03
2.187878076918423325e-03
2.208608450077008574e-03
2.356924384657759029e-03
2.248600705701392193e-03
2.151371797255705910e-03
1.957016187021508747e-03
2.345959970785770673e-03
2.264673215977381845e-03
2.043468246003612987e-03
1.965684125898405944e-03
1.863637628266587862e-03
2.305643184459768222e-03
1.948897563735954401e-03
2.221966386423446325e-03
2.043408250552602133e-03
2.230534850677941012e-03
2.184412449481897174e-03
2.132179383013862919e-03
2.184621391061227977e-03
2.022690693207550988e-03
1.998343754850793498e-03
1.819020178925711672e-03
2.006398097437340697e-03
2.174381892022211275e-03
2.037372229213360499e-03
1.822930069931317197e-03
2.058469639974646465e-03
2.100354372174479192e-03
1.852677551796659853e-03
1.857861413620412374e-03
1.933247840963304119e-03
1.987765075347851934e-03
2.187540447106584799e-03
2.124577708018477937e-03
2.364192548557184689e-03
1.927594359673093964e-03
2.086401633976493145e-03
1.901004571351222602e-03
1.924928702064789780e-03
2.139457079581916134e-03
2.156284100725315307e-03
2.090121459972579029e-03
1.903420239570550532e-03
1.803212337370496340e-03
1.683696408756077314e-03
1.765176462184172039e-03
1.844289597589522612e-03
1.877536137180868623e-03
1.765551978489384105e-03
1.807125055813230477e-03
1.963210338260978644e-03
1.903323687321972074e-03
1.868054017657414011e-03
1.874904391996096761e-03
1.926621430087834593e-03
1.967570595210417928e-03
1.875620878825429898e-03
1.844354867702349948e-03
1.755851388967130319e-03
1.689902815676759930e-03
1.799582289182580968e-03
2.004226540913805511e-03
1.872933615930378335e-03
1.712625945161562468e-03
1.824085615808144307e-03
1.830663206405006320e-03
1.826755856105592019e-03
1.832184116938151376e-03
1.825071439088787840e-03
1.816151688050013022e-03
1.650833534018602330e-03
1.773259738460183097e-03
1.796393472730415004e-03
1.749032732448540595e-03
1.946157239435706296e-03
1.903879714955110120e-03
1.724800965515896692e-03
1.892716748872771753e-03
1.748605870583560401e-03
1.675689927767962236e-03
1.774894837813917586e-03
1.588040026195813078e-03
1.555994659836869602e-03
1.649736641789786417e-03
1.713733966287691191e-03
1.759859574958682130e-03
1.668887071602512089e-03
1.638986376638058677e-03
1.567807827086653560e-03
1.606773526233155284e-03
1.446963141963351560e-03
1.625358603487256836e-03
1.585642953927163127e-03
1.714757708308752709e-03
1.866093940276186865e-03
1.577294218121096407e-03
1.731782821821980112e-03
1.593320044747088046e-03
1.552128820214420529e-03
1.570728531631175465e-03
1.492873723502270928e-03
1.591878783190622945e-03
1.552700185216963251e-03
1.627317141450475985e-03
1.604285433597397136e-03
1.576228994061238970e-03
1.529996122815646155e-03
1.583279837272130036e-03
1.599516973772551788e-03
1.580041452893055868e-03
1.760967061098199418e-03
1.626152738695964273e-03
1.508326764393132279e-03
1.660846732207573980e-03
1.608645159110892557e-03
1.573323090648045663e-03
1.591133139736484754e-03
1.463840470009017706e-03
1.593999363132752407e-03
1.607595951703842761e-03
1.487957187462598000e-03
1.475196842569857867e-03
1.783773802628275040e-03
1.397169678821228367e-03
1.431237232347484702e-03
1.514730876602698138e-03
1.477726737444754737e-03
1.455321250134147641e-03
1.789479824597947286e-03
1.462703249009791829e-03
1.580705407774075965e-03
1.524763945722952584e-03
1.512880975671578119e-03
1.317772247159155162e-03
1.645982027112040738e-03
1.472644068795489220e-03
1.570652936061378655e-03
1.527247146936133422e-03
1.609561051940545419e-03
1.386830395553261073e-03
1.430790862301364571e-03
1.358927178080193612e-03
1.555641958606429447e-03
1.579420515074161707e-03
1.544781636679545085e-03
1.584971024247352079e-03
1.327800952887628252e-03
1.443046755040995784e-03
1.399723018810618714e-03
1.691777899861335831e-03
1.434076710662338930e-03
1.606715738074853935e-03
1.505996866733767120e-03
1.401265319844242083e-03
1.451859747001435540e-03
1.481808105949312514e-03
1.426756125118117851e-03
1.429048777907155395e-03
1.370845207769889277e-03
1.299516425176989228e-03
1.526948347396683012e-03
1.439348945859819737e-03
1.493501741031650482e-03
1.386522912507643941e-03
1.386523495253641231e-03
1.395747710834257258e-03
1.393440327636199117e-03
1.423385363828856467e-03
1.398748407606035518e-03
1.344634539855178506e-03
1.423634874576236962e-03
1.374496953445486632e-03
1.412184749729931271e-03
1.410998070467030545e-03
1.217200452432734819e-03
1.338752174051478436e-03
1.335869600501609971e-03
1.443257973820436706e-03
1.472646101377904316e-03
1.390503648086451006e-03
1.488698604458477300e-03
1.409146096470067187e-03
1.350915208313381360e-03
1.203481429693056262e-03
1.421750424546189707e-03
1.480717292346525995e-03
1.282009522634325544e-03
1.304730186297092592e-03
1.516247860301518906e-03
1.277371016272809291e-03
1.179577743925619903e-03
1.212570522067835631e-03
1.330288056109566212e-03
1.255436647013993996e-03
1.242502360197249777e-03
1.340957714885007571e-03
1.340845470549538801e-03
1.413170395419001630e-03
1.188034238526597701e-03
1.224043178808642551e-03
1.218997221905738018e-03
1.260148823959752855e-03
1.333187445590738136e-03
1.333976068126503309e-03
