3.250926162481308168e+00
1.288311521768569889e+00
6.705074153542518456e-01
4.383459445536136423e-01
3.240949109494686287e-01
2.518919595181942084e-01
2.114587035775184753e-01
1.797545407265424833e-01
1.546077832132577989e-01
1.325670324340462725e-01
1.204303285032510690e-01
1.073236724436283096e-01
9.742060510814190555e-02
8.910361280292272701e-02
7.972794434428215338e-02
7.338448965921998135e-02
7.127192468941211112e-02
6.276658362895250198e-02
5.891374849528074192e-02
5.581327121146023584e-02
5.279127622768282901e-02
4.882138026505708495e-02
4.620386507734656339e-02
4.558246845565736005e-02
4.105101173184812213e-02
3.719669649191200550e-02
3.679169131815433758e-02
3.666953939758241243e-02
3.291548265703022474e-02
3.156459533423185138e-02
2.998275312595069519e-02
3.015596868097782102e-02
2.833456730749457989e-02
2.701858276128768846e-02
2.565156785584986332e-02
2.602673557493835610e-02
2.438633409887552145e-02
2.337423864938318815e-02
2.279521328303962813e-02
2.301777065731585095e-02
2.137132957857102236e-02
2.132496203761547957e-02
2.006390428170561763e-02
1.873029540572315396e-02
1.861709122732281563e-02
1.767969473637640357e-02
1.882919312920421431e-02
1.785840775072574521e-02
1.676418636925518582e-02
1.727534564770758299e-02
1.623658315371721839e-02
1.587909804470837016e-02
1.562482621800154528e-02
1.476287114247679631e-02
1.489071639999747267e-02
1.487180546484887650e-02
1.423704623477533432e-02
1.347572809830308027e-02
1.358497727476060471e-02
1.283632537908852185e-02
1.274650413170456964e-02
1.237595670856535442e-02
1.312951234169304308e-02
1.234449644759297304e-02
1.306421126518398507e-02
1.208003651304170520e-02
1.159441595431417310e-02
1.219076585303992093e-02
1.058522656001150558e-02
1.130985350487753727e-02
1.129495686059817615e-02
1.092818178376182836e-02
1.037419767072424344e-02
1.038217376405373149e-02
1.057371031539514582e-02
9.716673457995057134e-03
1.003004992706701091e-02
9.707257160916924268e-03
9.597424972802401366e-03
9.930452192667872310e-03
9.576405235566198132e-03
8.920800635125488223e-03
9.368847502861172433e-03
9.372991251759230438e-03
8.842117912136017790e-03
8.638313750270753405e-03
8.190831272862851217e-03
8.214076666161418405e-03
8.568669191561639059e-03
8.374823224730789523e-03
7.771576311904937300e-03
8.299514450598507315e-03
7.856328092049807976e-03
7.604890875751152586e-03
7.924087509047239922e-03
7.194579339819029244e-03
6.948806553147733427e-03
7.573112534591927916e-03
7.224801601143553652e-03
7.311918149236589816e-03
7.821149314288049909e-03
7.163754608482122803e-03
7.224509686930105298e-03
6.546490354929119376e-03
7.250535502331331705e-03
7.433937805006280222e-03
6.713247658684850031e-03
6.658468279521912413e-03
7.058159291045740073e-03
6.694453838514163868e-03
6.916497470811009719e-03
6.525348532944917623e-03
6.277986824745312132e-03
6.225759970257058705e-03
6.420502566499635203e-03
6.160838363692164137e-03
6.265178242232650324e-03
5.930210866732522554e-03
5.690457415999844275e-03
5.853272446198388643e-03
5.529522954020649195e-03
5.924616454634815642e-03
5.644854404497891276e-03
5.514676968334243125e-03
5.288191818632185723e-03
5.296176991891115779e-03
5.536985026905313391e-03
5.675164308864623017e-03
5.734166396083309990e-03
5.635089727817102837e-03
5.415537508204579763e-03
5.338466594228520601e-03
4.960325960069894916e-03
5.454692147905007386e-03
4.879220271366647987e-03
5.057673604227602357e-03
5.370965649373829129e-03
5.054155061487108219e-03
5.105055857915431240e-03
5.003467829665169189e-03
5.360530024860054622e-03
5.169954412849619985e-03
4.943763209972531006e-03
5.076048918068409160e-03
4.723220619838684915e-03
4.569314089138061183e-03
4.562057853676379157e-03
4.574472380569205056e-03
4.622197576798498485e-03
4.827339881681836850e-03
4.573807489126920436e-03
4.574874358484521189e-03
4.379482208285480523e-03
4.542389623820781465e-03
4.383880925131962078e-03
4.507444482529535633e-03
4.337260385858826561e-03
4.392583412351086687e-03
4.236727526644244735e-03
4.118016911903396061e-03
4.085863681044429527e-03
4.628424618858844285e-03
4.423196686897426858e-03
4.512788528925739361e-03
4.272495827754027933e-03
4.094920234638266439e-03
4.098123418167233870e-03
4.447794744861312093e-03
4.041222831350750958e-03
4.121488888049498062e-03
3.825846979394554974e-03
3.818550374475307950e-03
3.925784257124177723e-03
4.093266655458137337e-03
3.737770192907192025e-03
3.722991898888721850e-03
3.942374980542808632e-03
3.665004746289923874e-03
3.743677352438680613e-03
3.927222926868125831e-03
3.866886178962886545e-03
3.595358304795809139e-03
3.874714115518145419e-03
3.900621113600209484e-03
3.852890779264271474e-03
3.688746152096428026e-03
3.271648861118592495e-03
3.248073868337087323e-03
3.610429169028065918e-03
3.764016861096024583e-03
3.433480635867454216e-03
3.827917702030390543e-03
3.549530124058947102e-03
3.440949207288213074e-03
3.172028673230670344e-03
3.397013531299307876e-03
3.412045480450615325e-03
3.451371089904568985e-03
3.849228933337144661e-03
3.264640063280239632e-03
3.488517216173932060e-03
3.375853942940011503e-03
3.378302588709630218e-03
3.096062616445124233e-03
2.989420211873948519e-03
3.280565224122255954e-03
3.112083937390707454e-03
3.439523711567744717e-03
3.283262196229770613e-03
3.209182005492039209e-03
3.292374903918243896e-03
3.076452868059277590e-03
2.972011856269091319e-03
3.362644204404205070e-03
3.144485339173115623e-03
3.274538350990042167e-03
3.032249897369183617e-03
2.998510656179860252e-03
3.156708585331216479e-03
2.920074126450344920e-03
2.976246933219954538e-03
2.909150441293604627e-03
3.187260517384857099e-03
3.075083660660311771e-03
2.953938709222711512e-03
2.796382641885429825e-03
2.747831583605147773e-03
2.940135883982293152e-03
2.755048146471380990e-03
3.004454055102542039e-03
2.997997218626551399e-03
2.935901012271642779e-03
2.859215607633814379e-03
2.928600764251314097e-03
3.148383268970064795e-03
2.987207997590303303e-03
2.795715478248894312e-03
2.730784038198180285e-03
2.904057863401249186e-03
2.648144738515839040e-03
2.994753449922427611e-03
3.311645208625123033e-03
2.971145064570009618e-03
2.821388241485692748e-03
2.956156999571248837e-03
2.821165139088407069e-03
2.786032791715115260e-03
2.703900511609390236e-03
2.736993396189063826e-03
2.522822422208264529e-03
2.461332466686144260e-03
2.908268381026573451e-03
2.949006891227327291e-03
2.677104789181612449e-03
2.853237168397754295e-03
2.865554963937029347e-03
2.553325722750742020e-03
2.732761984574608692e-03
2.623829586955252896e-03
2.732242662343196526e-03
2.712037231074646004e-03
2.421646744827739804e-03
2.585689195664599496e-03
2.760869357618503384e-03
2.472897882398683578e-03
2.647069615195505373e-03
2.493410249822772869e-03
2.628594765788875610e-03
2.245253300876356821e-03
2.451520234637427978e-03
2.545470424229279074e-03
2.560848772467579602e-03
2.532952484150882786e-03
2.235653615789487750e-03
2.277619375556241745e-03
2.330256343004293539e-03
2.565068463445641014e-03
2.461991637537721579e-03
2.451646572561003417e-03
2.358999976771883507e-03
2.271565976552665251e-03
2.357772012590430601e-03
2.030431855411734578e-03
2.143935289932414907e-03
2.297910706314723953e-03
2.205883233807980851e-03
2.177272547152824846e-03
2.184788096987176544e-03
2.365343867917545344e-03
2.135291402926668691e-03
2.476404307642951670e-03
2.412922957970295174e-03
2.318790050514508202e-03
2.351692875032313380e-03
2.093989262939430739e-03
2.073268638807349105e-03
2.062548313057050321e-03
2.293425200507044973e-03
2.282249017385766087e-03
2.203184352139942164e-03
2.212440680479630956e-03
1.929776110977400030e-03
2.103763956751208888e-03
2.311442900041583721e-03
2.075562812562566258e-03
2.133328577503561772e-03
2.104548753704875777e-03
2.023547598801087380e-03
2.012772676593158581e-03
1.954147150507196812e-03
2.113585990213323520e-03
2.362058634636923522e-03
2.222465514321811560e-03
2.113352231390308589e-03
2.208459896035492621e-03
2.038960350677371074e-03
2.046142742678057434e-03
1.879069694085046737e-03
1.888081328244879849e-03
1.929735987563617602e-03
1.916100299102254257e-03
2.316351092362310855e-03
2.267299262108281224e-03
1.863385235948953689e-03
1.909360506804660008e-03
1.836652572499588134e-03
1.931589364481624185e-03
1.952401725575327778e-03
1.776515143981669030e-03
2.115718345798086285e-03
1.888469749130308609e-03
2.020848137035500137e-03
1.777760292170569396e-03
1.830941161664668406e-03
1.939655756461434056e-03
1.822683708101976649e-03
1.879752402426675042e-03
1.865631011547520725e-03
1.904072445060592039e-03
1.917850709287449761e-03
2.012104671390261331e-03
1.863535225566010896e-03
1.756629419745877382e-03
1.814231019292492433e-03
1.943595648685004585e-03
2.004026728041935664e-03
1.913442588935140463e-03
1.856000371917616507e-03
1.800629322067834413e-03
1.697333960910327741e-03
2.021293311263434693e-03
1.926097584713716126e-03
2.039435148355550967e-03
1.783611614839173765e-03
1.751989877491723835e-03
1.684440384851768665e-03
1.662063265684992101e-03
1.701376854383852399e-03
1.768270346918143256e-03
1.705457792326342406e-03
1.599286597454920500e-03
1.784442524425685402e-03
1.743726791639346654e-03
1.843789689999539468e-03
1.643338470370508649e-03
1.663631937641184798e-03
1.841300448984839033e-03
1.646980373654514593e-03
1.922824406821746273e-03
1.750619947444647610e-03
1.919753871974535283e-03
1.854434809240046791e-03
1.789314521534834165e-03
1.732913836196530626e-03
1.687952134176157323e-03
1.655235237907618211e-03
1.601372699253261192e-03
1.631875061255414015e-03
1.854568116017617186e-03
1.993215600901748936e-03
1.753197886107955199e-03
2.035152069875039056e-03
1.658578379137907229e-03
1.625407929299399305e-03
1.774142444017343329e-03
1.687865632353350437e-03
1.613238420861307521e-03
1.689002393366536171e-03
1.579566229716874558e-03
1.495215393777470959e-03
1.677901781164109615e-03
1.747115804231725526e-03
1.581271753588225654e-03
1.694216691656038123e-03
1.724182372505310987e-03
1.626727901457343355e-03
1.535289487219415648e-03
1.579976444802014095e-03
1.640956199262291184e-03
1.478897764754947370e-03
1.555189083679579115e-03
1.695482702692970543e-03
1.721880677097942670e-03
1.581891339679714244e-03
1.602168952173087723e-03
1.600576680211815948e-03
1.545318693853914814e-03
1.520261064870282938e-03
1.509403051924891777e-03
1.556614083470776733e-03
1.568158776732161714e-03
1.702026070910505912e-03
1.581201128195971160e-03
1.651946957455947915e-03
1.700516204116865994e-03
1.527076911821495736e-03
1.614015975093934744e-03
1.635200414049904887e-03
1.709718888392671972e-03
1.706566352280788164e-03
1.620825744117610195e-03
1.392281830718275189e-03
1.591395599883981037e-03
1.618854671483859484e-03
1.479381654586177245e-03
1.503509419271722471e-03
1.399026390688959528e-03
1.548169865389354425e-03
1.401577548356726767e-03
1.455607000913005386e-03
1.520562084857374424e-03
1.504974595183739385e-03
1.551025439985096463e-03
1.534090344328433277e-03
1.514997289807069967e-03
1.534584578766953278e-03
1.437045500031672394e-03
1.716903949272818863e-03
1.380969561112579047e-03
1.465605250326916563e-03
1.495701946958433864e-03
1.551311101822648282e-03
1.445994413457810882e-03
1.642742479802109272e-03
1.438859704183414502e-03
1.346045668935403304e-03
1.204693834006320772e-03
1.438712873961776407e-03
1.452326184546109391e-03
1.357254865637514806e-03
1.401658568705897766e-03
1.450899014656897726e-03
1.394757820060476715e-03
1.359725255257217269e-03
1.358449076768010856e-03
1.590881147305481117e-03
1.360619171406142512e-03
1.332238061586394967e-03
1.455143026018049582e-03
1.436976315861102213e-03
1.341744123667012794e-03
1.552818982978351357e-03
1.295498446270357869e-03
1.527626673749182340e-03
1.438049020711332660e-03
1.364924232562771123e-03
1.411548342235619284e-03
1.557882875466020875e-03
1.461839145515113998e-03
1.305588752613402910e-03
1.172986126795876743e-03
1.300693123543169303e-03
1.339092287351377345e-03
1.383236046822276018e-03
1.379721324192360009e-03
1.355896238354034741e-03
1.358757547277491488e-03
1.250893211545189886e-03
1.192233646404929374e-03
1.297562602849211457e-03
1.145507028093561584e-03
1.234917764959391276e-03
1.229855048935860323e-03
1.396747150167357114e-03
1.306298863783013006e-03
1.453949892427772259e-03
1.422877367585897394e-03
1.310254109965171580e-03
1.299543382687261229e-03
1.315346911724191159e-03
1.260311897902283845e-03
1.257039630581857723e-03
1.464193995547248073e-03
1.288229094381677063e-03
1.371609517431352301e-03
1.254078596684848933e-03
1.232598766800947505e-03
1.172170093457680119e-03
1.419514825247461054e-03
1.470049192634178322e-03
1.267407491162885012e-03
1.311152708891313596e-03
1.351954310084693212e-03
1.162137279025046059e-03
1.504303077497752376e-03
1.391443577333120567e-03
1.289072854211553969e-03
1.415729911037487973e-03
1.318516737053869372e-03
1.247463168459944432e-03
1.236672983999596940e-03
1.149739362415857623e-03
1.378831431793514639e-03
1.255287426320137508e-03
1.221844353101914820e-03
1.410357547283638217e-03
1.279084883863106396e-03
1.145204103318974397e-03
1.314727590419351990e-03
1.149230283481301801e-03
1.291176643921062303e-03
1.332171354093588918e-03
1.258377613179618385e-03
1.214239497872767956e-03
1.234375287516741113e-03
1.257414528197841686e-03
1.149342757737031135e-03
1.070722538803238434e-03
1.385100212733959791e-03
1.226676922407932482e-03
1.149895376845961508e-03
1.173612143786158420e-03
1.199627624591812500e-03
1.237420089339138878e-03
1.317584515491034740e-03
1.354532258468680141e-03
1.152900635323021511e-03
1.391608834586804738e-03
1.247697153739864024e-03
1.290984439372550724e-03
1.074101636331761204e-03
1.164650243998039585e-03
1.162961784139042659e-03
1.096401185292052204e-03
1.099815170833608191e-03
1.097246267134323631e-03
1.136907518637599382e-03
1.242556405020877643e-03
1.159356264251982767e-03
1.095915774087188703e-03
1.169279143039602797e-03
1.408714541088556919e-03
1.302014627523021819e-03
1.165460442280163988e-03
1.202912501146784002e-03
1.226385817222762960e-03
1.233463595999637627e-03
1.171873935498297242e-03
1.059738977695815322e-03
1.213114268641220326e-03
1.121977662900462734e-03
1.124758843332529035e-03
1.200737990526249679e-03
1.134929098538122990e-03
1.098849426314700388e-03
1.037894571607466798e-03
1.150674113276181805e-03
1.173337609856389555e-03
1.242115981382084988e-03
1.214440787007333659e-03
1.027090085059171546e-03
1.049528727075085127e-03
1.208650143380509637e-03
1.085214907012414104e-03
1.063442895683692742e-03
1.137691073468886276e-03
9.994039427256211448e-04
1.050675934850005397e-03
1.049243717046920155e-03
1.351232114044250993e-03
1.235647908586543116e-03
1.187778686638921513e-03
1.163738584175007511e-03
1.217824471590574914e-03
1.267420339630916711e-03
1.014340472960611724e-03
1.062549548398237717e-03
1.067373008438153104e-03
1.058472141419770180e-03
1.035084632196230829e-03
1.188165563391521511e-03
1.161777085828362118e-03
1.002294798730872603e-03
9.921600710367784164e-04
1.155588592868298219e-03
1.139881557843182161e-03
1.008281168120447446e-03
1.102691928826970893e-03
1.116915293765487205e-03
9.868249059945810846e-04
1.056260695972014232e-03
1.027455629227915683e-03
1.047367150662466880e-03
9.965793848969043203e-04
1.023950752627570109e-03
9.639903519419022347e-04
9.850330741610377298e-04
9.782447834732011047e-04
1.143273882451467140e-03
9.417755954491440406e-04
9.546025829331483996e-04
9.567631239769980615e-04
9.684638669132254784e-04
9.888632244255859526e-04
1.037295778485713537e-03
9.740841508901212052e-04
9.664782702166121054e-04
9.543807131703942745e-04
1.004593653051415484e-03
9.521226911747362760e-04
1.048802668898133651e-03
1.096916836540913227e-03
1.121349090331932473e-03
1.010010236408561551e-03
1.087539412634214338e-03
1.017572545068105676e-03
1.028089242783607931e-03
9.998117754585109616e-04
1.165004878886975433e-03
9.682371032831724265e-04
9.818472312472295831e-04
1.194921474147122437e-03
1.295075586647726623e-03
9.739473665540572533e-04
1.086154228920349889e-03
9.753313155379146615e-04
9.977560299157630427e-04
1.012767229549353838e-03
1.037246284686261892e-03
8.711651503108442003e-04
9.742522900342009701e-04
8.243479315715375889e-04
1.038608872302575117e-03
1.229129548417404400e-03
1.100895410098019084e-03
9.741822214855346430e-04
1.024509652430424409e-03
1.017800758156226946e-03
1.117230498522985786e-03
9.305309245246462350e-04
1.089087343803839866e-03
1.015639869729057041e-03
1.054941707814577995e-03
1.054705355549231081e-03
9.551493090693838816e-04
1.030536805104929855e-03
9.635805987054481877e-04
9.627603348926640605e-04
9.295399945403915072e-04
9.672346797597129037e-04
9.634577331889886088e-04
8.612930715025867920e-04
9.083544154709670892e-04
9.907105810707435029e-04
9.306005501712207159e-04
9.548903902468736755e-04
9.515108472260181034e-04
8.982804163533728925e-04
9.072677928488701200e-04
1.030860637139994606e-03
9.940297889988868475e-04
1.083178666245657997e-03
8.966716860595624937e-04
9.753562164842151340e-04
1.023982436250662435e-03
9.091544961556792754e-04
8.555328572983853788e-04
8.908584665332455353e-04
9.143852411943953831e-04
8.651352503220550256e-04
8.906736217613797158e-04
8.387431888259016134e-04
9.092487186862853758e-04
9.572843224741518515e-04
8.359211263596079931e-04
9.210957166505977277e-04
9.371137802663725069e-04
1.003789498965488658e-03
1.030694355926243524e-03
1.002261155561427622e-03
8.064747766766231386e-04
9.354833877005148957e-04
9.297345267259515779e-04
9.972700249927584845e-04
8.500803072820417366e-04
1.049936788884224450e-03
8.887830107705667077e-04
8.821261444827542151e-04
8.648436522344127601e-04
9.057530617865267681e-04
9.893342478608246632e-04
9.706860650039743268e-04
8.391607217490673403e-04
8.861283736769109444e-04
9.708924427104648593e-04
8.925075650622602864e-04
9.836233536188955431e-04
9.020493999123572809e-04
9.906791636312846892e-04
9.098262539482675519e-04
9.413922436069697627e-04
9.607165813213213975e-04
9.822300365776755193e-04
8.795209741510916701e-04
9.330989475129172371e-04
1.273370698443613939e-03
9.154367139854002570e-04
8.277174305694643634e-04
1.007047277467790995e-03
8.545432615210302348e-04
9.361388595425523557e-04
8.140730451268609171e-04
1.015790020726853966e-03
8.652364331937860940e-04
9.398625728208571213e-04
8.874927865981590376e-04
7.774627577018691608e-04
9.061581282876432107e-04
9.651371560757979282e-04
8.201204259821679712e-04
7.923276404035277387e-04
8.972413536102976294e-04
8.863645842357072840e-04
8.758191668603104111e-04
8.605297286121640519e-04
9.476415145909414077e-04
8.262696487945504461e-04
8.286688548687379339e-04
1.045256431621964998e-03
8.624277517810697170e-04
1.016628767451038589e-03
8.931563439837190976e-04
8.387187951884697741e-04
1.049175368199939786e-03
9.287377594155259153e-04
8.149253900337498531e-04
9.020991024444811315e-04
8.609288419829681099e-04
9.106301489518955775e-04
1.039982321351999323e-03
7.500400898570660103e-04
8.695947608066490267e-04
9.233460596587974526e-04
7.937018118682317774e-04
8.221537338977214036e-04
8.533226603758520918e-04
8.913788821955677530e-04
8.471420968999154475e-04
9.498164964461465899e-04
8.674348393979017073e-04
8.582581615773960835e-04
8.145408000564203013e-04
8.079461086017545755e-04
8.703017749357968213e-04
7.020962667302229048e-04
7.488812145311385827e-04
8.501294269808568451e-04
8.633356267237104857e-04
8.144679944962262890e-04
9.177840358170214884e-04
8.554660658992360852e-04
8.665356998244533619e-04
8.118705196247901542e-04
8.647057363705243534e-04
8.534436174231814368e-04
8.358927252847934584e-04
8.266130957927089653e-04
8.168909552914556610e-04
7.377187156962463537e-04
7.524891218199627118e-04
7.976886874239425950e-04
7.793544527958147375e-04
1.018693486927077204e-03
8.994468291057273589e-04
7.504137665382586619e-04
7.861974802799522911e-04
9.233925127482507439e-04
9.152911124983802290e-04
7.421044280636123836e-04
8.476965558947994811e-04
7.469487530179321801e-04
7.507133544422685788e-04
1.045838442485546790e-03
8.175387926894473172e-04
7.469075741391861681e-04
7.818875652446877428e-04
7.512093545810785526e-04
8.435652719635982396e-04
8.693680942524224103e-04
7.313258168869651984e-04
7.438674148288555634e-04
8.936437422526068803e-04
9.448152736586053245e-04
7.708354570931987828e-04
8.029155774856917187e-04
8.263611705915536445e-04
7.378788908245041949e-04
8.419589591794647684e-04
7.520877333008684027e-04
7.138986285426654260e-04
7.033294725406448933e-04
8.724964810244273785e-04
8.509587651060428323e-04
9.149148314027116119e-04
7.289411368255969536e-04
7.813062792993150703e-04
7.507643423159606356e-04
7.078949201968498528e-04
8.369838222861289640e-04
8.027360413398128324e-04
7.871378700656350268e-04
7.862687629240098976e-04
8.599351394805125745e-04
7.629713753121904890e-04
7.322575079888337703e-04
7.757552374969236457e-04
7.032290969800669743e-04
8.441981339710764171e-04
7.782235652121017103e-04
8.522647927165962877e-04
7.322501656308304935e-04
7.802627758064773194e-04
8.716262164234648896e-04
8.449122121382970181e-04
7.813849306257907154e-04
8.059049884177511575e-04
8.891201438091230012e-04
7.682110261957859725e-04
6.832561143091880158e-04
8.380632105399854048e-04
8.908391619625035621e-04
7.479820337903220033e-04
8.296132119721733077e-04
7.486762122571235384e-04
8.702373781707137615e-04
7.435539020953001394e-04
6.834325089002959118e-04
7.325486430781892990e-04
9.674027889559511529e-04
6.802001200412633331e-04
9.624155053024878882e-04
7.250482506642583940e-04
8.180221263610292339e-04
7.615747823147102965e-04
8.048917286796495674e-04
9.457124599721282313e-04
8.685817097139078655e-04
8.497735858400119833e-04
8.490846135973698040e-04
8.019745610799873786e-04
8.256280302302911609e-04
7.899630145402625203e-04
7.188535491295624429e-04
7.012938570842379687e-04
7.207165455329232404e-04
7.546313789353007459e-04
7.606615151162259740e-04
7.095944205211708600e-04
6.780659561336506002e-04
6.769795274885837075e-04
7.456718471948989204e-04
7.129505721095483846e-04
7.032772640959592762e-04
7.343301492510363867e-04
6.603021765768062176e-04
7.508013550832402056e-04
8.079283327679149694e-04
6.960997480782679962e-04
6.600524940004106212e-04
7.823838176118443240e-04
8.224864329968113513e-04
6.494917267700657656e-04
7.071190265996847796e-04
7.227280295337550628e-04
7.944631398859201485e-04
6.393519078847021211e-04
6.535177880141418384e-04
6.511190556921064420e-04
6.944480022502830382e-04
7.258155558229191463e-04
6.906567745027132610e-04
6.076484594668727724e-04
7.906141471321461237e-04
7.392111460649175743e-04
7.358540819841437363e-04
5.864923089975491001e-04
7.715519084595144151e-04
6.693411253509111295e-04
7.600795042380923457e-04
7.385401953652034933e-04
6.202825009677326784e-04
6.941886485728900437e-04
7.823972779297036625e-04
6.463204417232191242e-04
6.501292854809435137e-04
7.144638859463156924e-04
6.859221900667762791e-04
6.456198348605540066e-04
6.079452757694525557e-04
6.430038244870957395e-04
7.505371614533941794e-04
7.676271743694087785e-04
6.788938208192121532e-04
6.343322073225863287e-04
6.232658175140386864e-04
8.412274857691954318e-04
6.407559907529502890e-04
6.669771634042262606e-04
6.798630605480866784e-04
7.167457314062631061e-04
6.987590369244571671e-04
6.124144963978323799e-04
7.086795569484820529e-04
6.885005700605688296e-04
6.312125845142872596e-04
6.462402608449338342e-04
6.172475047642365063e-04
8.122602931107394345e-04
7.049773778708185888e-04
7.135327490832423869e-04
5.979568787006428118e-04
6.722332549106795323e-04
6.643708238407271477e-04
8.051415052468656073e-04
8.217701598041458151e-04
7.943694046407471891e-04
6.163544894661754370e-04
7.327699353045318258e-04
6.595484768768073922e-04
6.063342417910462089e-04
6.806416557810734914e-04
6.910288858780404102e-04
6.236237141565652807e-04
6.567108338203979465e-04
7.431067227735184411e-04
6.685689934383845338e-04
7.110235860745887882e-04
6.315838931041070680e-04
6.677246602339437622e-04
6.320509886136278050e-04
6.987276295694755520e-04
6.158180169877595792e-04
5.999174181633861293e-04
6.427709213021444651e-04
6.453448629326885826e-04
6.513995339628308621e-04
6.595991899084765022e-04
6.347237126028631255e-04
5.932899341278243454e-04
5.949909292394295378e-04
5.535733016004087308e-04
5.799073401722126125e-04
5.987833799008513130e-04
6.020974459970602523e-04
6.201683394028805179e-04
5.890934644849039415e-04
6.561604537419043256e-04
6.300075919862137665e-04
6.572066177905071423e-04
6.854180187510791698e-04
6.872365143790375511e-04
5.889886842633131449e-04
6.511843706393847077e-04
6.779679048631806091e-04
6.131896378938108934e-04
8.014487705950159267e-04
7.081007071246858730e-04
6.331542466359678639e-04
5.701440220436779401e-04
7.385982918785884968e-04
6.903852097457274708e-04
6.598878365039127477e-04
6.098991376929916754e-04
6.561182394070783856e-04
6.177562194061465839e-04
6.046295356354675944e-04
5.863858101656660307e-04
6.492472496465779728e-04
6.736740969208767889e-04
7.127573752222815832e-04
6.066854558303021432e-04
6.146535543957725063e-04
7.961669411597540333e-04
8.510577805427602073e-04
6.635428521840366998e-04
8.085728647420182495e-04
7.310634195891907612e-04
6.598772061406634696e-04
8.056961430411320587e-04
6.534191188111435674e-04
