3.390521544218063177e+00
1.392010902523994398e+00
7.596595722436905174e-01
5.155494949221610668e-01
3.922619392275810135e-01
3.187068719863891397e-01
2.685190811455249738e-01
2.342198177874088294e-01
2.096703369617462231e-01
1.883023556768894102e-01
1.714669448584318079e-01
1.581191560477018254e-01
1.463836233392357689e-01
1.348877715691924051e-01
1.257016249895095694e-01
1.161196707971394043e-01
1.135892461910843892e-01
1.064153158627450524e-01
1.023933352380990980e-01
9.734748369827866954e-02
9.115619233250618625e-02
8.855739602074026717e-02
8.329772942885756148e-02
8.097249474376440326e-02
7.727739262208342674e-02
7.560562917217612811e-02
7.206577474623918067e-02
6.928251058980822163e-02
6.724993836507200951e-02
6.570913222618400551e-02
6.093033324927091265e-02
6.144261959195136680e-02
5.884173443913459645e-02
5.640662239771336572e-02
5.493873663060366841e-02
5.352204390987753968e-02
5.250417249090969657e-02
5.065428340248763484e-02
4.890210113301873135e-02
4.764400908909738330e-02
4.488566784001887106e-02
4.460378782637417633e-02
4.464017521403729899e-02
4.349941048584878706e-02
4.141099933162331603e-02
4.183847916126251509e-02
3.937836298905313115e-02
4.083490856178104839e-02
3.857919308356940608e-02
3.691519543342292042e-02
3.601750728022307113e-02
3.600946041196585040e-02
3.567095743585377982e-02
3.414712010975927414e-02
3.356125048175453984e-02
3.443900412600487543e-02
3.216904269345104844e-02
3.387072287499904438e-02
3.131745310407131611e-02
3.153194390609860565e-02
3.088755415193736656e-02
2.990922788903117163e-02
3.042392772063613055e-02
2.896434496995061586e-02
2.810331661533564326e-02
2.792408378515392683e-02
2.716076305229216808e-02
2.726275449618697014e-02
2.648358694184571593e-02
2.570062995236366971e-02
2.582336123008280998e-02
2.552771930489688978e-02
2.548472818545997193e-02
2.389901786483824425e-02
2.463166570384055232e-02
2.491898141987621690e-02
2.366525578871369467e-02
2.283272214513272155e-02
2.283801137749105759e-02
2.313254536222666621e-02
2.256240038294345107e-02
2.233198672253638647e-02
2.094718140177428620e-02
2.166289683384820669e-02
2.054099446814507124e-02
2.081219872832298229e-02
1.997252610046416563e-02
2.056997154932469277e-02
2.071560591459274334e-02
1.947513590427115554e-02
1.909737104317173195e-02
1.967103009251877643e-02
1.807491332618519492e-02
1.902172370860353082e-02
1.876182017847895581e-02
1.897866484941914539e-02
1.893125027138739883e-02
1.757204473530873598e-02
1.780822595115751084e-02
1.666043856739997733e-02
1.716456848569214433e-02
1.855540397344157197e-02
1.777341421833261714e-02
1.669582044472918067e-02
1.693991648592054963e-02
1.667804026650264795e-02
1.642251639673486183e-02
1.584955039154738177e-02
1.703007615217938878e-02
1.519212985737249284e-02
1.617094114748761011e-02
1.605966445710510157e-02
1.654139337642118388e-02
1.529076998820528416e-02
1.575108728976920211e-02
1.494777392549440261e-02
1.533227815805003093e-02
1.466205262206494823e-02
1.525380016863346101e-02
1.504422874585725420e-02
1.440359356999397315e-02
1.462330924253910786e-02
1.397781072417274111e-02
1.419476141873747196e-02
1.414761872263625188e-02
1.368818319123238370e-02
1.479863211419433361e-02
1.285535218100994879e-02
1.416997032146900815e-02
1.372511002817191142e-02
1.331153081404045160e-02
1.353987811785191224e-02
1.296297888155095203e-02
1.277699774317443346e-02
1.194026223709806871e-02
1.217289001168683250e-02
1.236661303951405028e-02
1.260431357054039858e-02
1.300436829729005768e-02
1.219169536186382255e-02
1.219622999103739912e-02
1.232420290168374788e-02
1.181045715883374293e-02
1.244674040609970722e-02
1.181186501029878912e-02
1.174575611297041210e-02
1.190890834643505529e-02
1.223190603870898466e-02
1.146389020001515810e-02
1.153291192301549029e-02
1.112947342358529615e-02
1.137156589515507174e-02
1.196882524294778753e-02
1.119388938811607601e-02
1.127924572257324974e-02
1.189354776474647185e-02
1.151422050409019009e-02
1.122709881514310885e-02
1.158523663133382772e-02
1.162717164261266659e-02
1.155360297812148968e-02
1.092596418736502609e-02
1.138276901794597548e-02
1.069760028854943763e-02
1.147322104871273049e-02
1.024537380691617657e-02
9.826585411559790248e-03
1.048677722876891448e-02
1.087205841578543254e-02
9.965625236276537055e-03
1.012528302287682945e-02
9.693265462759882017e-03
1.057921882066875652e-02
9.879942121915518544e-03
1.084989662631414761e-02
9.926395347341895881e-03
9.381174356676638681e-03
9.895745838060975713e-03
9.755704639945178905e-03
9.480443791951984750e-03
9.669305129675193761e-03
9.791541266953572922e-03
9.900413891067728553e-03
9.359074763720855866e-03
9.376476024743169227e-03
1.041242708056233819e-02
9.976920207729562950e-03
9.116791002918034695e-03
9.479706598212941926e-03
9.226699824910611705e-03
8.717030040919780329e-03
9.704620763892307655e-03
9.135958321625366543e-03
8.657958523603155945e-03
9.270649248734117234e-03
8.879202324198559593e-03
9.364618545863777690e-03
8.608545696595684346e-03
8.320718528702855318e-03
8.372784116072579802e-03
