6.377599999122322005e-01
9.116600010395049525e-01
9.378600018024444429e-01
9.494400019645691247e-01
9.578800032138824472e-01
9.638000051975250670e-01
9.684000070095062362e-01
9.725600086450576498e-01
9.745800093412398946e-01
9.776800104379653744e-01
9.794600105285644620e-01
9.812400104999542405e-01
9.823600102663040401e-01
9.845600105524062728e-01
9.855200103521346566e-01
9.870400092601776532e-01
9.878000091314316222e-01
9.888400094509124383e-01
9.901400079727172843e-01
9.901200078725814757e-01
9.909200079441070619e-01
9.914600069522857551e-01
9.924200067520141388e-01
9.927800062894821531e-01
9.932800062894820980e-01
9.931200063228606822e-01
9.942800048589706119e-01
9.945800049304962531e-01
9.946200048923492520e-01
9.949200043678283478e-01
9.956400041580200089e-01
9.955800040960312014e-01
9.958200038671493060e-01
9.966200032234191486e-01
9.966000032424926491e-01
9.970000028610229714e-01
9.970600028038024698e-01
9.972000026702880771e-01
9.973800024986266832e-01
9.977000021934508966e-01
9.977000021934508966e-01
9.981000018119812189e-01
9.977600021362305061e-01
9.983200016021728240e-01
9.983400015830993235e-01
9.983600015640259340e-01
9.984600014686584313e-01
9.985600013732910396e-01
9.986000013351440385e-01
9.988600010871887536e-01
9.986800012588501474e-01
9.989000010490417525e-01
9.989600009918212509e-01
9.989800009727477503e-01
9.991200008392333576e-01
9.989800009727477503e-01
9.992800006866454643e-01
9.989200010299682519e-01
9.992600007057189648e-01
9.991800007820129670e-01
9.992800006866454643e-01
9.994000005722045721e-01
9.992600007057189648e-01
9.994000005722045721e-01
9.994400005340575710e-01
9.993800005912780726e-01
9.995000004768371804e-01
9.995200004577636799e-01
9.995200004577636799e-01
9.996600003242492871e-01
9.995200004577636799e-01
9.995800004005431783e-01
9.994800004959106809e-01
9.997800002098083949e-01
9.996000003814696777e-01
9.996800003051757866e-01
9.996200003623962882e-01
9.996200003623962882e-01
9.997200002670287855e-01
9.995200004577636799e-01
9.997200002670287855e-01
9.996800003051757866e-01
9.997800002098083949e-01
9.996600003242492871e-01
9.998400001525878933e-01
9.998600001335143928e-01
9.997600002288817844e-01
9.997200002670287855e-01
9.997400002479552850e-01
9.997800002098083949e-01
9.997600002288817844e-01
9.997400002479552850e-01
9.998800001144408922e-01
9.997000002861022860e-01
9.998600001335143928e-01
9.998600001335143928e-01
9.997800002098083949e-01
9.999200000762938911e-01
9.998600001335143928e-01
9.999600000381470011e-01
9.998800001144408922e-01
9.998000001907348944e-01
9.998200001716613938e-01
9.998800001144408922e-01
9.998200001716613938e-01
9.998800001144408922e-01
9.998800001144408922e-01
9.998400001525878933e-01
9.997600002288817844e-01
9.999000000953673917e-01
9.999200000762938911e-01
9.998800001144408922e-01
9.999800000190735005e-01
9.999200000762938911e-01
9.999000000953673917e-01
9.999600000381470011e-01
9.998200001716613938e-01
9.999200000762938911e-01
9.999400000572205016e-01
9.998200001716613938e-01
1.000000000000000000e+00
9.999400000572205016e-01
9.998800001144408922e-01
9.999600000381470011e-01
9.999600000381470011e-01
9.999600000381470011e-01
9.999200000762938911e-01
9.999400000572205016e-01
9.999200000762938911e-01
9.999600000381470011e-01
9.999800000190735005e-01
9.999600000381470011e-01
9.999400000572205016e-01
9.999200000762938911e-01
9.999800000190735005e-01
9.999600000381470011e-01
1.000000000000000000e+00
9.999800000190735005e-01
9.999800000190735005e-01
9.999200000762938911e-01
9.999200000762938911e-01
9.999600000381470011e-01
9.999600000381470011e-01
9.999600000381470011e-01
9.999800000190735005e-01
9.999800000190735005e-01
9.999600000381470011e-01
9.999400000572205016e-01
9.999400000572205016e-01
9.999800000190735005e-01
9.999800000190735005e-01
9.999800000190735005e-01
9.998800001144408922e-01
9.999800000190735005e-01
9.999800000190735005e-01
9.999200000762938911e-01
9.999200000762938911e-01
9.999600000381470011e-01
1.000000000000000000e+00
9.999600000381470011e-01
9.998800001144408922e-01
9.999600000381470011e-01
9.999200000762938911e-01
9.999600000381470011e-01
9.999800000190735005e-01
9.999600000381470011e-01
9.999800000190735005e-01
9.999600000381470011e-01
1.000000000000000000e+00
1.000000000000000000e+00
9.999800000190735005e-01
9.999600000381470011e-01
9.999800000190735005e-01
9.999400000572205016e-01
9.999800000190735005e-01
9.999600000381470011e-01
1.000000000000000000e+00
9.999600000381470011e-01
9.999800000190735005e-01
9.999800000190735005e-01
9.999600000381470011e-01
9.999800000190735005e-01
1.000000000000000000e+00
1.000000000000000000e+00
9.999800000190735005e-01
1.000000000000000000e+00
9.999800000190735005e-01
1.000000000000000000e+00
1.000000000000000000e+00
1.000000000000000000e+00
1.000000000000000000e+00
9.999800000190735005e-01
1.000000000000000000e+00
9.999800000190735005e-01
1.000000000000000000e+00
9.999600000381470011e-01
1.000000000000000000e+00
9.999600000381470011e-01
1.000000000000000000e+00
9.999800000190735005e-01
