3.099009487152099673e+00
1.161210074067115849e+00
5.886371629238128511e-01
3.767351283133029693e-01
2.729634839296340987e-01
2.112098286449909101e-01
1.733248880505561806e-01
1.431267682239413253e-01
1.211002785265445775e-01
1.029122337028384182e-01
9.167249713838100666e-02
8.251580248400569584e-02
6.872590557113289478e-02
6.378011566773056362e-02
5.780540750548243678e-02
5.358004993572831193e-02
4.677833148092031684e-02
4.458921735733747255e-02
3.963031911663711382e-02
3.813398168608546357e-02
3.466719160228967644e-02
3.486230620928108814e-02
3.126656715571880102e-02
2.942494947835802913e-02
2.821032250672578928e-02
2.660087850131094556e-02
2.461187264416366677e-02
2.386314544267952378e-02
2.280846540722996155e-02
2.269275400042533933e-02
2.088252755254507015e-02
1.922777914162725199e-02
1.861133141163736487e-02
1.844383159000426500e-02
1.855861087329685813e-02
1.718568544462323322e-02
1.612600188236683676e-02
1.606758267432451329e-02
1.575234710518270617e-02
1.540262738615274379e-02
1.415531734842806998e-02
1.340571206249296585e-02
1.364770100917667150e-02
1.336153731960803247e-02
1.285749934939667619e-02
1.307014393340796311e-02
1.189162123948335655e-02
1.120651158504188012e-02
1.143526444863528051e-02
1.087895699637010660e-02
1.076462926669046263e-02
1.075447106361389175e-02
1.092158262291923095e-02
1.093599786749109570e-02
1.062275249324739004e-02
9.990864203311503391e-03
9.026700867805629788e-03
9.761749447789043813e-03
9.788518550805747759e-03
8.930344268213957770e-03
9.180923071224242338e-03
8.525084857363253790e-03
8.247233982197940683e-03
8.358146442100405221e-03
8.697512369602918708e-03
8.470359245315193727e-03
7.845306356903164816e-03
7.669002603273839154e-03
8.107856845017523059e-03
7.734984094277023992e-03
7.764267731457948941e-03
7.800044566625728877e-03
7.442121955566108338e-03
7.112290312070399315e-03
7.219124651048332807e-03
7.143539262004196949e-03
7.163230907171964749e-03
6.536354167619720483e-03
6.587431467138230370e-03
6.466344280401244496e-03
6.479972316185012710e-03
6.409025922417641019e-03
6.463520409073680688e-03
6.326337200123816409e-03
6.240167403593659817e-03
5.850321246078237988e-03
5.845139504177495823e-03
5.784906701184809250e-03
5.869644305668770927e-03
6.081383021548390777e-03
5.609948828350752592e-03
5.486284833168610618e-03
5.351830030092969911e-03
5.734075783984735573e-03
5.674754275009036113e-03
5.372325591742992124e-03
5.653769194148480608e-03
5.221055795904249244e-03
5.646571416640653804e-03
4.938578903442248855e-03
5.280210160417481841e-03
4.774653800297528131e-03
4.915389327798038756e-03
4.789976341184228915e-03
4.954669372644275767e-03
4.795616668183356676e-03
4.850028574001043896e-03
4.739941537613048816e-03
4.912682140478864465e-03
4.321207250934094336e-03
4.355255637317896091e-03
3.996507105417549527e-03
4.470590907731093397e-03
4.696249477681703650e-03
4.407397434813901428e-03
4.464848922565579047e-03
4.144269387470558147e-03
4.129076499026268846e-03
4.244432840729132385e-03
3.844464178895577733e-03
4.386631691129878365e-03
4.229133617598563807e-03
3.964191606268287031e-03
4.046861930284649349e-03
3.980441126041114538e-03
3.823879842530004611e-03
4.123408692190423316e-03
4.088459714665078001e-03
3.846222083084285381e-03
3.873838412226177780e-03
3.837186868651770114e-03
3.798514663591049528e-03
3.636371129890903810e-03
3.358987884828820800e-03
3.761189791141077848e-03
3.843397109536454258e-03
3.654768912587314823e-03
3.572357729892246432e-03
3.685240102582611026e-03
3.498323380714282380e-03
3.407120626186952144e-03
3.797233099350705732e-03
3.443630994413979154e-03
3.238908120198175176e-03
3.382796376361511814e-03
3.296315507614053838e-03
3.281710829818621118e-03
3.347342486260458660e-03
3.495126792928203874e-03
3.242661114316433470e-03
3.556815311894752276e-03
3.175424907589331422e-03
3.553981189965270404e-03
3.182172581320628392e-03
3.268152065807953567e-03
3.166171000688336717e-03
3.438680041814223039e-03
3.157372316112741755e-03
3.195519051165319774e-03
3.125485618482343794e-03
3.244197581312619014e-03
3.042991922586224963e-03
2.936026591807603791e-03
3.242473549209535112e-03
2.968400191981345262e-03
3.144952377188019437e-03
2.883710814057849174e-03
3.043343925499357276e-03
2.783735688426531782e-03
2.820598616148345134e-03
2.837139721843413842e-03
2.783177276141941738e-03
2.807446462451480221e-03
2.444440338527783911e-03
2.600333192618563705e-03
2.693023276049643765e-03
2.746462652808986417e-03
2.607860839460044919e-03
2.816591424052603595e-03
2.912779694539494816e-03
2.904219122021458894e-03
2.753573482623323729e-03
2.939211093820631553e-03
2.931352054700255526e-03
2.546894743922166558e-03
2.768801753409206971e-03
2.709730914444662825e-03
2.634871274116449159e-03
2.628706282470375400e-03
2.635719329933635877e-03
2.564110481762327167e-03
2.609657365945167867e-03
2.516460487153381314e-03
2.518063450581394316e-03
2.574103532591834678e-03
2.352122655836865178e-03
2.676835584570653841e-03
2.308524691150523698e-03
2.209922686684876510e-03
2.321329249884001959e-03
2.426662439364008720e-03
2.500509855453856341e-03
2.259337890427559527e-03
2.592848349886480927e-03
2.143155241617933013e-03
2.359766360837966398e-03
2.421246863901615337e-03
2.743300700094550640e-03
2.290443758480250908e-03
2.534782560775056346e-03
2.560155676328577067e-03
2.517311060801148345e-03
2.239154122537001957e-03
2.122582186013460305e-03
2.166996811458375347e-03
2.419007705058902682e-03
2.216085027786903004e-03
2.260322705726139358e-03
2.110373772331513437e-03
2.119196561456192143e-03
2.377301396103575788e-03
2.153411161853000660e-03
2.218534064828418112e-03
2.247109904768876745e-03
2.207450001675170109e-03
2.157181610935367602e-03
2.308034880261402438e-03
2.353394662379287242e-03
2.343074773321859351e-03
2.077876428898889696e-03
2.037619141512550438e-03
1.920443677227012726e-03
2.392548236937727668e-03
2.201908920309506371e-03
2.076059121056459886e-03
2.160282002412714040e-03
2.057194319262635029e-03
2.028997560148127367e-03
1.787090066878590632e-03
2.141751986695453538e-03
2.222346392460167273e-03
2.068965180253144309e-03
1.928414240654092180e-03
1.905792846751864925e-03
1.918067740276455883e-03
1.924055017647333500e-03
1.881008760828990507e-03
1.815582604380324479e-03
1.949215522152371706e-03
1.938893434300553113e-03
2.033267781953327236e-03
1.785344072035513745e-03
1.871572151896543903e-03
2.003500751161482046e-03
1.912252549780532650e-03
1.941077042021788646e-03
1.871277613274287439e-03
1.800347529468126562e-03
1.899877171963453362e-03
1.812149913515895619e-03
1.750533795449882692e-03
1.859073820349294720e-03
1.773597319261170906e-03
1.921117066929582499e-03
1.875106382358353611e-03
1.812469451222568787e-03
1.887815036287065519e-03
1.832626938354223927e-03
1.734777017612941551e-03
1.624491944152396065e-03
2.086845573387108559e-03
2.063397477439139240e-03
1.813675298704765836e-03
1.922840604733210002e-03
1.595479762996546928e-03
1.958513646270148342e-03
1.771327188180293888e-03
1.683183957764413123e-03
1.747846533136908050e-03
1.890759160043671777e-03
1.678758181980811092e-03
1.612206216494087123e-03
1.616008491488173668e-03
1.622601580631453499e-03
1.637031078455038419e-03
1.601065450580790601e-03
1.651817633071914421e-03
1.570475134940352291e-03
1.537556344585027648e-03
1.802146468835417233e-03
1.563732026552315871e-03
1.625092903734184782e-03
1.606775171239860356e-03
1.485504872456658689e-03
1.498393942893017127e-03
1.649553596216719658e-03
1.696783627965487437e-03
1.528302548220381247e-03
1.693371961242519331e-03
1.540422578284051346e-03
1.703335497819352846e-03
1.588624916854314544e-03
1.505431245139334396e-03
1.450967722630593874e-03
1.648537698900326984e-03
1.557513409352395684e-03
1.663859866792336212e-03
1.594330222113057903e-03
1.698949771525803910e-03
1.523580801847856415e-03
1.621344910585321378e-03
1.542475581809412679e-03
1.415041316126007661e-03
1.436297847714740859e-03
1.871426657889969751e-03
1.550789941044058550e-03
1.472131983377039524e-03
1.443721543531864939e-03
1.406692772055976193e-03
1.490736428881064011e-03
1.437774072226602690e-03
1.594747906026896178e-03
1.806726715527474979e-03
1.410665807256009400e-03
1.424639693228527864e-03
1.395683147071394986e-03
1.521667611901648259e-03
1.521507773082703390e-03
1.721350806881673636e-03
1.339515993022359977e-03
1.386770406446885323e-03
1.401904883270617495e-03
1.477361808123532671e-03
1.481426411657594177e-03
1.332679175888188154e-03
1.425032234052196149e-03
1.468480163952335738e-03
1.388051398098468859e-03
1.396175200177822168e-03
1.423477111966349202e-03
1.404828726139385276e-03
1.306609571096487401e-03
1.350450912490487035e-03
1.449318500002846205e-03
1.317433602060191430e-03
1.415911482414230690e-03
1.449380834586918351e-03
1.571252075606025759e-03
1.224385396577417750e-03
1.326198558264877689e-03
1.425667749543208570e-03
1.410045245662331585e-03
1.315751365502364906e-03
1.208729319449048560e-03
1.357022542331833351e-03
1.222856005479115889e-03
1.452129619254264974e-03
1.201676288968883373e-03
1.233204624324571322e-03
1.225865504704415875e-03
1.526550122944172420e-03
1.302644107665401054e-03
1.260926518705673570e-03
1.237252075457945548e-03
1.334273273125290800e-03
1.350049567467067344e-03
1.356273122248239814e-03
1.345738334988709484e-03
1.258184708189219155e-03
1.253313221706776025e-03
1.293887926789466210e-03
1.261125892342533942e-03
1.388682966877240622e-03
1.277382059779483747e-03
1.487338522856589346e-03
1.261179272609297191e-03
1.284099423734005483e-03
1.200265143590513667e-03
1.324572762765456038e-03
1.227458898269105647e-03
1.367327826330438315e-03
1.175253479392267871e-03
1.170622033125255212e-03
1.597687281406251795e-03
1.248835783510003194e-03
1.114536769746337155e-03
1.230695495672989598e-03
1.357499534264206952e-03
1.246016398217761898e-03
1.231142264907248221e-03
1.195600421167910014e-03
1.179195047589018950e-03
1.066872835363028493e-03
1.224344774091150594e-03
1.136954787099966717e-03
1.202625567180803110e-03
1.276705911150202103e-03
1.355618669418618034e-03
1.091598144994350124e-03
1.131195559923071437e-03
1.404340431879972989e-03
1.380827490997034966e-03
1.151862801751121898e-03
1.227923797589028148e-03
1.297767533746082289e-03
1.248313496995251621e-03
1.148997885436983842e-03
1.088092826510546774e-03
1.248380274249939271e-03
1.111992254154756717e-03
1.099375413439702270e-03
1.071297114191111129e-03
1.056481767300283597e-03
1.062771964730927637e-03
1.234698574146023044e-03
1.069849943509325460e-03
1.176956137584056613e-03
1.381106264889240317e-03
1.211808992346050150e-03
1.181050824612611813e-03
1.158456490345997729e-03
1.164634661981835996e-03
1.160052803432336027e-03
1.004385096835903879e-03
1.091887905786279684e-03
1.219306118378881429e-03
1.170163468632381487e-03
1.111249313427833734e-03
1.138762886053882586e-03
1.078813813510350961e-03
1.093153757072286725e-03
1.077839268633397352e-03
1.046901437250198760e-03
1.036675342504167962e-03
1.095759857795201159e-03
1.097857404383830717e-03
9.752743358840234352e-04
1.098246225534239709e-03
9.694858847651631169e-04
1.183913920976920140e-03
1.012112506956327736e-03
1.084530729887774134e-03
1.001031577703543089e-03
1.069778190721990463e-03
1.042032747878693030e-03
9.793650776846335188e-04
1.071477136341854840e-03
9.927375093393493895e-04
9.613880848337430897e-04
1.122854926274158022e-03
1.104381336102960550e-03
1.146799358830321571e-03
9.682796639681328114e-04
1.026808373339008510e-03
1.064867508976021860e-03
9.901475398219189688e-04
9.114421311533078785e-04
9.606536470237187885e-04
9.929980091692414655e-04
1.017115419701440345e-03
1.040967952780192697e-03
1.178559218213194940e-03
9.838550574204419415e-04
1.020921532297507008e-03
9.899686403805391024e-04
1.009737659944221367e-03
9.959265708166639610e-04
1.076841540547320702e-03
1.056796000862959698e-03
9.107006826961878488e-04
9.255104163312352682e-04
9.449882771878037558e-04
8.941012251598294850e-04
8.985324992972891240e-04
9.761493024707305856e-04
8.777588459488469639e-04
9.442956318380311661e-04
8.748297641577665058e-04
1.010720307385781867e-03
9.684867563482839814e-04
8.770810326677746680e-04
9.765803173941093717e-04
9.664886794053018136e-04
8.654620112210977293e-04
8.967652762657962609e-04
9.852595465781632030e-04
8.685853209171909934e-04
9.219084609067067183e-04
9.860784862248692193e-04
8.863089799124281498e-04
9.855828995641786102e-04
1.002018904517171802e-03
9.770951565296855709e-04
9.625730406551156549e-04
9.675210867135320206e-04
9.666531648836098473e-04
9.660880420415196091e-04
1.075019838841399095e-03
8.887604679621290572e-04
9.220679771096911654e-04
1.030791230819886510e-03
9.903256733668967630e-04
1.014601580798625948e-03
8.505491808755323568e-04
1.056941507558804057e-03
9.458470008103177272e-04
9.366431149828713387e-04
9.075656406639609442e-04
9.036082761012949023e-04
9.713848672690801687e-04
9.861440018867143054e-04
8.604277383128647099e-04
9.618338866275734887e-04
9.077693810104392382e-04
9.070624647138174866e-04
9.254864332615398131e-04
1.090894461493007893e-03
1.049949609441682774e-03
8.362397696473635421e-04
8.703084924491122799e-04
9.348259274265728440e-04
8.099313522689044302e-04
9.277685745037161230e-04
1.004237802204443119e-03
8.780220973421819534e-04
9.031282027717680216e-04
1.142288688628468685e-03
9.081192566372920218e-04
8.713136735896114676e-04
1.013287980575114464e-03
8.910469010006636650e-04
8.817313674662727611e-04
8.936239880276843723e-04
9.342915481829550464e-04
8.758374069584533425e-04
9.715738876548130325e-04
8.456738254171796126e-04
8.664507303619757052e-04
7.995956273516640570e-04
9.101898798544425006e-04
8.218818875029683607e-04
9.159100527467671634e-04
8.425640247878618322e-04
8.463848668907303623e-04
9.663606146641540856e-04
9.509867127344477601e-04
8.814000020793173610e-04
9.072860344895161558e-04
1.107352867809822733e-03
8.180119080352597207e-04
8.704760941618587761e-04
7.998552736244164511e-04
7.807690113841089926e-04
7.752726010221522128e-04
9.290617206715978248e-04
8.842164989910088375e-04
8.530168510042131225e-04
8.272157710453029774e-04
8.811918945866636715e-04
9.267207846278324506e-04
8.759379411640111184e-04
8.961834702058695153e-04
7.901805374422110964e-04
8.076275025669019374e-04
8.340351464576087424e-04
7.945099127828143858e-04
9.253178863436915206e-04
8.220597181934863286e-04
8.392985363898333067e-04
8.346094673615880605e-04
8.282833162229507901e-04
7.912377253815065705e-04
8.040228577738162173e-04
1.069217364187352278e-03
9.390689430583734057e-04
9.239391078008338297e-04
8.510076373058837176e-04
8.209798287425655681e-04
7.879059361002873317e-04
7.734159568208269497e-04
7.482365451578516921e-04
7.547709291975479920e-04
8.520883368037174884e-04
8.463719016290270321e-04
8.578381229599472187e-04
8.277491471963003070e-04
8.782170843333005810e-04
7.984405628521926753e-04
7.591958422272000349e-04
7.364122698782011494e-04
8.533936585590709166e-04
7.462786465766839709e-04
8.788670769426971952e-04
8.398274619248695784e-04
8.121964485617354451e-04
9.445854793011676130e-04
7.799241205793805551e-04
7.213558125658891618e-04
7.205774995381943613e-04
7.207378835591953664e-04
7.223868139262777134e-04
8.822177142719738428e-04
7.035177594516425987e-04
6.412514299736358147e-04
7.606238073494751275e-04
8.246510733879403943e-04
7.054688535572495138e-04
7.664239663281478343e-04
6.680399589677108417e-04
7.816293462528847019e-04
7.660213875351473949e-04
6.994961252203211717e-04
7.462051620532292361e-04
7.501515562471467672e-04
7.730205376574304267e-04
7.336577243113424299e-04
7.589520342589821736e-04
7.261865909676998819e-04
7.091425841499586101e-04
6.676113160792737861e-04
7.718907448288519265e-04
6.650305880466475571e-04
7.427984280511736341e-04
7.212196428736205971e-04
7.552805887971772393e-04
7.184739579970482980e-04
7.119575665565207063e-04
7.236512791714631420e-04
6.288038603088352829e-04
7.697085806867107628e-04
6.761811319447588123e-04
7.090529986453475691e-04
6.923753891896922575e-04
7.093879363674204666e-04
8.716158652096055214e-04
7.358712829882279325e-04
7.369881303166039149e-04
7.886440850852523407e-04
6.331876237818505077e-04
7.350775410013739037e-04
6.887383389694150823e-04
7.417452604277059106e-04
7.473010594549123675e-04
6.704716520616784813e-04
8.256508324702736346e-04
6.975871010508853795e-04
6.777298367524053901e-04
6.498862390872091419e-04
6.777944452478550878e-04
7.018442651315126351e-04
7.190325242554535933e-04
7.184425739396829063e-04
6.059264540963340065e-04
7.455193715140922108e-04
7.147288826236035224e-04
7.490318341588135748e-04
7.064317354379454463e-04
7.070075470837764494e-04
6.980018141912295877e-04
7.161752172396518247e-04
7.048953200282994129e-04
6.990611648216145347e-04
7.304282118566334534e-04
7.406784413615241907e-04
7.696323765558190982e-04
6.799339799035806651e-04
6.600919696793425924e-04
6.753526467946358025e-04
6.607863882090896698e-04
6.193155409273458324e-04
6.301678087183973159e-04
6.325286546198185698e-04
6.642290024610702061e-04
6.775419044279260353e-04
7.252491631079464960e-04
6.460675196285592089e-04
6.147563786507816760e-04
7.334232837602030260e-04
7.635716458025854515e-04
6.632218497543363117e-04
6.915850380610209010e-04
6.627142801298760129e-04
6.882286156906047662e-04
6.609367627243046021e-04
7.462300789047730852e-04
6.830157582735409951e-04
7.053423264587763229e-04
6.979309126909356668e-04
6.928369031229522418e-04
6.808881991892121524e-04
6.696012340980814432e-04
6.644729654362891173e-04
6.551351205271203426e-04
6.775778416777029651e-04
6.196989745949394888e-04
6.173242388758808140e-04
5.939332130801631537e-04
6.674040610960219272e-04
6.301160648727091021e-04
6.294363023043842527e-04
7.306866182480007852e-04
6.839803819311782466e-04
6.317316789936739622e-04
7.452191527991089588e-04
7.646330928837415195e-04
6.008717161603272221e-04
6.455216936883516896e-04
5.729546536749694895e-04
6.897770533687434856e-04
6.105697617313126171e-04
6.835764811839908483e-04
6.413692591595463940e-04
7.237825871561653392e-04
6.845035811420530341e-04
6.812920492084231523e-04
6.268511600792407625e-04
6.429100235691294048e-04
5.982081325200852128e-04
6.841221726936055165e-04
6.238975625601596905e-04
7.412272071233019181e-04
5.959538109600544037e-04
6.493024784867884244e-04
6.023299509542994357e-04
6.483551013952819093e-04
6.331321084726369147e-04
7.764012449333676643e-04
6.406376856612041367e-04
6.124224352533929510e-04
6.377417829935438541e-04
6.176678484334842964e-04
6.277312762686051853e-04
5.724261982250027211e-04
7.080095008714124916e-04
7.196026231686119407e-04
6.349241016141604806e-04
6.854632417380344088e-04
5.504045957350171955e-04
5.854449928592657913e-04
5.937463535810820871e-04
6.319135400408413704e-04
6.643795044365105639e-04
5.977875502721872059e-04
6.058201541891321349e-04
6.416747847106307398e-04
6.140959801123244653e-04
6.293192265438847088e-04
6.319154401426203046e-04
5.785044775111600375e-04
6.310596774565056105e-04
5.678754710097563916e-04
6.637629372562514835e-04
6.160251311084721402e-04
6.041059371054871389e-04
5.850627676700241369e-04
6.213496638229116685e-04
6.175172487128293471e-04
6.279179745470173839e-04
5.769380153942620755e-04
5.974474936519982675e-04
6.381697492470266801e-04
6.191798852669308083e-04
5.836058654240332787e-04
6.348418890847824965e-04
5.974740186502458094e-04
6.510420889244414918e-04
5.740193788660689911e-04
6.257549505680799371e-04
5.249753028328996065e-04
5.582252123422222316e-04
6.253983186761616223e-04
5.879628807742847026e-04
5.840601492964196976e-04
5.860988681524758638e-04
5.815727872832212892e-04
6.434936233854387285e-04
6.094050816609524520e-04
6.156196608499157810e-04
5.766184582025743943e-04
5.439523917011683529e-04
5.449489540187642299e-04
6.146547253447351899e-04
6.229567470727488546e-04
5.791290516208391723e-04
5.420677199726923849e-04
5.716368027351563822e-04
5.975060802738880496e-04
6.836194999486906298e-04
6.864524424454429606e-04
6.153809800307499193e-04
5.842653878644341915e-04
6.130539760779356133e-04
5.645196761324769181e-04
5.699072675342904334e-04
5.802279634663136745e-04
5.562782034539849986e-04
5.709206682950024965e-04
5.795380523049971323e-04
6.376211076858453747e-04
6.106079504825174436e-04
5.977059651777381043e-04
5.868614646024070472e-04
5.046935127029427781e-04
5.892921903723618042e-04
5.839795597421471507e-04
5.269915733369998209e-04
6.376857420837040878e-04
5.537460199411725539e-04
5.871473896986572358e-04
5.789682133472524254e-04
5.477848133741645151e-04
5.953647760179592296e-04
5.455604565795511320e-04
4.888704070035600592e-04
5.347378711594501059e-04
5.551827045419486378e-04
6.217864785867277966e-04
6.264542380231432174e-04
5.381663424632278847e-04
5.354772871214663827e-04
7.081565074913668970e-04
6.188687791727716164e-04
5.609387151635019612e-04
5.571114983467850617e-04
6.479945655155461108e-04
5.878104085568338971e-04
6.501011335058137601e-04
5.853467372799058986e-04
4.943054776085773665e-04
5.310140993678942383e-04
5.444930673111229901e-04
6.053425189165863828e-04
5.719792260642862346e-04
6.701108313427539889e-04
5.999935246654786516e-04
5.378552325273630932e-04
5.140803879330633694e-04
6.523966928943991574e-04
5.677804860024479637e-04
5.384157360094832733e-04
5.334301523980684422e-04
5.178816159605048076e-04
4.933165509137325388e-04
6.311542844632640151e-04
5.270328691985924196e-04
5.367495169484755562e-04
7.129029541974887764e-04
5.881201167649123280e-04
6.286402120604180251e-04
6.750670269539114400e-04
5.867744818970095774e-04
4.896943075291346897e-04
5.245048698998288923e-04
6.359832159796496506e-04
7.037043118907604887e-04
5.729798158135964098e-04
5.077890359389130052e-04
5.533409509080229344e-04
5.386828782211523390e-04
4.811863244831329463e-04
5.913483824697323213e-04
5.056557782372692609e-04
6.210602050414308758e-04
5.222559136018389359e-04
6.482961322471965122e-04
5.213846785045461209e-04
6.266925402742345129e-04
5.170362135104368843e-04
5.369109660532558718e-04
4.897010790300555501e-04
5.360303557972656216e-04
4.796017682674573739e-04
5.762938780098920792e-04
4.846457769453990953e-04
4.954802671127254586e-04
5.257899526914115761e-04
5.089902892359532936e-04
4.733055638935183959e-04
5.647510847338707996e-04
4.934885635448154565e-04
4.979296478995820030e-04
6.872037464054301390e-04
5.284044810832710980e-04
5.337555671576410705e-04
5.149653255648445468e-04
5.460238854138879053e-04
5.673204326740233011e-04
4.860672149516176693e-04
5.957339468877762868e-04
5.438502516335575430e-04
5.748018297890666699e-04
5.223335570190101688e-04
5.166041598713490583e-04
5.214431399363093000e-04
5.202953509287908465e-04
5.340144677466014071e-04
6.074432562018046086e-04
5.061976501019671646e-04
5.351787590334425217e-04
4.983587641181657290e-04
7.056894584529800184e-04
6.004685771040385459e-04
6.033201792306499243e-04
5.127805506635923138e-04
4.926401593256742083e-04
5.193157552712364053e-04
4.808904342207824707e-04
5.036494064261205165e-04
5.221818337449804243e-04
5.071597519417991645e-04
4.489517594338394957e-04
5.227304397703847177e-04
4.447973115165950483e-04
5.627036936348304638e-04
4.910450631432467742e-04
5.573436807899270025e-04
4.736624183569802088e-04
5.112296797742601909e-04
4.523200898547656969e-04
5.166563366365153160e-04
4.766242334153503440e-04
5.150199998606694351e-04
4.608154533343622353e-04
4.896537926251766978e-04
5.557871592463925177e-04
4.886264641099842022e-04
6.141108673182316255e-04
5.343702953978208365e-04
4.907568017515586594e-04
4.590623675176175116e-04
5.498493542836512850e-04
4.855425001151161433e-04
4.812490931362844917e-04
4.969393433420919064e-04
4.855719932529609616e-04
6.032141397008672227e-04
4.670311148656765081e-04
6.276095925131813151e-04
6.075187740498222107e-04
5.015949610242387670e-04
5.118308917444664742e-04
5.168143905757461047e-04
4.514141450636088826e-04
5.734457631915574867e-04
4.985970380803337373e-04
4.584159266814822492e-04
5.455994530493625842e-04
4.664418441388988655e-04
4.543340737291145875e-04
5.358136948343599718e-04
4.904464969149557570e-04
5.687882441125112140e-04
6.240349362633423359e-04
6.415980342571856896e-04
5.887715412973193365e-04
4.640414262394188124e-04
4.599756213719956321e-04
4.958445511583704128e-04
4.611919811286497965e-04
5.127859709900804176e-04
4.625244433700572669e-04
4.254753680143039552e-04
4.753938840294722455e-04
4.566553361073601896e-04
4.564852267503738664e-04
4.134449216071516041e-04
4.873264729103538918e-04
4.418604216771200078e-04
5.431230435060570034e-04
4.585996549285482611e-04
5.313155028416076311e-04
4.882425515097565971e-04
4.568481696769595359e-04
4.527798749331850346e-04
4.659641802281839660e-04
4.672172016289550915e-04
4.086217387230135496e-04
4.822309978480916401e-04
5.097325377282686419e-04
4.592112381214974600e-04
5.037694979109801812e-04
4.430991464905673647e-04
5.082204841746715837e-04
4.412523922219406861e-04
4.185091157705755948e-04
4.679024455472245150e-04
5.483445731515529994e-04
4.832523892837343581e-04
4.992872021830407686e-04
4.975845594890416015e-04
5.145289896463509701e-04
4.237251221638871465e-04
4.548184625600697369e-04
6.051828909694450392e-04
4.723865521518746642e-04
4.526211438933387611e-04
4.599239874514751279e-04
4.786003899498610082e-04
4.246390371263259779e-04
4.362034684454556819e-04
