5.606537103652954102e+00
1.378640317916870117e+01
2.175650906562805176e+01
3.053103017807006836e+01
3.856053805351257324e+01
4.633148717880249023e+01
5.398080515861511230e+01
6.114717411994934082e+01
6.719094705581665039e+01
7.248611402511596680e+01
7.787350416183471680e+01
8.354594516754150391e+01
9.206371808052062988e+01
9.924169015884399414e+01
1.052336280345916748e+02
1.111520869731903076e+02
1.168051359653472900e+02
1.236976220607757568e+02
1.294800150394439697e+02
1.378064060211181641e+02
1.467784111499786377e+02
1.550369410514831543e+02
1.634722521305084229e+02
1.726599321365356445e+02
1.812932391166687012e+02
1.895853610038757324e+02
1.975899891853332520e+02
2.067420389652252197e+02
2.150310370922088623e+02
2.235266289710998535e+02
2.349949190616607666e+02
2.433018009662628174e+02
2.526821570396423340e+02
2.608801071643829346e+02
2.685577130317687988e+02
2.772024550437927246e+02
2.866921861171722412e+02
2.949174931049346924e+02
3.055531680583953857e+02
