6.445228640437126177e-01
4.162135972976684362e-01
3.647758312225341526e-01
3.240774125158786823e-01
3.030029366314411221e-01
2.726199538111686582e-01
2.618862998783588192e-01
2.462324290573597030e-01
2.312061359286308182e-01
2.200444174408912601e-01
2.053966947197914117e-01
2.011376899480819824e-01
1.950456805229187074e-01
1.892920201122760826e-01
1.791281410902738624e-01
1.700297661870718013e-01
1.657470754235982890e-01
1.626096161901950943e-01
1.571195051372051288e-01
1.496583468914031989e-01
1.488845410794019664e-01
1.467566697746515159e-01
1.428273351490497722e-01
1.404301650375127664e-01
1.359532704800367475e-01
1.338241044431924820e-01
1.322341795861720903e-01
1.283670644462108490e-01
1.273981210291385557e-01
1.232082367092370984e-01
1.217751554399728736e-01
1.183024680912494603e-01
1.169661332964897216e-01
1.147142465263605166e-01
1.119461978375911743e-01
1.125648751854896601e-01
1.109845025390386597e-01
1.083371968269348090e-01
1.058233995437622005e-01
1.049393655657768210e-01
1.039022133350372273e-01
9.950671651959419606e-02
9.847709661722182928e-02
9.746825352311133672e-02
9.616001190245151986e-02
9.490365345776080597e-02
9.441307076811790433e-02
9.222329537570476965e-02
9.165820611268281348e-02
9.097246578335761724e-02
9.074826408922671839e-02
8.792691457271575861e-02
8.785588947683573013e-02
8.509900048375129700e-02
8.584431911259889081e-02
8.485843639075756062e-02
8.360990809649229694e-02
8.256183380633592972e-02
8.345227524638175465e-02
8.056730339676142216e-02
7.943220417946576795e-02
7.913850490748881861e-02
7.867138700187206735e-02
7.784057678282260695e-02
7.813672897219657576e-02
7.579174493998289130e-02
7.626372037827969241e-02
7.468349455296993677e-02
7.353351616859435391e-02
7.453288169950246511e-02
7.345996304601430660e-02
7.251348926126957584e-02
7.156943888962269407e-02
7.072532495111226447e-02
7.001687278598546504e-02
7.026076851040125026e-02
7.045345550030469861e-02
6.885768642276525464e-02
6.717217203974723549e-02
6.815121097862721078e-02
6.715278505533933684e-02
6.639542613178490982e-02
6.616780915856361467e-02
6.514051353931427091e-02
6.450482777506112708e-02
6.459317829459905458e-02
6.450701193511486353e-02
6.318970236182212818e-02
6.290496439486742419e-02
6.272712156176567244e-02
6.213423507660627287e-02
6.279859112203120541e-02
6.139029388129711023e-02
6.146169365197420159e-02
6.038932715356350178e-02
6.025457300245761622e-02
5.914340800791979130e-02
5.934334981441497653e-02
5.929520133882761057e-02
5.817529416084289695e-02
5.868891607969999036e-02
5.741059175133705200e-02
5.810800926387309912e-02
5.682406695932149671e-02
5.629184255003929355e-02
5.664672037959098821e-02
5.604148536920547374e-02
5.613407174497842683e-02
5.580650725215673125e-02
5.565314668416977001e-02
5.459157006442547089e-02
5.428331214934587617e-02
5.419815081357955838e-02
5.410096029937267598e-02
5.337637940049171775e-02
5.380954152345657215e-02
5.419828259944915738e-02
5.346246457844972683e-02
5.239275077730417424e-02
5.241430662572384158e-02
5.195242249220609343e-02
5.168315303325653198e-02
5.165635154396295420e-02
5.166790861636400001e-02
5.095536471158266384e-02
5.137332271039486004e-02
5.096078265458345302e-02
5.066990569978952613e-02
5.054264023154973751e-02
5.010516706854104690e-02
5.048464696109294936e-02
4.950438268482684756e-02
4.929190550744533272e-02
4.866914187371730594e-02
4.857271527498960295e-02
4.909758412837982033e-02
4.829021796584129222e-02
4.806412231177091543e-02
4.789364865422248568e-02
4.767976015806198176e-02
4.747153665870428030e-02
4.825797957926988846e-02
4.733841550350189470e-02
4.712263373285532214e-02
4.684745235741138297e-02
4.668655111640691857e-02
4.616679412871599331e-02
4.650384601205587165e-02
4.612357315421104775e-02
4.555305682867765577e-02
4.595446402579545647e-02
4.533793143182993091e-02
4.534027706086635884e-02
4.501914416253566947e-02
4.502518644183874097e-02
4.498897232115268985e-02
4.486242777854203972e-02
4.414444101601838755e-02
4.455385153740644422e-02
4.425126872211694595e-02
4.394467386603355397e-02
4.328722005337476419e-02
4.419679266959428837e-02
4.375954009592532973e-02
4.347309423983097137e-02
4.328342445939779154e-02
4.343399721384048201e-02
4.293416711688041731e-02
4.284738811105489459e-02
4.251038122922182194e-02
4.257580165565014174e-02
4.268762870132922910e-02
4.256248661875725037e-02
4.196112278848886795e-02
4.210219158232211822e-02
4.220820693671703538e-02
4.201724877208471570e-02
4.154096499830484124e-02
4.156776664406060945e-02
4.133001040667295262e-02
4.112419026345014855e-02
4.086731413751840819e-02
4.104411961883306509e-02
4.079464377462863750e-02
4.061794852465391154e-02
4.064470787346362995e-02
4.060653161257505445e-02
4.036073024570942247e-02
4.013898341357707844e-02
4.003540197014808510e-02
3.995709487795829490e-02
3.935409381240606574e-02
4.004476064443588529e-02
3.946857459098100651e-02
3.948429051041603410e-02
3.945525105297565532e-02
3.923191002756357126e-02
3.888563920557498721e-02
3.909693180769682058e-02
3.882375652343034861e-02
