2.809708876162767544e-01
1.336056578606367173e-01
9.888817719370127102e-02
7.840357311815022989e-02
6.566300839185715277e-02
5.621871509402990436e-02
5.020510631799697532e-02
4.523365196585655418e-02
4.162559828907251569e-02
3.849584912881254956e-02
3.626245124265551484e-02
3.413885245844721500e-02
3.293031892180443149e-02
3.094423024356365154e-02
2.976254711300134817e-02
2.883109528943896341e-02
2.764997287467121923e-02
2.675409943982958935e-02
2.605952908471226639e-02
2.507532914355397116e-02
2.474287291988730431e-02
2.392369803786277907e-02
2.337389909103512742e-02
2.286021690443158089e-02
2.248043956607580218e-02
2.189198093488812363e-02
2.151300382614135601e-02
2.115690623596310632e-02
2.078685676306486069e-02
2.040393524616956542e-02
2.014303639531135615e-02
1.977454132959246755e-02
1.934490212425589439e-02
1.911094247177243244e-02
1.877474782988429111e-02
1.863565645366907150e-02
1.827170565351843995e-02
1.805800326913595266e-02
1.786853276379406566e-02
1.761365191452205284e-02
1.699016541801393054e-02
1.690680304169654702e-02
1.691265753842890324e-02
1.690203770063817418e-02
1.698891308344900597e-02
1.696580135077238247e-02
1.704314114525914275e-02
1.688133963756263331e-02
1.692888309620320733e-02
1.687252305075526149e-02
1.693848808668553876e-02
1.697167437151074487e-02
1.687533225864171899e-02
1.689148913323879411e-02
1.700394895300269202e-02
1.672269251756370104e-02
1.678112670779228349e-02
1.690294297598302423e-02
1.689405989274382625e-02
1.690421961247921129e-02
1.677034581638872646e-02
1.691806950792670156e-02
1.683952801115810860e-02
1.680003443546593256e-02
1.685016701929271249e-02
1.667350725457072275e-02
1.683412651903927471e-02
1.671656388416886338e-02
1.665831172466277973e-02
1.685499179363250666e-02
1.678800087980926101e-02
1.677953227981925088e-02
1.670436622388660891e-02
1.668690455518662824e-02
1.663062621839344474e-02
1.682779410481452867e-02
1.675378322601318512e-02
1.677360792830586561e-02
1.679365602321922918e-02
1.677030854113399985e-02
1.671229835785925308e-02
1.660178597830236011e-02
1.669113454781472744e-02
1.670578135736286787e-02
1.661305373720824846e-02
1.665803505107760554e-02
1.664047371782362630e-02
1.675022154673934047e-02
1.661616347543895186e-02
1.662659478373825633e-02
1.683271217904985101e-02
1.676085562072694365e-02
1.669349224679171975e-02
1.663662674836814334e-02
1.654793523438274905e-02
1.664846176654100410e-02
1.662123315781354957e-02
1.668998904898762875e-02
1.663969804346561443e-02
1.655757974833249949e-02
1.648844422586262168e-02
1.655028052069246886e-02
1.654924459382891774e-02
1.652766637317836310e-02
1.652092284150421739e-02
1.656090037710964552e-02
1.658552243188023481e-02
1.656060356833040717e-02
1.651955709420144594e-02
1.651610654406249559e-02
1.660464633628725914e-02
1.652292924001812907e-02
1.652110471203923139e-02
1.670100948214530909e-02
1.654521150887012376e-02
1.651527507789432928e-02
1.648023664578795316e-02
1.644919541664421545e-02
1.643176900595426718e-02
1.646689059957861731e-02
1.647198686376213916e-02
1.644289075396955166e-02
1.646637904457748033e-02
1.631080079637467831e-02
1.645034162513911782e-02
1.639081755280494615e-02
1.634609358012676164e-02
1.638103706389665640e-02
1.642606426216661891e-02
1.644563808105885955e-02
1.635437557101249856e-02
1.633559053950011872e-02
1.626207576319575396e-02
1.635911475308239604e-02
1.628835142217576609e-02
1.636558920517563673e-02
1.632831489667296507e-02
1.640008641034364570e-02
1.637114818394183949e-02
1.643074866943061360e-02
1.635709561035036952e-02
1.637063673883676698e-02
1.633177858404815178e-02
1.629081104509532557e-02
1.633412207663059376e-02
1.623701236210763413e-02
1.623898017406463778e-02
1.628095937147736386e-02
1.616550679318606853e-02
1.615096025541424771e-02
1.621801658906042720e-02
1.620103280246257618e-02
1.624152233824133901e-02
1.615690922550857070e-02
1.629768082499503945e-02
1.620645959675312206e-02
1.613518028892576769e-02
1.620411520265042926e-02
1.627270412258803936e-02
1.617828406393527832e-02
1.612567242048680918e-02
1.621671728044748323e-02
1.629255801066756271e-02
1.616138245165348042e-02
1.620991514623165014e-02
1.610974549315869961e-02
1.614487211778760020e-02
1.606549168564379293e-02
1.627933104336261663e-02
1.612515533529221973e-02
1.625054246373474481e-02
1.617028149776160786e-02
1.617336816340684755e-02
1.619186702184378934e-02
1.621484027616679549e-02
1.609652231074869613e-02
1.609435846097767228e-02
1.607764136418700363e-02
1.609202926047146459e-02
1.616329981759190640e-02
1.612145255878567537e-02
1.606628041714429703e-02
1.606196155212819693e-02
1.603632758185267321e-02
1.610106257535517255e-02
1.605466631799936164e-02
1.615269325859844743e-02
1.599258963577449358e-02
1.609332125261426008e-02
1.607890990749001603e-02
1.612076593376696176e-02
1.606275276467204055e-02
1.594104732759296997e-02
1.604366873390972517e-02
1.593187139742076319e-02
1.599201182648539443e-02
1.598642694577574741e-02
1.601026176661252826e-02
1.605525489151477664e-02
1.607501617074012790e-02
