2.846610694527625940e-01
1.360193891823291701e-01
9.867604005336760853e-02
7.846765056997537235e-02
6.623179861158132176e-02
5.698522195219993258e-02
5.036812879890203293e-02
4.515160813182592103e-02
4.159966209530830544e-02
3.879988925904035574e-02
3.627071662992238654e-02
3.419305888935923743e-02
3.268309492245316528e-02
3.075712038576602914e-02
2.985856482386588934e-02
2.856033835560083459e-02
2.777899304777383879e-02
2.681913296505808800e-02
2.581051953509450048e-02
2.508384615182876476e-02
2.477451363578438842e-02
2.392776658758520927e-02
2.345258665829896838e-02
2.300564920529723015e-02
2.243550895527005040e-02
2.194027657806873338e-02
2.151477575302123899e-02
2.128827827423810867e-02
2.075063439458608647e-02
2.041247786581516094e-02
2.011128767952322788e-02
1.988651595264673277e-02
1.935791724547743925e-02
1.909172870218753953e-02
1.891404511779546868e-02
1.873993777483701564e-02
1.836314869672060063e-02
1.819178623147308868e-02
1.807238244265317942e-02
1.765784616954624645e-02
1.752153692394494908e-02
1.721656446903943941e-02
1.703473951108753701e-02
1.681706833653151892e-02
1.669964245893061291e-02
1.654714252427220283e-02
1.635938017256557964e-02
1.616482146456837618e-02
1.597294028475880479e-02
1.588063490204513067e-02
1.562721315398812177e-02
1.567089375108480370e-02
1.542787102423608288e-02
1.520291652157902684e-02
1.519480975158512583e-02
1.502367633208632515e-02
1.498879647068679377e-02
1.476810122467577500e-02
1.466894251294434057e-02
1.447782631218433314e-02
1.438619137369096315e-02
1.428568250685930199e-02
1.425882780551910450e-02
1.405894708074629379e-02
1.401143124513328127e-02
1.393569311499595620e-02
1.386237002164125362e-02
1.369920048490166735e-02
1.367068224400281966e-02
1.347637923434376675e-02
1.344284411519765937e-02
1.338601390644907942e-02
1.325984420999884623e-02
1.315050096996128563e-02
1.302803606912493646e-02
1.298333172500133574e-02
1.291985616087913506e-02
1.281657707504928190e-02
1.283288805373013035e-02
1.267987936362624177e-02
1.259824511408805768e-02
1.250522669591009640e-02
1.250201018713414589e-02
1.240638559125363874e-02
1.236290967091917964e-02
1.225551451556384543e-02
1.221581681817770007e-02
1.211625832878053186e-02
1.209012203477323119e-02
1.194791778549551993e-02
1.196107699908316099e-02
1.192912941426038827e-02
1.179184516146779098e-02
1.176535550318658432e-02
1.165648257173597727e-02
1.168962923437356916e-02
1.159926077350974076e-02
1.150415952131152164e-02
1.148927573300898008e-02
1.138101198896765767e-02
1.139258186146616982e-02
1.134279812499880760e-02
1.131182686612009977e-02
1.128257388994097742e-02
1.114233302325010229e-02
1.112755885533988492e-02
1.103006853908300444e-02
1.097397634387016312e-02
1.099431659653782832e-02
1.085211849026382000e-02
1.088103780336678074e-02
1.084310718066990378e-02
1.079768445156514649e-02
1.071451932005584168e-02
1.073821000568568780e-02
1.068109831400215586e-02
1.063743143156170926e-02
1.053426261804997835e-02
1.055391916818916760e-02
1.050017086975276424e-02
1.017865518853068411e-02
1.016575692966580416e-02
1.022836902178823892e-02
1.021790851652622234e-02
1.016587889194488573e-02
1.014361262694001183e-02
1.014122938737273272e-02
1.020271113887429200e-02
1.016511377878487159e-02
1.017665640078485069e-02
1.016122165322303796e-02
1.017807402834296215e-02
1.016239804588258203e-02
1.018052920512855022e-02
1.018887054733932061e-02
1.018944592773914255e-02
1.014363475888967539e-02
1.016496826708316800e-02
1.015037082321941855e-02
1.018370733596384546e-02
1.016633393056690614e-02
1.015928407385945260e-02
1.022407608479261425e-02
1.017301878891885281e-02
1.014152166992425899e-02
1.016750863939523686e-02
1.019187310710549348e-02
1.015874329581856715e-02
1.015947434119880179e-02
1.013299814797937945e-02
1.013760491646826210e-02
1.011281837336719044e-02
1.014006992243230397e-02
1.015564764849841671e-02
1.015563482232391748e-02
1.013255892880260932e-02
1.013159623555839016e-02
1.016631793603301089e-02
1.014479834213852932e-02
1.009066108427941755e-02
1.016732672043144624e-02
1.015140246786177224e-02
1.017184878513217004e-02
1.012125225737690870e-02
1.012217108719050927e-02
1.013614439778029973e-02
1.015859556570649150e-02
1.018054324202239541e-02
1.016941086575388897e-02
1.012390874698758207e-02
1.013600450567901136e-02
1.015294773876667007e-02
1.010899935476481867e-02
1.018661772087216429e-02
1.009551513567566797e-02
1.010345508158206999e-02
1.010175045952200860e-02
1.012708570435643177e-02
1.015879304707050304e-02
1.013423785753548093e-02
1.009678887203335762e-02
1.007525851391255847e-02
1.014823114126920701e-02
1.009312919154763295e-02
1.013784673064947045e-02
1.012743645720183897e-02
1.013089659437537218e-02
1.007406868413090670e-02
1.005530943349003739e-02
1.006563643738627410e-02
1.005792546644806822e-02
1.007748045586049496e-02
1.008625924773514336e-02
1.015914558060467161e-02
1.010661623999476420e-02
1.007838780805468508e-02
1.008793301135301607e-02
1.009859273955225969e-02
1.008940419368445883e-02
1.009266620129346814e-02
