2.799867935031652433e-01
1.345365677326917642e-01
9.828293222188949629e-02
7.698194478452205503e-02
6.495536988973617254e-02
5.599807813018560509e-02
4.928279483318329102e-02
4.457942327111959202e-02
4.056167283654212724e-02
3.825942230224609053e-02
3.567511540651321228e-02
3.354102061316371203e-02
3.213959892839193117e-02
3.072613570839166641e-02
2.965674072131514391e-02
2.836658369749784497e-02
2.753194045275449836e-02
2.658601029217243228e-02
2.554002775251865490e-02
2.500740237534046159e-02
2.423211633041500931e-02
2.379933553561568160e-02
2.307853176072239762e-02
2.254106553643941968e-02
2.211078032106161134e-02
2.184572776407003522e-02
2.124876135960221402e-02
2.085145682841539269e-02
2.065774987637996815e-02
2.016095118969678940e-02
1.987279525026679206e-02
1.953213131055235932e-02
1.923806628957390810e-02
1.898356700316071455e-02
1.863727031275630094e-02
1.848977185040712526e-02
1.820526710897684211e-02
1.787138348445296149e-02
1.770379572920501368e-02
1.745174825564026894e-02
1.721351958066225096e-02
1.707098576612770674e-02
1.699276701174676565e-02
1.664996067620813994e-02
1.642582090198993830e-02
1.637830892205238351e-02
1.638284403085708482e-02
1.596254919469356631e-02
1.583180412091314895e-02
1.574772175401449245e-02
1.553956837020814379e-02
1.537683054991066493e-02
1.524130046367645243e-02
1.512349771521985520e-02
1.493000416643917513e-02
1.489160365425050252e-02
1.469554704427719106e-02
1.465475067123770715e-02
1.455802018940448826e-02
1.439453270472586081e-02
1.422890402562916254e-02
1.414166763424873352e-02
1.411916596256196539e-02
1.388872835412621569e-02
1.382510901242494511e-02
1.372984867356717535e-02
1.360071936435997518e-02
1.354671107418835112e-02
1.344549534283578408e-02
1.332484749890863913e-02
1.323910338245332281e-02
1.321898371353745494e-02
1.313075706548988766e-02
1.307680655084550447e-02
1.291400359570980122e-02
1.286314556375145988e-02
1.275250772945582881e-02
1.263683841563761207e-02
1.261199326068162922e-02
1.251731509529054216e-02
1.216327795572578856e-02
1.211641231924295500e-02
1.214747031405568126e-02
1.214534242451190994e-02
1.207019244506955108e-02
1.211385083198547423e-02
1.218711636774241942e-02
1.214480991289019519e-02
1.209680831059813458e-02
1.207697109878063182e-02
1.210096414014697093e-02
1.208888732083141827e-02
1.212981668673455797e-02
1.210013802722096493e-02
1.217710713483393173e-02
1.214078997634351204e-02
1.213012086972594175e-02
1.205504365637898381e-02
1.206472887098789144e-02
1.210265908017754515e-02
1.210668450780212797e-02
1.207145698927342831e-02
1.210318081639707131e-02
1.209192961081862437e-02
1.203447713330388011e-02
1.208937139436602574e-02
1.208080914430320271e-02
1.210593623854219932e-02
1.214321732707321702e-02
1.204690758325159539e-02
1.201109257526695659e-02
1.206553289666771958e-02
1.208421185612678500e-02
1.203982290253043097e-02
1.207531850598752426e-02
1.208250501565635154e-02
1.203511579148471358e-02
1.205610509216785420e-02
1.204058405198156836e-02
1.198469611257314653e-02
1.207191154919564670e-02
1.199296812340617212e-02
1.205211747251450950e-02
1.202276929467916561e-02
1.200744628719985566e-02
1.203108405880630102e-02
1.205015732161700791e-02
1.200440166890621128e-02
1.208649185486137916e-02
1.198255274258554041e-02
1.203438018634915389e-02
1.205129531398415645e-02
1.206467321887612354e-02
1.196214909665286458e-02
1.200258318148553389e-02
1.201128967478871414e-02
1.199704820476472401e-02
1.196653643995523528e-02
1.199237408302724316e-02
1.191077818535268319e-02
1.205348953604698167e-02
1.198483136482536744e-02
1.198402834497392169e-02
1.201318289153277888e-02
1.199933026358485262e-02
1.195212488248944237e-02
1.196042260900139799e-02
1.203999426215887104e-02
1.193899146281182828e-02
1.199004210345447005e-02
1.198588308319449396e-02
1.196031089313328265e-02
1.196703418157994692e-02
1.196113814041018485e-02
1.194766092300415111e-02
1.197628721222281437e-02
1.190124289318919212e-02
1.192988576181232968e-02
1.201836553961038549e-02
1.200258783809840697e-02
1.197370313107967363e-02
1.192906697280705051e-02
1.195551153086125799e-02
1.194299407489597849e-02
1.193715346232056621e-02
1.196159881912171874e-02
1.206353577040135926e-02
1.202092670463025641e-02
1.196076411753892871e-02
1.188502185419201829e-02
1.191473560221493165e-02
1.192424721829593234e-02
1.198097209632396735e-02
1.191916891559958482e-02
1.192570979148149454e-02
1.191631914675235666e-02
1.195941553823649806e-02
1.189133162051439312e-02
1.190130199119448715e-02
1.191861256211996026e-02
1.191851949878037012e-02
1.192463575676083569e-02
1.194397454150021055e-02
1.188511461578309510e-02
1.183086101524531870e-02
1.188187843374908029e-02
1.191522849537432135e-02
1.185666541010141350e-02
1.183481920883059507e-02
1.184872225113213148e-02
1.188204776123166079e-02
1.190654205158352824e-02
1.190341435000300332e-02
1.188169446401298075e-02
1.187149835936725066e-02
1.191357966884970705e-02
1.185716244392097038e-02
1.185412615351378977e-02
1.187557842023670603e-02
1.187964382767677310e-02
