4.886684179306030273e+00
9.763329982757568359e+00
1.467410302162170410e+01
1.950227308273315430e+01
2.443628001213073730e+01
2.933935713768005371e+01
3.420952010154724121e+01
3.901138806343078613e+01
4.385629510879516602e+01
4.858038520812988281e+01
5.342635011672973633e+01
5.821684312820434570e+01
6.303055119514465332e+01
6.788443398475646973e+01
7.279124021530151367e+01
7.774489998817443848e+01
8.265051817893981934e+01
8.759420108795166016e+01
9.253569698333740234e+01
9.745121908187866211e+01
1.023528101444244385e+02
1.072162671089172363e+02
1.120507249832153320e+02
1.168893210887908936e+02
1.218324031829833984e+02
1.267294001579284668e+02
1.315717871189117432e+02
1.364528629779815674e+02
1.413161480426788330e+02
1.461914081573486328e+02
1.510606729984283447e+02
1.559408941268920898e+02
1.608080821037292480e+02
1.656068429946899414e+02
1.704509131908416748e+02
1.752665810585021973e+02
1.801182501316070557e+02
1.849419140815734863e+02
1.897895700931549072e+02
1.946517350673675537e+02
2.033267359733581543e+02
2.115966880321502686e+02
2.214776141643524170e+02
2.303329780101776123e+02
2.384636030197143555e+02
2.464413890838623047e+02
2.554972951412200928e+02
2.646250729560852051e+02
2.734836709499359131e+02
2.818847191333770752e+02
2.912513599395751953e+02
2.990540721416473389e+02
3.088646249771118164e+02
3.177411630153656006e+02
3.268236570358276367e+02
3.364757599830627441e+02
3.456363990306854248e+02
3.546311790943145752e+02
3.634283189773559570e+02
3.715808260440826416e+02
3.795805549621582031e+02
3.873488600254058838e+02
3.960319230556488037e+02
4.054697959423065186e+02
4.165610821247100830e+02
4.257976310253143311e+02
4.344640281200408936e+02
4.436519510746002197e+02
4.517166500091552734e+02
4.609130761623382568e+02
4.689300489425659180e+02
4.769676649570465088e+02
4.855795130729675293e+02
4.944887261390686035e+02
5.026216449737548828e+02
5.105962960720062256e+02
5.201957240104675293e+02
5.287403759956359863e+02
5.367585430145263672e+02
5.458921799659729004e+02
5.552791409492492676e+02
5.642836019992828369e+02
5.728284721374511719e+02
5.817210590839385986e+02
5.909309480190277100e+02
6.002896211147308350e+02
6.079557371139526367e+02
6.157616620063781738e+02
6.238600411415100098e+02
6.322580370903015137e+02
6.404854230880737305e+02
6.484133269786834717e+02
6.574933760166168213e+02
6.657665600776672363e+02
6.741983900070190430e+02
6.836307289600372314e+02
6.919397611618041992e+02
7.011604981422424316e+02
7.099951610565185547e+02
7.181240401268005371e+02
7.267941169738769531e+02
7.352449851036071777e+02
7.440739159584045410e+02
7.529613881111145020e+02
7.610673251152038574e+02
7.704879400730133057e+02
7.796083040237426758e+02
7.879976961612701416e+02
7.976955649852752686e+02
8.058533439636230469e+02
8.144431469440460205e+02
8.226083011627197266e+02
8.320530660152435303e+02
8.396592609882354736e+02
8.492470440864562988e+02
8.576801800727844238e+02
8.664208340644836426e+02
8.753085861206054688e+02
8.836185071468353271e+02
8.930241360664367676e+02
9.040624520778656006e+02
9.151861741542816162e+02
9.230518131256103516e+02
9.335364589691162109e+02
9.426950459480285645e+02
9.509873270988464355e+02
9.591292760372161865e+02
9.668276920318603516e+02
9.763697559833526611e+02
9.852854161262512207e+02
9.937611501216888428e+02
1.002716113090515137e+03
1.013545190095901489e+03
1.022958162069320679e+03
1.031857453107833862e+03
1.040451290130615234e+03
1.049562925100326538e+03
1.057812258005142212e+03
1.067227755069732666e+03
1.075315937995910645e+03
1.084115586996078491e+03
1.092240041971206665e+03
1.100862842082977295e+03
1.109950345993041992e+03
1.119568110942840576e+03
1.131090245008468628e+03
1.139432183027267456e+03
1.147120929002761841e+03
1.156405663967132568e+03
1.164607299089431763e+03
1.175047593116760254e+03
1.183069791078567505e+03
1.191203555107116699e+03
1.200581779956817627e+03
1.209447327136993408e+03
1.217310560941696167e+03
1.226202166080474854e+03
1.235455726146697998e+03
1.243286043167114258e+03
1.252806602954864502e+03
1.261119023084640503e+03
1.269377635955810547e+03
1.277511683940887451e+03
1.286755489110946655e+03
1.294933302164077759e+03
1.303135750055313110e+03
1.311645035028457642e+03
1.320631392002105713e+03
1.331478041172027588e+03
1.341121153116226196e+03
1.351796733140945435e+03
1.360391788959503174e+03
1.371000036954879761e+03
1.379564768075942993e+03
1.388235579967498779e+03
1.397324917078018188e+03
1.406681899070739746e+03
1.416260189056396484e+03
1.425032037019729614e+03
1.433175765991210938e+03
1.441821880102157593e+03
1.449993479967117310e+03
1.458398972034454346e+03
1.467667458057403564e+03
1.475601309061050415e+03
1.486115298986434937e+03
1.494459548950195312e+03
1.503062507152557373e+03
1.510860892057418823e+03
1.519776607990264893e+03
1.527967266082763672e+03
1.537883188009262085e+03
1.551294415950775146e+03
1.559262302160263062e+03
1.569681107997894287e+03
1.580805145025253296e+03
1.589699669122695923e+03
1.602554938077926636e+03
1.611763456106185913e+03
1.620111479043960571e+03
