1.926833742851626230e+00
1.322763607315292411e+00
9.840608709273074295e-01
8.011215383662058098e-01
6.924849666736817566e-01
6.212190279564488993e-01
5.708496162448901678e-01
5.332484455839132664e-01
5.040242928888901686e-01
4.806056672207463798e-01
4.613991915338215288e-01
4.452568310834881249e-01
4.315492546223453907e-01
4.195482249308780109e-01
4.090748891444113688e-01
3.998272114358337737e-01
3.915450323645696118e-01
3.840733921564243869e-01
3.772137315152102044e-01
3.709363184468133512e-01
3.651828855999271761e-01
3.598053431859460916e-01
3.548472013011614301e-01
3.501276970608497852e-01
3.457774131809813190e-01
3.416514226724184922e-01
3.377923336539962462e-01
3.341190143171488547e-01
3.305460300870277646e-01
3.271871153919823083e-01
3.240333120852108562e-01
3.209833655860855339e-01
3.180840641012955827e-01
3.152341510304487171e-01
3.125095528365158248e-01
3.098662287982101859e-01
3.074184564645965900e-01
3.049256776481689690e-01
3.025417064544896895e-01
3.002252141794667928e-01
2.980120140095202652e-01
2.958213277220260728e-01
2.937095202013303430e-01
2.916611200550217609e-01
2.896478903273049244e-01
2.876933086436765374e-01
2.857438865051605825e-01
2.839079947875262078e-01
2.819871022039824870e-01
2.803363935769562776e-01
