8.054199992418289433e-01
9.030800012350082007e-01
8.761599998474121076e-01
9.204800009727478471e-01
9.232199999094009568e-01
9.445800015926361093e-01
9.515800032615661097e-01
9.514200028181075686e-01
9.363000011444091442e-01
9.474600033760071094e-01
9.556400014162063083e-01
9.604000045061111823e-01
9.481200042963028318e-01
9.559800035953521791e-01
9.619000060558319243e-01
9.643400049209595037e-01
9.680400083065032746e-01
9.697600090503692982e-01
9.673000062704086854e-01
9.723400084972381174e-01
9.725400081872940250e-01
9.743600089550018550e-01
9.780400086641312107e-01
9.737200093269348100e-01
9.701000076532363403e-01
9.738400083780288652e-01
9.664600068330764238e-01
9.720000081062316610e-01
9.684200071096420448e-01
9.777800091505051139e-01
9.771600093841552592e-01
9.813800100088119205e-01
9.799400104284285984e-01
9.810200111865997608e-01
9.779000098705291633e-01
9.709000077247619265e-01
9.748800090551376085e-01
9.779800090789795286e-01
9.624600057601928604e-01
9.744600095748900959e-01
9.820600098371505826e-01
9.813800091743469789e-01
9.794000093936919837e-01
9.748400077819824316e-01
9.761200087070465159e-01
9.821400111913680675e-01
9.673800071477890450e-01
9.811600099802016972e-01
9.844600089788436703e-01
9.843400096893311080e-01
9.786600097417831323e-01
9.830400104522705185e-01
9.852800089120864468e-01
9.793200099468231112e-01
9.794600102901458438e-01
9.745800087451934601e-01
9.819400097131729677e-01
9.802600091695785611e-01
9.852800095081328813e-01
9.863000093698501836e-01
9.861800092458724576e-01
9.829600094556808498e-01
9.778200092315674219e-01
9.865200083255767360e-01
9.842800093889236823e-01
9.844200104475021584e-01
9.885800093412399070e-01
9.903400082588196263e-01
9.888800092935562391e-01
9.826800085306167665e-01
9.828600094318390434e-01
9.894800084829330489e-01
9.870000089406967270e-01
9.855600094795227140e-01
9.894600083827972403e-01
9.901000078916549763e-01
9.866000097990036410e-01
9.891400076150894671e-01
9.877800087928771955e-01
9.856800096035003289e-01
9.876200087070464706e-01
9.886000087261199720e-01
9.882800086736679424e-01
9.871200083494185984e-01
9.909000077247619442e-01
9.861400083303452080e-01
9.904600074291228795e-01
9.838800083398818730e-01
9.854200088977813632e-01
9.882000094652175770e-01
9.910200070142746176e-01
9.920600066184998012e-01
9.803400079011916901e-01
9.858400086164474940e-01
9.893200078010558896e-01
9.878000092506408203e-01
9.881200084686279084e-01
9.908400079011917549e-01
9.924000066518783303e-01
9.940800055265426316e-01
9.925600063800811279e-01
9.913600070476531467e-01
9.913600071668624558e-01
9.934600058794021971e-01
9.920800067186356097e-01
9.921400066614151081e-01
9.915800068378448628e-01
9.915200072526931807e-01
9.924600067138671378e-01
9.938600056171417174e-01
9.942200052738189298e-01
9.945200052261352619e-01
9.931600055694580487e-01
9.924000066518783303e-01
9.943200049400329199e-01
9.911400070190429235e-01
9.960800036191940210e-01
9.910200072526931248e-01
9.917800072431564029e-01
9.896000081300735385e-01
9.922800066471100244e-01
9.927400058507919178e-01
9.919600067138671928e-01
9.956400040388106998e-01
9.906200065612792427e-01
9.882800065279007118e-01
9.920000070333481190e-01
9.891200082302094021e-01
9.914400069713592556e-01
9.923800063133240146e-01
9.949000046253204665e-01
9.930400060415267571e-01
9.940000051259993974e-01
9.950600042343139551e-01
9.946000047922134435e-01
9.935800055265426867e-01
9.896200072765349853e-01
9.931000056266784393e-01
9.948400044441223500e-01
9.936000052690505679e-01
9.932600063085555986e-01
9.947000049352645590e-01
9.964000033140182344e-01
9.941600049734116151e-01
9.948000048398971673e-01
9.954000042676925952e-01
9.967400031089782564e-01
9.949200044870376569e-01
9.966400032043456481e-01
9.967600029706954468e-01
9.979400019645691122e-01
9.970200028419494709e-01
9.967400029897689473e-01
9.946200044155121267e-01
9.949200043678283478e-01
9.968600029945373642e-01
9.976200022697448988e-01
9.976400021314620892e-01
9.980200018882751101e-01
9.979600019454956117e-01
9.980200018882751101e-01
9.980000019073486106e-01
9.979400019645691122e-01
9.979400019645691122e-01
9.978400020599365039e-01
9.974200022220611750e-01
9.980000019073486106e-01
9.960200036764145226e-01
9.962600034475326272e-01
9.918400064706802688e-01
9.884400070905685620e-01
9.953800044059752938e-01
9.952000041007995623e-01
9.958600038290024159e-01
9.956600039005280012e-01
9.973600025177001838e-01
9.978000020980835050e-01
9.981600017547607173e-01
9.976200022697448988e-01
9.979400019645691122e-01
9.951400038003921367e-01
9.894000070095062549e-01
9.941200054883957415e-01
9.951800043582916810e-01
9.966600031852722585e-01
9.976600022315978977e-01
9.942000049352646140e-01
9.889200075864791328e-01
9.909200059175491404e-01
9.960400036573410221e-01
9.949600048065185831e-01
9.965800032615661497e-01
9.976600022315978977e-01
9.835600072145461725e-01
9.937000055313109925e-01
9.928400055170059080e-01
9.934000051021576461e-01
9.949400047063827746e-01
9.964600033760070419e-01
9.968000030517578658e-01
9.966400032043456481e-01
9.965400030612945326e-01
9.971800026893615776e-01
9.888400075435638259e-01
9.937600054740906019e-01
9.953800041675567867e-01
9.972200026512145765e-01
9.966800031661987580e-01
9.962000035047531288e-01
9.964600031375885347e-01
9.969000029563903631e-01
9.982000014781952091e-01
9.985000014305114302e-01
9.988600010871887536e-01
9.969600027799606634e-01
9.976800022125243972e-01
9.984400014877319318e-01
9.983200016021728240e-01
9.923400053977966540e-01
9.961800035238266293e-01
9.977400021553040066e-01
9.986800012588501474e-01
9.935600043535232073e-01
9.964800032377243433e-01
9.974800022840499825e-01
9.973400025367736843e-01
9.984000015258789329e-01
9.988400011062622541e-01
9.990400009155273597e-01
9.984200015068054324e-01
9.990600008964538592e-01
9.986600012779235369e-01
9.987600011825561452e-01
9.985000013113022321e-01
9.975200020074844742e-01
9.989600009918212509e-01
9.914600052833557609e-01
9.942200050354004226e-01
9.966200029850006414e-01
9.969000029563903631e-01
9.918400063514709597e-01
9.899600073099136255e-01
9.937400051355361752e-01
9.965800030231475315e-01
9.976200022697448988e-01
9.975800023078918999e-01
9.946200048923492520e-01
9.979400019645691122e-01
9.985000014305114302e-01
9.986200013160705380e-01
9.991000008583068581e-01
9.988400011062622541e-01
9.982600015401840166e-01
9.989600009918212509e-01
9.994200005531310715e-01
9.992600007057189648e-01
9.979600018262863026e-01
9.990000009536743608e-01
9.977600021362305061e-01
9.989600009918212509e-01
9.986400012969970374e-01
9.991000008583068581e-01
9.983800014257431243e-01
9.993800005912780726e-01
9.993800005912780726e-01
9.993600006103515732e-01
9.994400005340575710e-01
9.986800012588501474e-01
9.990200009346008603e-01
9.991200008392333576e-01
9.956800031661987571e-01
9.988200011253356436e-01
9.991400008201598570e-01
9.993000005483627657e-01
9.991800007820129670e-01
9.967800029516220572e-01
9.991600008010864675e-01
9.967000031471252575e-01
9.964400023221969827e-01
9.991600008010864675e-01
9.986200013160705380e-01
9.983000016212463246e-01
9.988000011444091442e-01
9.995000004768371804e-01
9.995800004005431783e-01
9.994600005149841815e-01
9.982800015211105160e-01
9.989800008535385523e-01
9.996400003433227877e-01
9.993200006484985742e-01
9.995800004005431783e-01
9.994200005531310715e-01
9.988400009870529450e-01
9.988800010681152530e-01
9.936200042963028167e-01
9.933800052404403447e-01
9.950400041341781465e-01
9.983600014448166249e-01
9.958800036907196063e-01
9.990800008773803587e-01
9.987800011634826447e-01
9.992000007629394664e-01
9.996800003051757866e-01
9.997400002479552850e-01
9.993400006294250737e-01
9.992800006866454643e-01
9.996200003623962882e-01
9.991400008201598570e-01
9.997200002670287855e-01
9.995200004577636799e-01
9.993600006103515732e-01
9.992800006866454643e-01
9.988200011253356436e-01
9.923000048398971096e-01
9.928400052785872898e-01
9.976400022506713983e-01
9.986800012588501474e-01
9.986600012779235369e-01
9.994600005149841815e-01
9.994200005531310715e-01
9.994600005149841815e-01
9.955000035762786581e-01
9.976400022506713983e-01
9.969800026416778538e-01
9.987400012016296458e-01
9.989800009727477503e-01
9.991200008392333576e-01
9.985600012540817305e-01
9.994800004959106809e-01
9.992600007057189648e-01
9.979200019836426128e-01
9.982800016403198251e-01
9.994000005722045721e-01
9.996800003051757866e-01
9.996400003433227877e-01
9.980600017309189109e-01
9.983200016021728240e-01
9.995400004386901793e-01
9.995200004577636799e-01
9.993200006484985742e-01
9.995400004386901793e-01
9.998000001907348944e-01
9.970000027418136623e-01
9.985800013542175391e-01
9.990600008964538592e-01
9.995600004196166788e-01
9.968000026941299385e-01
9.989000009298324434e-01
9.994400005340575710e-01
9.994400005340575710e-01
9.942600034475326254e-01
9.888200073242187083e-01
9.927000057697296098e-01
9.900400060415267545e-01
9.944000043869019034e-01
9.975600023269652894e-01
9.963400032520294269e-01
9.915000053644180689e-01
9.914200071096420652e-01
9.940600050687790068e-01
9.974600024223327921e-01
9.986800012588501474e-01
9.976800022125243972e-01
9.978400020599365039e-01
9.986800012588501474e-01
9.955800036191940761e-01
9.977600021362305061e-01
9.978200017213821882e-01
9.973400021791458681e-01
9.982200016975403267e-01
9.982200015783310176e-01
9.960000035762787141e-01
9.961200029850005855e-01
9.985200012922287316e-01
9.987800011634826447e-01
9.995200004577636799e-01
9.895600048303604401e-01
9.943400045633316031e-01
9.962600032091141200e-01
9.978000020980835050e-01
9.986000013351440385e-01
9.983800015449524334e-01
9.960000032186507868e-01
9.986600012779235369e-01
9.984600014686584313e-01
9.993600006103515732e-01
9.990600008964538592e-01
9.994000005722045721e-01
9.989800009727477503e-01
9.996000003814696777e-01
9.994000005722045721e-01
9.993600006103515732e-01
9.995200004577636799e-01
9.990200008153915512e-01
9.995400004386901793e-01
9.995400004386901793e-01
9.995400004386901793e-01
9.997200002670287855e-01
9.993200006484985742e-01
9.978000020980835050e-01
9.994600005149841815e-01
9.986200011968612289e-01
9.995600004196166788e-01
9.997600002288817844e-01
9.998200001716613938e-01
9.989400010108947514e-01
9.984800014495849307e-01
9.994200005531310715e-01
9.998000001907348944e-01
9.998800001144408922e-01
9.994000005722045721e-01
9.997400002479552850e-01
9.998200001716613938e-01
9.998800001144408922e-01
9.997400002479552850e-01
9.998200001716613938e-01
9.997200002670287855e-01
9.985000013113022321e-01
9.966200029850006414e-01
9.996600003242492871e-01
9.995800004005431783e-01
9.996600003242492871e-01
9.997400002479552850e-01
9.995000004768371804e-01
9.999000000953673917e-01
9.999800000190735005e-01
9.998800001144408922e-01
9.999000000953673917e-01
9.997200002670287855e-01
9.998400001525878933e-01
9.998200001716613938e-01
9.995600004196166788e-01
9.999400000572205016e-01
9.999800000190735005e-01
9.999200000762938911e-01
9.999400000572205016e-01
9.993600006103515732e-01
9.999400000572205016e-01
9.992600007057189648e-01
9.998800001144408922e-01
9.999200000762938911e-01
9.998600001335143928e-01
9.999600000381470011e-01
9.999400000572205016e-01
9.999600000381470011e-01
9.999600000381470011e-01
9.999200000762938911e-01
9.999600000381470011e-01
9.999800000190735005e-01
1.000000000000000000e+00
9.999800000190735005e-01
9.993800005912780726e-01
9.999000000953673917e-01
9.999200000762938911e-01
9.999200000762938911e-01
9.983400015830993235e-01
9.982800016403198251e-01
9.988600010871887536e-01
9.992400007247924654e-01
9.997600002288817844e-01
9.997800002098083949e-01
9.999400000572205016e-01
9.998000001907348944e-01
9.999400000572205016e-01
9.992800005674362662e-01
9.991200008392333576e-01
9.998400001525878933e-01
9.999200000762938911e-01
9.999400000572205016e-01
9.994000005722045721e-01
9.998200001716613938e-01
9.999200000762938911e-01
9.999600000381470011e-01
9.999800000190735005e-01
1.000000000000000000e+00
9.999200000762938911e-01
9.999800000190735005e-01
9.989400010108947514e-01
1.000000000000000000e+00
9.999800000190735005e-01
1.000000000000000000e+00
9.999800000190735005e-01
9.998000001907348944e-01
9.992600007057189648e-01
9.997800002098083949e-01
9.997600002288817844e-01
9.999600000381470011e-01
9.999600000381470011e-01
1.000000000000000000e+00
9.998200001716613938e-01
1.000000000000000000e+00
9.999800000190735005e-01
9.999800000190735005e-01
9.999600000381470011e-01
9.999200000762938911e-01
9.997800002098083949e-01
1.000000000000000000e+00
9.999000000953673917e-01
9.999600000381470011e-01
1.000000000000000000e+00
1.000000000000000000e+00
9.999800000190735005e-01
9.999800000190735005e-01
9.999600000381470011e-01
9.999000000953673917e-01
1.000000000000000000e+00
1.000000000000000000e+00
1.000000000000000000e+00
1.000000000000000000e+00
9.999800000190735005e-01
1.000000000000000000e+00
9.995400004386901793e-01
9.997000002861022860e-01
1.000000000000000000e+00
9.999800000190735005e-01
9.998400001525878933e-01
1.000000000000000000e+00
9.999200000762938911e-01
9.999800000190735005e-01
9.999800000190735005e-01
9.999600000381470011e-01
9.999600000381470011e-01
9.995400004386901793e-01
1.000000000000000000e+00
9.999800000190735005e-01
9.973400025367736843e-01
9.676000049114227286e-01
9.726000096797943195e-01
9.820800086259842132e-01
9.893400069475174474e-01
9.925800055265426858e-01
9.948000044822692400e-01
9.953600040674209781e-01
9.968400028944015556e-01
9.920000047683715794e-01
9.906800072193145956e-01
9.950000041723251476e-01
9.782800068855285192e-01
9.848000085353851851e-01
9.884400069713592529e-01
9.957600038051604985e-01
9.967400027513504401e-01
9.972000026702880771e-01
9.980400018692016095e-01
9.977000021934508966e-01
9.970600028038024698e-01
9.987200012207031463e-01
9.982600016593933256e-01
9.980600018501282200e-01
9.981400016546249088e-01
9.948200038671493051e-01
9.982400016784668262e-01
9.984600014686584313e-01
9.973800022602081761e-01
9.977200020551681980e-01
9.946200040578841994e-01
9.985400013923645401e-01
9.990600008964538592e-01
9.990200009346008603e-01
9.989400010108947514e-01
9.850800061225890580e-01
9.661800059080123404e-01
9.794600080251694152e-01
9.916400068998336703e-01
9.936800050735473677e-01
9.923400052785873449e-01
9.929400062561035689e-01
9.956000040769577009e-01
9.920600063800811830e-01
9.954400041103362851e-01
9.952000044584273786e-01
9.948800045251846580e-01
9.960400037765503312e-01
9.977800019979476964e-01
9.960600033998489033e-01
9.959400037527084137e-01
9.981000018119812189e-01
9.986000013351440385e-01
9.965000030994415336e-01
9.989000010490417525e-01
9.983600015640259340e-01
9.984200015068054324e-01
9.991400008201598570e-01
9.989400010108947514e-01
9.991000008583068581e-01
9.995200004577636799e-01
9.997000002861022860e-01
9.995200004577636799e-01
9.997200002670287855e-01
9.988400011062622541e-01
9.953200041055679792e-01
9.990600008964538592e-01
9.993600006103515732e-01
9.997000002861022860e-01
9.997800002098083949e-01
9.996600003242492871e-01
9.988600010871887536e-01
9.996600003242492871e-01
9.998200001716613938e-01
9.997800002098083949e-01
9.998400001525878933e-01
9.994800004959106809e-01
9.992600007057189648e-01
9.995000004768371804e-01
9.995200004577636799e-01
9.995400004386901793e-01
9.995200004577636799e-01
9.999000000953673917e-01
9.986000012159347294e-01
9.993000006675720748e-01
9.996600003242492871e-01
9.998000001907348944e-01
9.998000001907348944e-01
9.997200002670287855e-01
9.996400003433227877e-01
9.997600002288817844e-01
9.999000000953673917e-01
9.998200001716613938e-01
9.993600006103515732e-01
9.996800003051757866e-01
9.997600002288817844e-01
9.998600001335143928e-01
9.996600003242492871e-01
9.994400005340575710e-01
9.976600019931792795e-01
9.994000005722045721e-01
9.997200002670287855e-01
9.995000004768371804e-01
9.998800001144408922e-01
9.998000001907348944e-01
9.997800002098083949e-01
9.998600001335143928e-01
9.999400000572205016e-01
9.999200000762938911e-01
9.999200000762938911e-01
9.996200003623962882e-01
9.998800001144408922e-01
9.998000001907348944e-01
9.999600000381470011e-01
9.999400000572205016e-01
9.999600000381470011e-01
9.998400001525878933e-01
9.999800000190735005e-01
9.999600000381470011e-01
9.999400000572205016e-01
9.998200001716613938e-01
9.999800000190735005e-01
9.999600000381470011e-01
9.970800023078918439e-01
9.965400031805038417e-01
9.991600008010864675e-01
9.996200003623962882e-01
9.969200026988983554e-01
9.985200014114380407e-01
9.988800010681152530e-01
9.992000007629394664e-01
9.994200005531310715e-01
9.946800042390823160e-01
9.911000058650970557e-01
9.957800035476684908e-01
9.975800023078918999e-01
9.984200015068054324e-01
9.975600019693374731e-01
9.984200015068054324e-01
9.984400013685226227e-01
9.993000006675720748e-01
9.994200005531310715e-01
9.993600006103515732e-01
9.997600002288817844e-01
9.998000001907348944e-01
9.992400006055831563e-01
9.998200001716613938e-01
9.998600001335143928e-01
9.998000001907348944e-01
9.997400002479552850e-01
9.997800002098083949e-01
9.999600000381470011e-01
9.994200005531310715e-01
9.997400002479552850e-01
9.998200001716613938e-01
9.999200000762938911e-01
9.998200001716613938e-01
9.999400000572205016e-01
9.999000000953673917e-01
9.990000009536743608e-01
9.974000024795531827e-01
9.966600028276443313e-01
9.988200010061264456e-01
9.997400002479552850e-01
9.991600006818771584e-01
9.998200001716613938e-01
9.999400000572205016e-01
9.994000005722045721e-01
9.991200008392333576e-01
9.996400003433227877e-01
9.996800003051757866e-01
9.998400001525878933e-01
9.997000002861022860e-01
9.997200002670287855e-01
9.999200000762938911e-01
9.999600000381470011e-01
9.981200017929077184e-01
9.940000044107437649e-01
9.920000059604644482e-01
9.978200020790100044e-01
9.986800012588501474e-01
9.991000008583068581e-01
9.994200005531310715e-01
9.997800002098083949e-01
9.998400001525878933e-01
9.997400002479552850e-01
9.966000028848648329e-01
9.994200005531310715e-01
9.968800023794174292e-01
9.983000016212463246e-01
9.995600004196166788e-01
9.996000003814696777e-01
9.977800019979476964e-01
9.985600012540817305e-01
9.996200003623962882e-01
9.998400001525878933e-01
9.998200001716613938e-01
9.999400000572205016e-01
9.996600003242492871e-01
9.999200000762938911e-01
9.995800004005431783e-01
9.997400002479552850e-01
9.998800001144408922e-01
9.997800002098083949e-01
9.999400000572205016e-01
9.999400000572205016e-01
9.996200003623962882e-01
9.999600000381470011e-01
1.000000000000000000e+00
9.994200005531310715e-01
9.997600002288817844e-01
9.993600006103515732e-01
9.995800004005431783e-01
9.998000001907348944e-01
9.999400000572205016e-01
9.998800001144408922e-01
9.999800000190735005e-01
1.000000000000000000e+00
9.999600000381470011e-01
9.999800000190735005e-01
9.997600002288817844e-01
9.999800000190735005e-01
9.999000000953673917e-01
1.000000000000000000e+00
9.984000015258789329e-01
9.965000027418136064e-01
9.987000011205673378e-01
9.665600043535232944e-01
9.820400090217590305e-01
9.904600071907043723e-01
9.922000062465667902e-01
9.938200052976607912e-01
9.868600084781646853e-01
9.950200043916702652e-01
9.896600067615508589e-01
9.892800071239471471e-01
9.959000039100647239e-01
9.978800019025803048e-01
9.973200024366378758e-01
9.971400026082992696e-01
9.978200019598006953e-01
9.990000009536743608e-01
9.987600011825561452e-01
9.953200042247771773e-01
9.975000022649764819e-01
9.986000013351440385e-01
9.992800006866454643e-01
9.994200005531310715e-01
9.980600018501282200e-01
9.986400012969970374e-01
9.989800008535385523e-01
9.984600014686584313e-01
9.994200005531310715e-01
9.994000005722045721e-01
9.995800004005431783e-01
9.986600012779235369e-01
9.995000004768371804e-01
9.996200003623962882e-01
9.980400018692016095e-01
9.989800009727477503e-01
9.992600007057189648e-01
9.997800002098083949e-01
9.988800010681152530e-01
9.996400003433227877e-01
9.822800071239471409e-01
9.905800068378448620e-01
9.891200069189071131e-01
9.965200031995773422e-01
9.795800067186355431e-01
9.902000070810318411e-01
9.872600084543228238e-01
9.920800064802169915e-01
9.948000047206878582e-01
9.968000030517578658e-01
9.957000039815903092e-01
9.964600031375885347e-01
9.973800024986266832e-01
9.968200030326843653e-01
9.973200024366378758e-01
9.983000016212463246e-01
9.986000013351440385e-01
9.988400011062622541e-01
9.991600008010864675e-01
9.948000042438507329e-01
9.822200081348418932e-01
9.835600100755691466e-01
9.899800082445144866e-01
9.948200049400329759e-01
9.960000038146972212e-01
9.969600028991699725e-01
9.975200023651122905e-01
9.979800019264221111e-01
9.983400015830993235e-01
9.981600017547607173e-01
9.986000013351440385e-01
9.978600020408630034e-01
9.990200009346008603e-01
9.989200010299682519e-01
9.988200011253356436e-01
9.992400007247924654e-01
9.991800007820129670e-01
9.990600008964538592e-01
9.994600005149841815e-01
9.995200004577636799e-01
9.991000008583068581e-01
9.992200007438659659e-01
9.991400008201598570e-01
9.991400008201598570e-01
9.993800005912780726e-01
9.996400003433227877e-01
9.996200003623962882e-01
9.996200003623962882e-01
9.984200015068054324e-01
9.993200006484985742e-01
9.995200004577636799e-01
9.994400005340575710e-01
9.995200004577636799e-01
9.969200028181075535e-01
9.982800016403198251e-01
9.990800007581710496e-01
9.951000038385391377e-01
9.941200047731399980e-01
9.987600011825561452e-01
9.977000019550323895e-01
9.975200023651122905e-01
9.983800015449524334e-01
9.991200008392333576e-01
9.979600019454956117e-01
9.994200005531310715e-01
9.995000004768371804e-01
9.995800004005431783e-01
9.993200006484985742e-01
9.997600002288817844e-01
9.996200003623962882e-01
9.982600015401840166e-01
9.994400005340575710e-01
9.992600007057189648e-01
9.997600002288817844e-01
9.994200005531310715e-01
9.980400016307831024e-01
9.992400007247924654e-01
9.995400004386901793e-01
9.991800007820129670e-01
9.997200002670287855e-01
9.991400007009506590e-01
9.989800009727477503e-01
9.993200005292892651e-01
9.995800004005431783e-01
9.997400002479552850e-01
9.998000001907348944e-01
9.996600003242492871e-01
9.987600008249283290e-01
9.994200005531310715e-01
9.997000002861022860e-01
9.995600004196166788e-01
9.995400004386901793e-01
9.985200014114380407e-01
9.997000002861022860e-01
9.997200002670287855e-01
9.998800001144408922e-01
9.998000001907348944e-01
9.999200000762938911e-01
9.998400001525878933e-01
9.998800001144408922e-01
9.999200000762938911e-01
9.999000000953673917e-01
9.996600003242492871e-01
9.998400001525878933e-01
9.998800001144408922e-01
9.995400004386901793e-01
9.999000000953673917e-01
1.000000000000000000e+00
9.999200000762938911e-01
9.999600000381470011e-01
9.999000000953673917e-01
9.994600005149841815e-01
9.995600004196166788e-01
9.991200008392333576e-01
9.998600001335143928e-01
9.998800001144408922e-01
9.999600000381470011e-01
9.985000014305114302e-01
9.996800003051757866e-01
9.998200001716613938e-01
9.999400000572205016e-01
9.994600003957748724e-01
9.999600000381470011e-01
9.999600000381470011e-01
9.999400000572205016e-01
9.999800000190735005e-01
9.997400002479552850e-01
9.998400001525878933e-01
9.998600001335143928e-01
9.999600000381470011e-01
9.999000000953673917e-01
9.999600000381470011e-01
9.998600001335143928e-01
9.999000000953673917e-01
9.999600000381470011e-01
1.000000000000000000e+00
9.999200000762938911e-01
1.000000000000000000e+00
9.998000001907348944e-01
1.000000000000000000e+00
9.995400004386901793e-01
1.000000000000000000e+00
9.999000000953673917e-01
9.999800000190735005e-01
9.999400000572205016e-01
9.999800000190735005e-01
9.999200000762938911e-01
1.000000000000000000e+00
1.000000000000000000e+00
1.000000000000000000e+00
9.999800000190735005e-01
1.000000000000000000e+00
1.000000000000000000e+00
1.000000000000000000e+00
1.000000000000000000e+00
1.000000000000000000e+00
9.736000045537948067e-01
9.778400080204010525e-01
9.711200075149536426e-01
9.649800065755843592e-01
9.772800091505050579e-01
9.864000092744826809e-01
9.918800063133239586e-01
9.890400059223175555e-01
9.896600062847137336e-01
9.931000059843063665e-01
9.960200037956238317e-01
9.958200038671493060e-01
9.965200033187866513e-01
9.887800068855285840e-01
9.879000077247619416e-01
9.935000058412551960e-01
9.926200058460236120e-01
9.927200053930282930e-01
9.962000036239624379e-01
9.973600025177001838e-01
9.946600048542022510e-01
9.963000034093856261e-01
9.976800022125243972e-01
9.982000015974045182e-01
9.973000025749206854e-01
9.988600010871887536e-01
9.985000014305114302e-01
9.980800017118454104e-01
9.979800018072128021e-01
9.987800011634826447e-01
9.989000010490417525e-01
9.974600021839141739e-01
9.979800019264221111e-01
9.977000021934508966e-01
9.990000008344650517e-01
9.990400009155273597e-01
9.989400010108947514e-01
9.989400010108947514e-01
9.990600008964538592e-01
9.993400006294250737e-01
9.978800013065337593e-01
9.995400004386901793e-01
9.995000004768371804e-01
9.997000002861022860e-01
9.997400002479552850e-01
9.996400003433227877e-01
9.996400003433227877e-01
9.992800006866454643e-01
9.996400003433227877e-01
9.996200003623962882e-01
9.993000006675720748e-01
9.994000004529952630e-01
9.989800009727477503e-01
9.995600004196166788e-01
9.997400002479552850e-01
