7.490913152694702148e+00
1.497338104248046875e+01
2.214509010314941406e+01
2.946400499343872070e+01
3.667357301712036133e+01
4.409776711463928223e+01
5.157062697410583496e+01
5.900354313850402832e+01
6.621567606925964355e+01
7.350549101829528809e+01
8.090710902214050293e+01
8.823382115364074707e+01
9.540816211700439453e+01
1.026327979564666748e+02
1.101689121723175049e+02
1.175647821426391602e+02
1.249625029563903809e+02
1.323091511726379395e+02
1.395757551193237305e+02
1.469292500019073486e+02
1.540781111717224121e+02
1.614819891452789307e+02
1.689465460777282715e+02
1.762225770950317383e+02
1.834712569713592529e+02
1.907126841545104980e+02
1.978374240398406982e+02
2.052001659870147705e+02
2.125554151535034180e+02
2.198581271171569824e+02
2.271412949562072754e+02
2.346114230155944824e+02
2.418704700469970703e+02
2.492152931690216064e+02
2.564038960933685303e+02
2.636831340789794922e+02
2.709489820003509521e+02
2.782675740718841553e+02
2.854672470092773438e+02
2.926581130027770996e+02
3.001176230907440186e+02
3.073602590560913086e+02
3.146310851573944092e+02
3.218199591636657715e+02
3.290493581295013428e+02
3.364515230655670166e+02
3.435734360218048096e+02
3.509942491054534912e+02
3.582919909954071045e+02
3.655683989524841309e+02
3.728374650478363037e+02
3.801470451354980469e+02
3.876187930107116699e+02
3.948299820423126221e+02
4.020327131748199463e+02
4.093050131797790527e+02
4.166997649669647217e+02
4.240188231468200684e+02
4.313661940097808838e+02
4.387458181381225586e+02
4.459832990169525146e+02
4.531521739959716797e+02
4.603864929676055908e+02
4.676020011901855469e+02
4.747204999923706055e+02
4.820729620456695557e+02
4.894622640609741211e+02
4.969040720462799072e+02
5.042037429809570312e+02
5.113776710033416748e+02
5.186885001659393311e+02
5.259506180286407471e+02
5.331714820861816406e+02
5.404399139881134033e+02
5.479371190071105957e+02
5.551614441871643066e+02
5.623682320117950439e+02
5.696910011768341064e+02
5.770249760150909424e+02
5.843172030448913574e+02
5.915551190376281738e+02
5.988201379776000977e+02
6.060586640834808350e+02
6.135730700492858887e+02
6.207484450340270996e+02
6.280590691566467285e+02
6.353133361339569092e+02
6.424788770675659180e+02
6.497817771434783936e+02
6.571199450492858887e+02
6.644454090595245361e+02
6.718336219787597656e+02
6.790985891819000244e+02
6.865121769905090332e+02
6.940111031532287598e+02
7.012341930866241455e+02
7.084575290679931641e+02
7.157996840476989746e+02
7.230731761455535889e+02
7.303785309791564941e+02
7.377772209644317627e+02
7.448773810863494873e+02
7.521294801235198975e+02
7.595430910587310791e+02
7.668186390399932861e+02
7.742700681686401367e+02
7.817696139812469482e+02
7.890718920230865479e+02
7.964306981563568115e+02
8.037198331356048584e+02
8.109762811660766602e+02
8.184320621490478516e+02
8.258638541698455811e+02
8.331296310424804688e+02
8.404818229675292969e+02
8.478396961688995361e+02
8.552608289718627930e+02
8.624201641082763672e+02
8.697913851737976074e+02
8.769874010086059570e+02
8.843046550750732422e+02
8.915970320701599121e+02
8.989627580642700195e+02
9.062952950000762939e+02
9.135101790428161621e+02
9.208780090808868408e+02
9.281255590915679932e+02
9.353757150173187256e+02
9.426945490837097168e+02
9.499728910923004150e+02
9.572769641876220703e+02
9.643301570415496826e+02
9.717401130199432373e+02
9.790161521434783936e+02
9.863491959571838379e+02
9.936013729572296143e+02
1.000967983007431030e+03
1.008452116012573242e+03
1.015762313127517700e+03
1.022898781061172485e+03
1.029974577188491821e+03
1.037398712158203125e+03
1.044704029083251953e+03
1.052012254953384399e+03
1.059200194120407104e+03
1.066608700990676880e+03
1.073798357963562012e+03
1.081144540071487427e+03
1.088568327188491821e+03
1.095949023008346558e+03
1.103315330982208252e+03
1.110614964008331299e+03
1.117925175189971924e+03
1.125086493015289307e+03
1.132366342067718506e+03
1.139842821121215820e+03
1.147254338026046753e+03
1.154617881059646606e+03
1.161961982011795044e+03
1.169183681964874268e+03
1.176739895105361938e+03
1.183949484109878540e+03
1.191505563020706177e+03
1.198808920145034790e+03
1.206156208038330078e+03
1.213557247161865234e+03
1.220803969144821167e+03
1.227982825040817261e+03
1.235302917003631592e+03
1.242732383012771606e+03
1.250026924133300781e+03
1.257321619987487793e+03
1.264569277048110962e+03
1.271950129032135010e+03
1.279242330074310303e+03
1.286569625139236450e+03
1.293940585136413574e+03
1.301204279184341431e+03
1.308474802970886230e+03
1.315973345041275024e+03
1.323351366996765137e+03
1.330459624052047729e+03
1.337775192022323608e+03
1.344813757181167603e+03
1.352323655128479004e+03
1.359518337011337280e+03
1.366913087129592896e+03
1.374120187044143677e+03
1.381406906127929688e+03
1.388755617141723633e+03
1.396010090112686157e+03
1.403283049106597900e+03
1.410558864116668701e+03
1.417805802106857300e+03
1.425085050106048584e+03
1.432330723047256470e+03
1.439534801006317139e+03
1.446814161062240601e+03
1.454058194160461426e+03
1.461273931026458740e+03
1.468580476999282837e+03
1.476019788026809692e+03
1.483442738056182861e+03
1.490670230150222778e+03
1.498034271955490112e+03
1.505298851013183594e+03
1.512575922966003418e+03
1.519867443084716797e+03
1.527042479038238525e+03
1.534383625984191895e+03
1.541961156129837036e+03
1.549234851121902466e+03
1.556558706998825073e+03
1.563872037172317505e+03
1.571188105106353760e+03
1.578433732032775879e+03
1.585686140060424805e+03
1.592914765119552612e+03
1.600095448970794678e+03
1.607547217130661011e+03
1.614862622976303101e+03
1.622242377996444702e+03
1.629573704957962036e+03
1.636876774072647095e+03
1.644220923185348511e+03
1.651448752164840698e+03
1.658929867029190063e+03
1.666507024049758911e+03
1.673887241125106812e+03
1.681224390029907227e+03
1.688472110033035278e+03
1.695931795120239258e+03
1.703193230152130127e+03
1.710472548007965088e+03
1.717725409030914307e+03
1.725022941112518311e+03
1.732099956989288330e+03
1.739413779973983765e+03
1.746732537031173706e+03
1.753904433965682983e+03
1.761232279062271118e+03
1.768433423042297363e+03
1.775796797990798950e+03
1.783001083135604858e+03
1.790365823030471802e+03
1.797733684062957764e+03
1.805029694080352783e+03
1.812454799175262451e+03
1.819753355026245117e+03
1.827149526119232178e+03
1.834547494173049927e+03
1.841835016965866089e+03
1.849086467981338501e+03
1.856320108175277710e+03
1.863593495130538940e+03
1.871065565109252930e+03
1.878505352020263672e+03
1.885699203014373779e+03
1.892968388080596924e+03
1.900473759174346924e+03
1.907643498182296753e+03
1.915032962083816528e+03
1.922384183168411255e+03
1.929781491994857788e+03
1.936957173109054565e+03
1.944651733160018921e+03
1.951850479125976562e+03
1.959260722160339355e+03
1.966487921953201294e+03
1.974000317096710205e+03
1.981333181142807007e+03
1.988863666057586670e+03
1.996198619127273560e+03
2.003378422975540161e+03
2.010630362033843994e+03
2.018041805982589722e+03
2.025714854955673218e+03
2.032919950962066650e+03
2.040122660160064697e+03
2.047742012023925781e+03
2.055163737058639526e+03
2.062438007116317749e+03
2.069863584041595459e+03
2.077266026020050049e+03
2.084718379974365234e+03
2.092076477050781250e+03
2.099257784128189087e+03
2.106466927051544189e+03
2.113908818006515503e+03
2.121239762067794800e+03
2.128608180999755859e+03
2.135882589101791382e+03
2.143298906087875366e+03
2.150511240005493164e+03
2.157488445043563843e+03
2.164714141130447388e+03
2.171982716083526611e+03
2.179550779104232788e+03
2.186769157171249390e+03
2.194186344146728516e+03
2.201635457992553711e+03
2.208902770996093750e+03
2.216172585010528564e+03
2.223412542104721069e+03
2.230765344142913818e+03
2.238077769994735718e+03
2.245481287956237793e+03
2.252727065086364746e+03
2.260049815177917480e+03
2.267340850114822388e+03
2.274570240974426270e+03
2.281812924146652222e+03
2.289130748987197876e+03
2.296535461187362671e+03
2.303817589998245239e+03
2.311215427160263062e+03
2.318474850177764893e+03
2.325733054161071777e+03
2.333069166183471680e+03
2.340216860055923462e+03
2.347408074140548706e+03
2.354666253089904785e+03
2.362116809129714966e+03
2.369524516105651855e+03
2.376731359958648682e+03
2.383983456134796143e+03
2.391259505033493042e+03
2.398620696067810059e+03
2.405999106168746948e+03
2.413236330986022949e+03
2.420588078022003174e+03
2.427935204982757568e+03
2.435410928010940552e+03
2.442980419158935547e+03
2.450298645019531250e+03
2.457415474176406860e+03
2.464637067079544067e+03
2.472120704174041748e+03
2.479825280189514160e+03
2.487111989974975586e+03
2.494689630985260010e+03
2.502254343986511230e+03
2.509817056179046631e+03
2.517237953186035156e+03
2.524668308019638062e+03
2.532037639141082764e+03
2.539279930114746094e+03
2.546799187183380127e+03
2.554341781139373779e+03
2.562005256175994873e+03
2.569265630006790161e+03
2.576804813146591187e+03
2.584124243974685669e+03
2.591408390045166016e+03
2.598835110187530518e+03
2.606244134187698364e+03
2.613684812068939209e+03
2.621048261165618896e+03
2.628525032043457031e+03
2.635929742097854614e+03
2.643645051002502441e+03
2.651045478105545044e+03
2.658561740159988403e+03
2.665965465068817139e+03
2.673557178020477295e+03
2.681221160173416138e+03
2.688643345117568970e+03
2.696203498125076294e+03
2.703972676038742065e+03
2.711384960174560547e+03
2.718773154020309448e+03
2.726182784080505371e+03
2.733760578155517578e+03
2.741374396085739136e+03
2.748866702079772949e+03
2.756212521076202393e+03
2.763634798049926758e+03
2.770908456087112427e+03
2.778541167974472046e+03
2.786182059049606323e+03
2.793796724081039429e+03
2.801202461957931519e+03
2.808842430114746094e+03
2.816204009056091309e+03
2.823644353151321411e+03
2.831169342994689941e+03
2.838625648975372314e+03
2.845994475126266479e+03
2.853636938095092773e+03
2.861324716091156006e+03
2.868695333957672119e+03
2.876124052047729492e+03
2.883545701026916504e+03
2.890963785171508789e+03
2.898542379140853882e+03
2.906095174074172974e+03
2.913783110141754150e+03
2.921281419992446899e+03
2.928738300085067749e+03
2.936138945102691650e+03
2.943536525011062622e+03
2.951051685094833374e+03
2.958658779144287109e+03
2.966179455041885376e+03
2.973715342044830322e+03
2.981084902048110962e+03
2.988610296964645386e+03
2.995873605966567993e+03
3.003590837001800537e+03
3.011181773185729980e+03
3.018899113178253174e+03
3.026403604984283447e+03
3.033955440998077393e+03
3.041517647027969360e+03
3.049154024124145508e+03
3.056794161081314087e+03
3.064351011037826538e+03
3.072131875991821289e+03
3.079511062145233154e+03
3.087138123035430908e+03
3.094670144081115723e+03
3.102220556974411011e+03
3.109867766141891479e+03
3.117246191024780273e+03
3.124783513069152832e+03
3.132416949033737183e+03
3.139926891088485718e+03
3.147338346004486084e+03
3.154791939020156860e+03
3.162196855068206787e+03
3.169647186994552612e+03
3.177064406156539917e+03
3.184467118024826050e+03
3.191978342056274414e+03
3.199233572959899902e+03
3.206777110099792480e+03
3.214148241043090820e+03
3.221598309993743896e+03
3.229009157180786133e+03
3.236524131059646606e+03
3.244020131111145020e+03
3.251499119043350220e+03
3.259344007968902588e+03
3.266726456165313721e+03
3.274423521041870117e+03
3.281962512016296387e+03
3.289527311086654663e+03
3.296890154123306274e+03
3.304387382984161377e+03
3.311925893068313599e+03
3.319533867120742798e+03
3.326959148168563843e+03
3.334318300962448120e+03
3.341812282085418701e+03
3.349438609123229980e+03
3.356725944995880127e+03
3.364192062139511108e+03
3.371665568113327026e+03
3.379196521997451782e+03
3.386817626953125000e+03
3.394356616973876953e+03
3.401817239046096802e+03
3.409122667074203491e+03
3.416580109119415283e+03
3.424086189985275269e+03
3.431662650108337402e+03
3.439206758022308350e+03
3.446657914161682129e+03
3.454182579040527344e+03
3.461870890140533447e+03
3.469329516172409058e+03
3.476874796152114868e+03
3.484313619136810303e+03
3.491804803133010864e+03
3.499331607103347778e+03
3.506787310123443604e+03
3.514318264961242676e+03
3.521915348052978516e+03
3.529430860042572021e+03
3.536882815122604370e+03
3.544324349164962769e+03
3.551951495170593262e+03
3.559606450080871582e+03
3.566961806058883667e+03
3.574493890047073364e+03
3.582183083057403564e+03
3.589688704967498779e+03
3.597402058124542236e+03
3.604988233089447021e+03
3.612398432970046997e+03
3.620335798025131226e+03
3.627660273075103760e+03
3.635235046148300171e+03
3.642819139957427979e+03
3.650136461019515991e+03
3.657759704113006592e+03
3.665447748184204102e+03
3.672881674051284790e+03
3.680158439159393311e+03
3.687634655952453613e+03
3.695021147012710571e+03
3.702446294069290161e+03
3.709853072166442871e+03
3.717383354187011719e+03
3.724912427186965942e+03
3.732534948110580444e+03
3.739988027095794678e+03
3.747632403135299683e+03
3.755128873109817505e+03
3.762553338050842285e+03
3.770141671180725098e+03
3.777479418039321899e+03
3.784989572048187256e+03
3.792389723062515259e+03
3.799913324117660522e+03
3.807965309143066406e+03
3.815404936075210571e+03
3.822774722099304199e+03
3.830363739013671875e+03
3.837984822034835815e+03
3.845211388111114502e+03
3.852788680076599121e+03
3.860207435131072998e+03
3.867742374181747437e+03
3.875248262166976929e+03
3.882614856958389282e+03
3.890049365043640137e+03
3.897401890039443970e+03
3.904894517183303833e+03
3.912468059062957764e+03
3.919907518148422241e+03
3.927475140094757080e+03
3.935030164957046509e+03
3.942538131952285767e+03
3.949809201955795288e+03
3.956938050985336304e+03
3.964187808036804199e+03
3.971426406145095825e+03
3.978639508962631226e+03
3.986022344112396240e+03
3.993538254976272583e+03
4.001317201137542725e+03
4.008634354114532471e+03
4.015766961097717285e+03
4.023128463029861450e+03
4.030339751005172729e+03
4.037985563993453979e+03
4.045247990131378174e+03
4.052427919149398804e+03
4.059699895143508911e+03
4.067093742132186890e+03
4.074410988092422485e+03
4.082222216129302979e+03
4.089510504961013794e+03
4.096827826023101807e+03
4.104069766998291016e+03
4.111294615030288696e+03
4.118914244174957275e+03
4.126319697141647339e+03
4.134005182027816772e+03
4.141137768983840942e+03
4.148456063032150269e+03
4.156061213970184326e+03
4.163309249162673950e+03
4.170671694040298462e+03
4.177861344099044800e+03
4.185176710128784180e+03
4.192573392152786255e+03
4.199934236049652100e+03
4.207323327064514160e+03
4.214460976123809814e+03
4.221938868045806885e+03
4.229159381151199341e+03
4.236495342016220093e+03
4.243651992082595825e+03
4.251259071111679077e+03
4.258453672170639038e+03
4.265846284151077271e+03
4.273143188953399658e+03
4.280477360010147095e+03
4.287724642992019653e+03
4.294977331161499023e+03
4.302275969982147217e+03
4.309362931966781616e+03
4.316832543134689331e+03
4.324341025114059448e+03
4.331652022123336792e+03
4.338999922037124634e+03
4.346350968122482300e+03
4.353737442016601562e+03
4.361123437166213989e+03
4.368495975971221924e+03
4.375911874055862427e+03
4.383424507141113281e+03
4.390625226020812988e+03
4.397813585996627808e+03
4.405283667087554932e+03
4.412682758092880249e+03
4.420103513002395630e+03
4.427453812122344971e+03
4.434883846998214722e+03
4.442021718978881836e+03
4.449131009101867676e+03
4.456761836051940918e+03
4.463965444087982178e+03
4.471399268150329590e+03
4.478930061101913452e+03
4.486412273168563843e+03
4.493619920015335083e+03
4.500787815093994141e+03
4.508059245109558105e+03
4.515542199134826660e+03
4.522911450147628784e+03
4.530569314002990723e+03
4.537697400093078613e+03
4.544964329957962036e+03
4.552251454114913940e+03
4.559528862953186035e+03
4.566848415136337280e+03
4.574362324953079224e+03
4.581804970979690552e+03
4.589075003147125244e+03
4.596269919157028198e+03
4.603659341096878052e+03
4.610957232952117920e+03
4.618480391025543213e+03
4.625939078092575073e+03
4.633526334047317505e+03
4.640902775049209595e+03
4.648223335027694702e+03
4.655411674022674561e+03
4.662481449127197266e+03
4.669980162143707275e+03
4.677246788024902344e+03
4.684700248956680298e+03
4.691842687129974365e+03
4.698988106012344360e+03
4.706379999160766602e+03
4.713773632049560547e+03
4.721086325168609619e+03
4.728772482156753540e+03
4.736206542015075684e+03
4.743480694055557251e+03
4.750652302026748657e+03
4.757991541147232056e+03
4.765159692049026489e+03
4.772472335100173950e+03
4.780118453979492188e+03
4.787456578969955444e+03
4.794916876077651978e+03
4.802604659080505371e+03
4.809921020984649658e+03
4.817042623043060303e+03
4.824232601165771484e+03
4.831486209154129028e+03
4.838755942106246948e+03
4.846001621961593628e+03
4.853301470994949341e+03
4.860739978075027466e+03
4.868155224084854126e+03
4.875417792081832886e+03
4.882669823169708252e+03
4.889913074016571045e+03
4.897278511047363281e+03
4.904864241123199463e+03
4.912361761093139648e+03
4.919996608972549438e+03
4.927385282039642334e+03
4.934634984970092773e+03
4.942036784172058105e+03
4.949478582143783569e+03
4.956842983007431030e+03
4.963987121105194092e+03
4.971375571966171265e+03
4.978819720983505249e+03
4.985971623182296753e+03
4.993135256052017212e+03
5.000405025959014893e+03
5.007733280181884766e+03
5.015117146968841553e+03
5.022369090080261230e+03
5.029642043113708496e+03
5.036852092027664185e+03
5.043912981033325195e+03
5.051242746114730835e+03
5.058552855014801025e+03
5.065785498142242432e+03
5.073457380056381226e+03
5.080769493103027344e+03
5.088084557056427002e+03
5.095359704017639160e+03
5.102649585962295532e+03
5.109859693050384521e+03
5.117188559055328369e+03
5.124382596969604492e+03
5.131533177137374878e+03
5.138834043025970459e+03
5.146073029041290283e+03
5.153378283023834229e+03
5.160607506990432739e+03
5.167866873979568481e+03
5.175456110000610352e+03
5.182771573066711426e+03
5.190185008049011230e+03
5.197416232109069824e+03
5.204650851011276245e+03
5.212114348173141479e+03
5.219488280057907104e+03
5.227078418016433716e+03
5.234471045017242432e+03
5.241763221979141235e+03
5.248981367111206055e+03
5.256477324008941650e+03
5.263767033100128174e+03
5.270821614027023315e+03
5.278227569103240967e+03
5.285774088144302368e+03
5.293085983037948608e+03
5.300377716064453125e+03
5.307686551094055176e+03
5.315276293992996216e+03
5.321656557083129883e+03
5.328154399156570435e+03
5.336331285953521729e+03
5.344642788171768188e+03
5.352808336019515991e+03
5.360930468082427979e+03
5.369133780002593994e+03
5.377374233961105347e+03
5.385499890089035034e+03
5.393788776159286499e+03
5.401965089082717896e+03
5.410099132061004639e+03
5.418351583957672119e+03
5.426506441116333008e+03
5.434725111007690430e+03
5.442978531122207642e+03
5.451146667957305908e+03
5.459530483961105347e+03
5.467681248188018799e+03
5.476013372182846069e+03
5.484232798099517822e+03
5.492447816133499146e+03
5.500690978050231934e+03
5.508707749128341675e+03
5.516958883047103882e+03
5.525436644077301025e+03
5.533623950958251953e+03
5.541910756111145020e+03
5.550094712972640991e+03
5.558293280124664307e+03
5.566603146076202393e+03
5.574661009073257446e+03
5.582838348150253296e+03
5.591141306161880493e+03
5.599338684082031250e+03
5.607559144020080566e+03
5.615752029180526733e+03
5.624011515140533447e+03
5.632357619047164917e+03
5.640576318979263306e+03
5.649145428180694580e+03
5.657227504968643188e+03
5.665521327972412109e+03
5.673814949989318848e+03
5.682039342164993286e+03
5.690232671022415161e+03
5.698287429094314575e+03
5.706380203008651733e+03
5.714641877174377441e+03
5.723037598133087158e+03
5.731338235139846802e+03
5.739773219108581543e+03
5.747888895988464355e+03
5.756237877130508423e+03
5.764343374013900757e+03
5.772690251111984253e+03
5.780906186103820801e+03
5.789124209165573120e+03
5.797398892164230347e+03
5.805695466995239258e+03
5.813746167182922363e+03
5.822047021150588989e+03
5.830274280071258545e+03
5.838343439102172852e+03
5.846477997064590454e+03
5.854985848188400269e+03
5.863254572153091431e+03
5.871639811038970947e+03
5.879707937955856323e+03
5.887961865186691284e+03
5.896118462085723877e+03
5.904350735187530518e+03
5.912299695014953613e+03
5.920567280054092407e+03
5.928704751968383789e+03
5.936847774028778076e+03
5.945044450998306274e+03
5.953278052091598511e+03
5.961549710035324097e+03
5.969745818138122559e+03
5.977899320125579834e+03
5.986077553987503052e+03
5.994384030103683472e+03
6.002706699132919312e+03
6.011253625154495239e+03
6.019383253097534180e+03
6.027552045106887817e+03
6.035846239089965820e+03
6.043969596147537231e+03
6.052179075002670288e+03
6.060440490961074829e+03
6.068670834064483643e+03
6.077048645019531250e+03
6.085381029129028320e+03
6.093615898132324219e+03
6.101808602094650269e+03
6.110147554159164429e+03
6.118465461969375610e+03
6.127013513088226318e+03
6.135227908134460449e+03
6.143434702157974243e+03
6.151661275148391724e+03
6.159810682058334351e+03
6.168145910978317261e+03
6.176593064069747925e+03
6.184829326152801514e+03
6.192944368124008179e+03
6.201221322059631348e+03
6.209540456056594849e+03
6.217703181028366089e+03
6.225924046039581299e+03
6.234151709079742432e+03
6.242511523962020874e+03
6.250922957181930542e+03
6.259200684070587158e+03
6.267362946987152100e+03
6.275656773090362549e+03
6.284080731153488159e+03
6.292295336961746216e+03
6.300617671012878418e+03
6.308683933973312378e+03
6.316959886074066162e+03
6.325235273122787476e+03
6.333603767156600952e+03
6.341841385126113892e+03
6.350345492124557495e+03
6.358575064182281494e+03
6.366830034971237183e+03
6.375002779006958008e+03
6.383507673978805542e+03
6.391686846017837524e+03
6.399831545114517212e+03
6.408140876054763794e+03
6.416277672052383423e+03
6.424438197135925293e+03
6.432655580997467041e+03
6.440924959182739258e+03
6.449316032171249390e+03
6.457459891080856323e+03
6.465585112094879150e+03
6.473973993062973022e+03
6.482196557044982910e+03
6.490298509120941162e+03
6.498555082082748413e+03
6.506735090970993042e+03
6.515000769138336182e+03
6.523312816143035889e+03
6.531571164131164551e+03
6.539784991025924683e+03
6.548051805973052979e+03
6.556203377008438110e+03
6.564242793083190918e+03
6.572482750177383423e+03
6.580523910999298096e+03
6.588682410955429077e+03
6.597053915023803711e+03
6.605179042100906372e+03
6.613239807128906250e+03
6.621441264152526855e+03
6.629833773136138916e+03
6.637900133132934570e+03
6.646085216045379639e+03
6.654595993995666504e+03
6.662985105991363525e+03
6.671153005123138428e+03
6.679240126132965088e+03
6.687665594100952148e+03
6.695974271059036255e+03
6.704260941982269287e+03
6.712531761169433594e+03
6.720614932060241699e+03
6.728712291955947876e+03
6.736969782114028931e+03
6.745241276025772095e+03
6.753467542171478271e+03
6.761899600982666016e+03
6.769978232145309448e+03
6.778164592981338501e+03
6.786294854164123535e+03
6.794417585134506226e+03
6.802761502027511597e+03
6.810976940155029297e+03
6.819447472095489502e+03
6.827710242033004761e+03
6.835960587978363037e+03
6.844376176118850708e+03
6.852522588968276978e+03
6.860780738115310669e+03
6.868852878093719482e+03
6.876966916084289551e+03
6.885205157995223999e+03
6.893192296028137207e+03
6.901406203985214233e+03
6.909499014139175415e+03
6.917786762952804565e+03
6.925962679147720337e+03
6.934217936038970947e+03
6.942490514039993286e+03
6.950942353010177612e+03
6.959081670045852661e+03
6.967424209117889404e+03
6.975640879154205322e+03
6.984081618070602417e+03
6.992243525981903076e+03
7.000281511068344116e+03
7.008390712976455688e+03
7.016652296066284180e+03
7.025126213073730469e+03
7.033395176172256470e+03
7.041476328134536743e+03
7.049939463138580322e+03
7.058327542066574097e+03
7.066586300134658813e+03
7.074699843168258667e+03
7.083010437011718750e+03
7.091186362028121948e+03
7.099616166114807129e+03
7.107828804969787598e+03
7.115948632955551147e+03
7.124241147994995117e+03
7.132500849008560181e+03
7.140701503038406372e+03
7.148920037984848022e+03
7.157156278133392334e+03
7.165351168155670166e+03
7.173686792135238647e+03
7.181768354177474976e+03
7.189857697010040283e+03
7.198116748094558716e+03
7.206371860027313232e+03
7.214572530984878540e+03
7.222849565029144287e+03
7.231000977993011475e+03
7.239111618041992188e+03
7.247401035070419312e+03
7.255645936965942383e+03
7.263892928123474121e+03
7.271867712020874023e+03
7.280327129125595093e+03
7.288527080059051514e+03
7.296720292091369629e+03
7.305231160163879395e+03
7.313534672975540161e+03
7.321713252067565918e+03
7.329944993019104004e+03
7.338101783037185669e+03
7.346217784166336060e+03
7.354360831975936890e+03
7.362527249097824097e+03
7.370786092996597290e+03
7.378926395177841187e+03
7.387168389081954956e+03
7.395360332012176514e+03
7.403541285037994385e+03
7.411695981025695801e+03
7.419882697105407715e+03
7.428127941131591797e+03
7.436415518999099731e+03
7.444534785032272339e+03
7.452788331031799316e+03
7.460868905067443848e+03
7.469377722978591919e+03
7.477530249118804932e+03
7.485589733123779297e+03
7.493777631044387817e+03
7.502054217100143433e+03
7.510271800994873047e+03
7.518453273057937622e+03
7.526642171144485474e+03
7.534763839960098267e+03
7.543229442119598389e+03
7.551444926977157593e+03
7.559945676088333130e+03
7.568167555093765259e+03
7.576275724172592163e+03
7.584561086177825928e+03
7.592790806055068970e+03
7.601052520036697388e+03
7.609714840173721313e+03
