2.878058910369873047e+00
5.939076900482177734e+00
9.056545019149780273e+00
1.218794488906860352e+01
1.573869395256042480e+01
1.993187379837036133e+01
2.459316587448120117e+01
2.954717183113098145e+01
3.441084384918212891e+01
3.890812683105468750e+01
4.375781679153442383e+01
4.834126591682434082e+01
5.296480679512023926e+01
5.778767299652099609e+01
6.302625489234924316e+01
6.777589297294616699e+01
7.206812191009521484e+01
7.702242994308471680e+01
8.180649900436401367e+01
8.638210892677307129e+01
9.074915099143981934e+01
9.562216901779174805e+01
1.003260498046875000e+02
1.051072490215301514e+02
1.099468510150909424e+02
1.145777819156646729e+02
1.191027729511260986e+02
1.232284488677978516e+02
1.284800968170166016e+02
1.330000088214874268e+02
1.378727388381958008e+02
1.428695428371429443e+02
1.479265129566192627e+02
1.534145278930664062e+02
1.581683149337768555e+02
1.623841907978057861e+02
1.669181399345397949e+02
1.712217988967895508e+02
1.758247950077056885e+02
1.806125078201293945e+02
1.849547598361968994e+02
1.892995789051055908e+02
1.939610760211944580e+02
1.991551449298858643e+02
2.040351879596710205e+02
2.087915649414062500e+02
2.133855738639831543e+02
2.176626918315887451e+02
2.224594979286193848e+02
2.272747178077697754e+02
2.313488538265228271e+02
2.359503037929534912e+02
2.404175050258636475e+02
2.455674519538879395e+02
2.504060900211334229e+02
2.551858718395233154e+02
2.594207258224487305e+02
2.638500268459320068e+02
2.684617428779602051e+02
2.732112178802490234e+02
2.781555318832397461e+02
2.826242239475250244e+02
2.868550958633422852e+02
2.915060198307037354e+02
2.962481248378753662e+02
3.016955089569091797e+02
3.062166178226470947e+02
3.107887599468231201e+02
3.151861548423767090e+02
3.200551807880401611e+02
3.252979369163513184e+02
3.298466889858245850e+02
3.351813678741455078e+02
3.402209618091583252e+02
3.445738739967346191e+02
3.493028559684753418e+02
3.539640629291534424e+02
3.589162609577178955e+02
3.634589409828186035e+02
3.681733310222625732e+02
3.726904668807983398e+02
3.772196350097656250e+02
3.824474339485168457e+02
3.871484858989715576e+02
3.918394258022308350e+02
3.964879648685455322e+02
4.007481019496917725e+02
4.057161748409271240e+02
4.100665199756622314e+02
4.145917489528656006e+02
4.192320089340209961e+02
4.243444938659667969e+02
4.292122189998626709e+02
4.342131669521331787e+02
4.391783058643341064e+02
4.438511040210723877e+02
4.486019048690795898e+02
4.529482398033142090e+02
4.581787040233612061e+02
4.628719279766082764e+02
4.675658710002899170e+02
4.722622239589691162e+02
4.770208158493041992e+02
4.815979669094085693e+02
4.862805798053741455e+02
4.911646168231964111e+02
4.960609128475189209e+02
5.008777120113372803e+02
5.059430890083312988e+02
5.107923250198364258e+02
5.157552528381347656e+02
5.202604539394378662e+02
5.245777587890625000e+02
5.291237349510192871e+02
5.335559878349304199e+02
5.380185329914093018e+02
5.422727038860321045e+02
5.466850898265838623e+02
5.516048529148101807e+02
5.566387588977813721e+02
5.614042940139770508e+02
5.661240530014038086e+02
5.710579988956451416e+02
5.752258708477020264e+02
5.800647108554840088e+02
5.849603219032287598e+02
5.894464688301086426e+02
5.936091959476470947e+02
5.982747278213500977e+02
6.027324719429016113e+02
6.075777668952941895e+02
6.121982460021972656e+02
6.167206749916076660e+02
6.211655240058898926e+02
6.254053449630737305e+02
6.307251977920532227e+02
6.358080959320068359e+02
6.405554788112640381e+02
6.452818858623504639e+02
6.495754809379577637e+02
6.547371950149536133e+02
6.591121258735656738e+02
6.638377659320831299e+02
6.683650879859924316e+02
6.725485959053039551e+02
6.770214738845825195e+02
6.823373758792877197e+02
6.871861369609832764e+02
6.918687880039215088e+02
6.970819787979125977e+02
7.019555377960205078e+02
7.067558698654174805e+02
7.118308908939361572e+02
7.168659429550170898e+02
7.222624378204345703e+02
7.268203179836273193e+02
7.313319709300994873e+02
7.357726109027862549e+02
7.406628189086914062e+02
7.451808760166168213e+02
7.498064558506011963e+02
7.547454268932342529e+02
7.596011209487915039e+02
7.646245558261871338e+02
7.692031149864196777e+02
7.737791769504547119e+02
7.786458919048309326e+02
7.831774330139160156e+02
7.882267858982086182e+02
7.931869959831237793e+02
7.979681169986724854e+02
8.025057427883148193e+02
8.071563358306884766e+02
8.117541429996490479e+02
8.165604398250579834e+02
8.215753087997436523e+02
8.259089348316192627e+02
8.302225308418273926e+02
8.348128578662872314e+02
8.394860348701477051e+02
8.442654089927673340e+02
8.491103489398956299e+02
8.535611779689788818e+02
8.577561299800872803e+02
8.624185957908630371e+02
8.665133228302001953e+02
8.710039567947387695e+02
8.756820399761199951e+02
8.802235298156738281e+02
8.847097628116607666e+02
8.895365350246429443e+02
8.940602109432220459e+02
8.986761038303375244e+02
9.035658669471740723e+02
9.080976309776306152e+02
9.128904988765716553e+02
9.179796009063720703e+02
9.225605528354644775e+02
9.273165278434753418e+02
9.319527468681335449e+02
