1.221093866495287283e+00
5.582559687718026131e-01
4.406096796118755821e-01
3.903384335047052622e-01
3.605497624637195031e-01
3.393562694681804826e-01
3.232496477174643945e-01
3.101341584596114531e-01
2.990334615331364798e-01
2.892650518842911911e-01
2.805057083397109463e-01
2.726978884622967003e-01
2.653928322340979862e-01
2.588696803472732011e-01
2.526790230984008456e-01
2.469171395395496349e-01
2.414125728658542969e-01
2.362630368502375566e-01
2.314561602213270619e-01
2.267778314295188780e-01
