7.140399999999992309e-01
8.646600000000000952e-01
8.849200000000004840e-01
8.953599999999998227e-01
9.025400000000003420e-01
9.072599999999998444e-01
9.115600000000000369e-01
9.149800000000000155e-01
9.179800000000002402e-01
9.209000000000006070e-01
9.235399999999994725e-01
9.256999999999994122e-01
9.278599999999993519e-01
9.293799999999996508e-01
9.312200000000001587e-01
9.326800000000010638e-01
9.342600000000002014e-01
9.359200000000003072e-01
9.364199999999994750e-01
9.383200000000000429e-01
