2.212721300404464131e+00
9.168842985615212049e-01
5.620062366679233756e-01
4.124436724009627464e-01
3.309849665731880997e-01
2.808538765622470290e-01
2.457630414999226742e-01
2.156024349127866613e-01
1.974704870254723466e-01
1.804641095456633038e-01
1.683746754625362885e-01
1.545594458447439590e-01
1.449548338226359645e-01
1.363444775982823320e-01
1.287987822049096176e-01
1.231399715951268375e-01
1.154096013656061709e-01
1.101634581816870184e-01
1.053802091725203893e-01
1.009248605131871229e-01
