6.966400000000005921e-01
9.095800000000002772e-01
9.323400000000002796e-01
9.434999999999998943e-01
9.515400000000000524e-01
9.572400000000004239e-01
9.611600000000019017e-01
9.659000000000016461e-01
9.681600000000022410e-01
9.706600000000039641e-01
9.728400000000038128e-01
9.747400000000042697e-01
9.764600000000045465e-01
9.782600000000036822e-01
9.797600000000041831e-01
9.805800000000042260e-01
9.825800000000041168e-01
9.833800000000043617e-01
9.845600000000048757e-01
9.855000000000047056e-01
