4.624222993850708008e+00
1.009168410301208496e+01
1.599451994895935059e+01
2.223556900024414062e+01
2.834470105171203613e+01
3.458020710945129395e+01
4.075653409957885742e+01
4.691428399085998535e+01
5.312880015373229980e+01
5.931909894943237305e+01
6.549641203880310059e+01
7.176888298988342285e+01
7.791091609001159668e+01
8.427217793464660645e+01
9.044740009307861328e+01
9.661156010627746582e+01
1.027030379772186279e+02
1.088632550239562988e+02
1.150072159767150879e+02
1.212691979408264160e+02
1.274968781471252441e+02
1.336288800239562988e+02
1.397979631423950195e+02
1.460106229782104492e+02
1.522850339412689209e+02
1.585345759391784668e+02
1.646603860855102539e+02
1.708836231231689453e+02
1.771291201114654541e+02
1.833942859172821045e+02
1.896035900115966797e+02
1.957762830257415771e+02
2.021246650218963623e+02
2.083611559867858887e+02
2.145630381107330322e+02
2.207657680511474609e+02
2.269646451473236084e+02
2.331936371326446533e+02
2.393861780166625977e+02
2.455126681327819824e+02
2.517171349525451660e+02
2.580865399837493896e+02
2.642952899932861328e+02
2.704824349880218506e+02
2.766517779827117920e+02
2.828084230422973633e+02
2.890788559913635254e+02
2.952753150463104248e+02
3.014320380687713623e+02
3.076336870193481445e+02
3.139061460494995117e+02
3.202298400402069092e+02
3.264121251106262207e+02
3.326181991100311279e+02
3.388030879497528076e+02
3.449273951053619385e+02
3.511326010227203369e+02
3.574136009216308594e+02
3.636526091098785400e+02
3.699733879566192627e+02
3.762925319671630859e+02
3.825794780254364014e+02
3.888719589710235596e+02
3.950863311290740967e+02
4.012291231155395508e+02
4.074946219921112061e+02
4.137191209793090820e+02
4.199421031475067139e+02
4.261919610500335693e+02
4.324128799438476562e+02
4.386575241088867188e+02
4.448471851348876953e+02
4.510788919925689697e+02
4.572226641178131104e+02
4.633287670612335205e+02
4.694634189605712891e+02
4.756552770137786865e+02
4.818716781139373779e+02
4.880210621356964111e+02
4.942793810367584229e+02
5.004946880340576172e+02
5.066314051151275635e+02
5.128070681095123291e+02
5.190319390296936035e+02
5.252047121524810791e+02
5.314369421005249023e+02
5.376887481212615967e+02
5.439919691085815430e+02
5.502137520313262939e+02
5.565158691406250000e+02
5.626366100311279297e+02
5.688904581069946289e+02
5.751526160240173340e+02
5.812415499687194824e+02
5.875101439952850342e+02
5.937344679832458496e+02
5.999686341285705566e+02
6.062602579593658447e+02
6.124595320224761963e+02
6.187273559570312500e+02
6.249195439815521240e+02
6.311066589355468750e+02
6.373654749393463135e+02
6.435115010738372803e+02
6.496819701194763184e+02
6.559306740760803223e+02
6.622650210857391357e+02
6.684390249252319336e+02
6.747656531333923340e+02
6.811505360603332520e+02
6.872769370079040527e+02
6.935214860439300537e+02
6.996763451099395752e+02
7.058953270912170410e+02
7.120793180465698242e+02
7.183012650012969971e+02
7.244931421279907227e+02
7.307682521343231201e+02
7.370137050151824951e+02
7.432754669189453125e+02
7.495027630329132080e+02
7.556634819507598877e+02
7.619148340225219727e+02
7.681977980136871338e+02
7.744039480686187744e+02
7.806740520000457764e+02
7.868092019557952881e+02
7.931044390201568604e+02
7.992937660217285156e+02
8.054766471385955811e+02
8.117026000022888184e+02
8.178975751399993896e+02
8.241826140880584717e+02
8.302825551033020020e+02
8.364828441143035889e+02
8.426743490695953369e+02
8.488341510295867920e+02
8.550144970417022705e+02
8.613002259731292725e+02
8.673693671226501465e+02
8.735795900821685791e+02
8.798948500156402588e+02
8.859521329402923584e+02
8.921285440921783447e+02
8.983889689445495605e+02
9.045244960784912109e+02
9.106689131259918213e+02
9.169219861030578613e+02
9.232365510463714600e+02
9.295315570831298828e+02
9.357919609546661377e+02
9.419348230361938477e+02
9.480961301326751709e+02
9.545407381057739258e+02
9.607756810188293457e+02
9.670690929889678955e+02
9.734373631477355957e+02
9.797011239528656006e+02
9.860525591373443604e+02
9.922431459426879883e+02
9.985280449390411377e+02
1.004864292144775391e+03
1.011201009035110474e+03
1.017282189130783081e+03
1.023578813076019287e+03
1.029920052051544189e+03
1.036095611095428467e+03
1.042408967018127441e+03
1.048547595977783203e+03
1.054887238979339600e+03
1.061037806034088135e+03
1.067208810091018677e+03
1.073408616065979004e+03
1.079662987947463989e+03
1.085864272117614746e+03
1.092107752084732056e+03
1.098376836061477661e+03
1.104634830951690674e+03
1.110961337089538574e+03
1.117199124097824097e+03
1.123470121145248413e+03
1.129763442039489746e+03
1.135923306941986084e+03
1.142233658075332642e+03
1.148468779087066650e+03
1.154698733091354370e+03
1.160829895019531250e+03
1.167068225145339966e+03
1.173247533082962036e+03
1.179419743061065674e+03
1.185521891117095947e+03
1.191767451047897339e+03
1.198112607002258301e+03
1.204387040138244629e+03
1.210686862945556641e+03
1.216900046110153198e+03
1.223107677936553955e+03
1.229351376056671143e+03
1.235623737096786499e+03
1.241752236127853394e+03
