6.130925893783569336e+00
1.228854393959045410e+01
1.838724493980407715e+01
2.456720590591430664e+01
3.061657285690307617e+01
3.678966188430786133e+01
4.296667003631591797e+01
4.918079400062561035e+01
5.531590294837951660e+01
6.155798697471618652e+01
6.777705502510070801e+01
7.416363286972045898e+01
8.043378186225891113e+01
8.651289987564086914e+01
9.265338182449340820e+01
9.887542390823364258e+01
1.050032079219818115e+02
1.111132450103759766e+02
1.172801959514617920e+02
1.234340379238128662e+02
1.295954649448394775e+02
1.357667589187622070e+02
1.418911340236663818e+02
1.479304919242858887e+02
1.540321688652038574e+02
1.602321648597717285e+02
1.663893058300018311e+02
1.725060508251190186e+02
1.786769649982452393e+02
1.847389290332794189e+02
1.909482729434967041e+02
1.970951108932495117e+02
2.032464919090270996e+02
2.093585999011993408e+02
2.154474339485168457e+02
2.215418310165405273e+02
2.278037660121917725e+02
2.339471428394317627e+02
2.400361828804016113e+02
2.463102669715881348e+02
2.524649720191955566e+02
2.585798628330230713e+02
2.646631829738616943e+02
2.708603689670562744e+02
2.770620789527893066e+02
2.832066719532012939e+02
2.893918910026550293e+02
2.955632138252258301e+02
3.018346068859100342e+02
3.080174670219421387e+02
3.142678458690643311e+02
3.204023168087005615e+02
3.265229170322418213e+02
3.326155560016632080e+02
3.387227218151092529e+02
3.448999128341674805e+02
3.510554318428039551e+02
3.571357870101928711e+02
3.633819968700408936e+02
3.693993909358978271e+02
3.754601559638977051e+02
3.815566658973693848e+02
3.876469569206237793e+02
3.938256759643554688e+02
3.998210148811340332e+02
4.060193688869476318e+02
4.121698799133300781e+02
4.182756338119506836e+02
4.244580688476562500e+02
4.306453049182891846e+02
4.367763819694519043e+02
4.428811848163604736e+02
4.491079368591308594e+02
4.553065049648284912e+02
4.614830930233001709e+02
4.676570048332214355e+02
4.738547489643096924e+02
4.799628369808197021e+02
4.860858228206634521e+02
4.922492778301239014e+02
4.984873650074005127e+02
5.046302959918975830e+02
5.107358789443969727e+02
5.168398568630218506e+02
5.229085698127746582e+02
5.289756979942321777e+02
5.351539289951324463e+02
5.412258219718933105e+02
5.474060139656066895e+02
5.535186460018157959e+02
5.597369248867034912e+02
5.659906058311462402e+02
5.720913798809051514e+02
5.781548268795013428e+02
5.843170540332794189e+02
5.904522299766540527e+02
5.966216928958892822e+02
6.028486368656158447e+02
6.089443500041961670e+02
6.150028948783874512e+02
6.211420328617095947e+02
6.271884269714355469e+02
6.333770618438720703e+02
6.395031039714813232e+02
6.456292359828948975e+02
6.517753758430480957e+02
6.579807858467102051e+02
6.640862338542938232e+02
6.702486758232116699e+02
6.764062809944152832e+02
6.825826330184936523e+02
6.887575478553771973e+02
6.950075829029083252e+02
7.013070199489593506e+02
7.075128970146179199e+02
7.137546389102935791e+02
7.198837049007415771e+02
7.260247848033905029e+02
7.321945908069610596e+02
7.383463988304138184e+02
7.444596118927001953e+02
7.504628179073333740e+02
7.566085178852081299e+02
7.626988229751586914e+02
7.688151409626007080e+02
7.750452668666839600e+02
7.812838020324707031e+02
7.873892219066619873e+02
7.936030478477478027e+02
7.997234609127044678e+02
8.060469050407409668e+02
8.122236738204956055e+02
8.185248799324035645e+02
8.246796739101409912e+02
8.309844248294830322e+02
8.372679698467254639e+02
8.434471888542175293e+02
8.496239349842071533e+02
8.558712518215179443e+02
8.620861709117889404e+02
8.681600799560546875e+02
8.742272520065307617e+02
8.803560578823089600e+02
8.865201508998870850e+02
8.927513659000396729e+02
8.990248289108276367e+02
9.052419319152832031e+02
9.114253218173980713e+02
9.176290090084075928e+02
9.237942359447479248e+02
9.299473469257354736e+02
9.360400419235229492e+02
9.420632719993591309e+02
9.484215319156646729e+02
9.546429879665374756e+02
9.608489158153533936e+02
9.670008058547973633e+02
9.731935639381408691e+02
9.792007038593292236e+02
9.853040339946746826e+02
9.914353508949279785e+02
9.976179699897766113e+02
1.003838979959487915e+03
1.009904909849166870e+03
1.016000981807708740e+03
1.022220959901809692e+03
1.028365729808807373e+03
1.034559396028518677e+03
1.040701848030090332e+03
1.046826013803482056e+03
1.052905488967895508e+03
1.059152165889739990e+03
1.065362511873245239e+03
1.071468869924545288e+03
1.077552970886230469e+03
1.083825132846832275e+03
1.089979879856109619e+03
1.096130726814270020e+03
1.102353925943374634e+03
1.108441397905349731e+03
1.114467943906784058e+03
1.120745692968368530e+03
1.126855473995208740e+03
1.133063958883285522e+03
1.139236698865890503e+03
1.145344292879104614e+03
1.151489223003387451e+03
1.157637526035308838e+03
1.163863013982772827e+03
1.169933951854705811e+03
1.176126200914382935e+03
1.182281358957290649e+03
1.188443507909774780e+03
1.194548344850540161e+03
1.200716151952743530e+03
1.206866901874542236e+03
1.213027019023895264e+03
1.219143918037414551e+03
1.225304101943969727e+03
1.231146145820617676e+03
