2.786055039316415738e-01
1.342735074460506550e-01
9.784200175106524955e-02
7.864088068157434885e-02
6.577041890472173913e-02
5.599530509114265114e-02
5.031075825542211805e-02
4.534432455152272862e-02
4.147087460756301858e-02
3.852121176570653949e-02
3.602605063468217877e-02
3.411658528819680458e-02
3.226826282590627981e-02
3.078292084112763463e-02
2.945031518861651251e-02
2.839304394274949975e-02
2.744288596510887149e-02
2.661862336099147727e-02
2.585651313886046243e-02
2.502913648262619986e-02
2.441547923535108619e-02
2.373997904360294203e-02
2.319774401932954769e-02
2.278158733621239718e-02
2.219790339097380688e-02
2.180509680137038275e-02
2.140624272450804624e-02
2.096067894995212386e-02
2.064406034350395325e-02
2.022340004146098991e-02
1.993533296510577313e-02
1.961870691180229304e-02
1.930199976637959544e-02
1.887531476467847746e-02
1.883867100998759189e-02
1.849265683814883127e-02
1.819356966018676608e-02
1.804782675951719165e-02
1.775928470678627552e-02
1.750651980005204708e-02
1.724733025580644716e-02
1.719899476692080334e-02
1.696842244453728235e-02
1.675163325481116711e-02
1.650637958943843714e-02
1.641322860307991433e-02
1.623223318904638141e-02
1.601006066426634636e-02
1.583950381539761879e-02
1.570440610498189879e-02
1.557431990839540890e-02
1.538251447491347824e-02
1.531135058961808661e-02
1.512858635559678061e-02
1.504811462946236203e-02
1.493191972747445057e-02
1.468690627999603808e-02
1.463774996250867891e-02
1.450284719653427597e-02
1.445912351459264708e-02
1.430418887920677576e-02
1.415464338473975715e-02
1.412289891391992590e-02
1.396282792463898574e-02
1.384258721396327066e-02
1.381899295747280113e-02
1.361678917147219128e-02
1.358064622618257965e-02
1.344603134877979736e-02
1.339932184107601662e-02
1.327329837530851278e-02
1.323428709991276292e-02
1.310272860713303060e-02
1.305557580292224934e-02
1.294024669937789487e-02
1.286590718664228951e-02
1.276555768400430661e-02
1.270330343768000594e-02
1.258907322771847179e-02
1.253630689531564681e-02
1.248961918242275787e-02
1.237126572243869328e-02
1.232549415156245290e-02
1.227050028555095110e-02
1.220666095614433323e-02
1.220025653764605575e-02
1.205007795989513318e-02
1.199463947117328580e-02
1.197789640538394519e-02
1.188571486063301486e-02
1.179269263334572354e-02
1.172448911517858482e-02
1.166075753420591291e-02
1.161834381334483565e-02
1.155369355529546789e-02
1.154070722497999718e-02
1.143433780409395736e-02
1.144505309127271178e-02
1.133933634310960691e-02
1.122727779857814363e-02
1.125310012698173441e-02
1.119498086348176026e-02
1.114587998390197815e-02
1.102816936746239644e-02
1.109114653430879130e-02
1.099404468946158821e-02
1.095643089525401639e-02
1.090625273250043353e-02
1.085601408779621191e-02
1.081519626826047895e-02
1.082217805832624488e-02
1.067115135118365359e-02
1.069545864872634491e-02
1.063834037445485561e-02
1.057084905728697746e-02
1.051429742574691746e-02
1.044955954700708435e-02
1.049294080026447716e-02
1.039865289442241242e-02
1.037332093901932248e-02
1.035884182527661325e-02
1.025670574605464999e-02
1.022134125605225589e-02
1.022128860652446805e-02
1.018374177627265516e-02
1.011488608084619087e-02
1.010536186583340171e-02
1.004333160817623069e-02
1.006683790870010857e-02
1.002527805790305072e-02
9.936613023281097926e-03
9.906501123681663717e-03
9.887539127841592224e-03
9.853352092206477814e-03
9.805934190750122820e-03
9.763814071193336816e-03
9.720388717949390855e-03
9.682773672044276553e-03
9.696539768949151428e-03
9.629949539899826730e-03
9.576853357255459345e-03
9.566770808771251841e-03
9.552095118910074525e-03
9.483076611533761135e-03
9.445786235854030169e-03
9.436812924221157223e-03
9.412792205810547111e-03
9.405633548274635811e-03
9.362858893349767370e-03
9.375792806968092155e-03
9.291001521050929954e-03
9.284729668870568553e-03
9.248838847503066535e-03
9.235807299613952095e-03
9.206253452226519432e-03
9.119483582675457639e-03
9.126291690394281592e-03
9.106832608580589170e-03
9.080989420413970378e-03
9.035077637061477221e-03
9.043667644262313662e-03
8.967659756541252608e-03
8.983743501827120420e-03
8.949692621827124925e-03
8.929205145686864437e-03
8.923773679882288784e-03
8.859661519527434539e-03
8.819302938878536766e-03
8.837899157777428030e-03
8.857560575008392029e-03
8.788915270939470087e-03
8.728895554319023378e-03
8.733455698937178310e-03
8.705618180334568496e-03
8.676042400300502944e-03
8.655887266620993642e-03
8.592424524948001283e-03
8.591199321672319741e-03
8.591020708903669700e-03
8.582292777486144955e-03
8.560389903374016063e-03
8.515915093943476899e-03
8.498115933500230770e-03
8.491104297339915896e-03
8.479089656844735270e-03
8.444088533520698742e-03
8.423555032350123553e-03
8.415976162068546443e-03
8.414378287270665724e-03
8.323567974381149148e-03
8.345355768688023437e-03
8.301502944901586328e-03
8.324794175103306798e-03
8.317064017988741453e-03
8.262606073170900359e-03
8.244943802244960804e-03
8.207323793321848193e-03
8.173688307404518641e-03
8.153088483028113342e-03
8.170742232352494819e-03
