5.085453987121582031e+00
1.083052802085876465e+01
1.686533117294311523e+01
2.300443220138549805e+01
2.925878620147705078e+01
3.553487920761108398e+01
4.174242806434631348e+01
4.783109903335571289e+01
5.402645516395568848e+01
6.028256320953369141e+01
6.651057314872741699e+01
7.273285412788391113e+01
7.887503504753112793e+01
8.502365207672119141e+01
9.121869921684265137e+01
9.743851399421691895e+01
1.035981202125549316e+02
1.097520380020141602e+02
1.159575860500335693e+02
1.222278699874877930e+02
1.283899550437927246e+02
1.346020121574401855e+02
1.408791701793670654e+02
1.471855270862579346e+02
1.533559930324554443e+02
1.594806640148162842e+02
1.657009401321411133e+02
1.718909220695495605e+02
1.782161171436309814e+02
1.844534661769866943e+02
1.907232551574707031e+02
1.969629511833190918e+02
2.032027699947357178e+02
2.094246120452880859e+02
2.156806621551513672e+02
2.219546201229095459e+02
2.282040581703186035e+02
2.344988780021667480e+02
2.407104032039642334e+02
2.469825830459594727e+02
2.531914331912994385e+02
2.593675940036773682e+02
2.656232690811157227e+02
2.717829241752624512e+02
2.780306611061096191e+02
2.842046380043029785e+02
2.904641871452331543e+02
2.967667410373687744e+02
3.029809460639953613e+02
3.092761092185974121e+02
3.155365622043609619e+02
3.218077981472015381e+02
3.279737792015075684e+02
3.342552301883697510e+02
3.403963291645050049e+02
3.467295880317687988e+02
3.529562861919403076e+02
3.591238391399383545e+02
3.653488290309906006e+02
3.716524062156677246e+02
3.778956911563873291e+02
3.841613230705261230e+02
3.903841271400451660e+02
3.966484069824218750e+02
4.027715129852294922e+02
4.089534001350402832e+02
4.152093060016632080e+02
4.214697921276092529e+02
4.276249661445617676e+02
4.338886401653289795e+02
4.401121041774749756e+02
4.463896729946136475e+02
4.526082680225372314e+02
4.588861920833587646e+02
4.650816411972045898e+02
4.712337760925292969e+02
4.773798801898956299e+02
4.835906131267547607e+02
4.898248810768127441e+02
4.959660890102386475e+02
5.021812582015991211e+02
5.084144680500030518e+02
5.146084930896759033e+02
5.207574930191040039e+02
5.269192931652069092e+02
5.332451181411743164e+02
5.394549829959869385e+02
5.456594281196594238e+02
5.518008651733398438e+02
5.579558529853820801e+02
5.641273100376129150e+02
5.703652110099792480e+02
5.765963490009307861e+02
5.827745881080627441e+02
5.890542280673980713e+02
5.952215881347656250e+02
6.014082980155944824e+02
6.075536501407623291e+02
6.137738440036773682e+02
6.199215362071990967e+02
6.262614130973815918e+02
6.324978342056274414e+02
6.387014501094818115e+02
6.448856861591339111e+02
6.511010420322418213e+02
6.572671542167663574e+02
6.635184381008148193e+02
6.697092320919036865e+02
6.759814980030059814e+02
6.821032011508941650e+02
6.883670291900634766e+02
6.946078960895538330e+02
7.007200310230255127e+02
7.068727431297302246e+02
7.130952441692352295e+02
7.192713370323181152e+02
7.255450701713562012e+02
7.317757120132446289e+02
7.379687910079956055e+02
7.441961181163787842e+02
7.505665011405944824e+02
7.567145249843597412e+02
7.630526142120361328e+02
7.692936611175537109e+02
7.756073441505432129e+02
7.818344421386718750e+02
7.881620171070098877e+02
7.944349040985107422e+02
8.006825110912322998e+02
8.069073250293731689e+02
8.131234700679779053e+02
8.193202149868011475e+02
8.255220720767974854e+02
8.316896281242370605e+02
8.379362010955810547e+02
8.442030730247497559e+02
8.504451651573181152e+02
8.566668820381164551e+02
8.630421090126037598e+02
8.693711881637573242e+02
8.755478570461273193e+02
8.818161962032318115e+02
8.880177140235900879e+02
8.942464711666107178e+02
9.004547121524810791e+02
9.066384000778198242e+02
9.128888430595397949e+02
9.191932640075683594e+02
9.254589531421661377e+02
9.317483642101287842e+02
9.380272791385650635e+02
9.442404360771179199e+02
9.504523680210113525e+02
9.566660470962524414e+02
9.629202351570129395e+02
9.692254521846771240e+02
9.754251430034637451e+02
9.815825901031494141e+02
9.877315280437469482e+02
9.939286501407623291e+02
1.000121566057205200e+03
1.006261954069137573e+03
1.012577406167984009e+03
1.018820771217346191e+03
1.024987735986709595e+03
1.031178800106048584e+03
1.037577181100845337e+03
1.043787846088409424e+03
1.050094947099685669e+03
1.056231393098831177e+03
1.062383170127868652e+03
1.068636373043060303e+03
1.074894723176956177e+03
1.081044559001922607e+03
1.087135922193527222e+03
1.093422127008438110e+03
1.099543781995773315e+03
1.105783794164657593e+03
1.111928666114807129e+03
1.118229533195495605e+03
1.124283658027648926e+03
1.130708604097366333e+03
1.136958590984344482e+03
1.143209439992904663e+03
1.149516390085220337e+03
1.155756170034408569e+03
1.161990947008132935e+03
1.168156510114669800e+03
1.174397291183471680e+03
1.180555217027664185e+03
1.186861339092254639e+03
1.193097193002700806e+03
1.199227267026901245e+03
1.205440235137939453e+03
1.211593513011932373e+03
1.217885805130004883e+03
1.224193951129913330e+03
1.230373134136199951e+03
1.236625395059585571e+03
1.242211994171142578e+03
