2.785884315371513487e-01
1.348265692293643958e-01
9.849636065214872893e-02
7.900186903774737701e-02
6.584725663810968299e-02
5.605259151756763342e-02
5.037054515630006585e-02
4.532298262417316231e-02
4.146717689931392337e-02
3.852826514095068072e-02
3.597181419655680334e-02
3.413472965359688055e-02
3.225820146873593225e-02
3.079874193668365526e-02
2.946619104221463031e-02
2.839639052748680129e-02
2.742598697915673428e-02
2.661949301883578464e-02
2.585764313116669516e-02
2.504494976624846436e-02
2.443312682211399092e-02
2.374016744643449653e-02
2.321026445180177783e-02
2.275469119101762930e-02
2.221815777570009323e-02
2.180557029694318860e-02
2.141400634124875080e-02
2.095999398082494872e-02
2.062941951304674004e-02
2.018667264282703391e-02
1.991634706035256414e-02
1.963033316284418239e-02
1.927912447601556889e-02
1.886925144493580009e-02
1.882774894312023994e-02
1.848386042006313831e-02
1.820684350281953981e-02
1.804268067888915514e-02
1.775645767711103024e-02
1.749433911778032827e-02
1.724552800133824504e-02
1.718569750152528289e-02
1.694876314327120950e-02
1.672387334518134552e-02
1.649964146688580671e-02
1.639662147872150005e-02
1.620802220515906930e-02
1.599160890839993951e-02
1.583135911822319136e-02
1.571512263827025760e-02
1.555695949681103196e-02
1.536578371003270195e-02
1.531549125909805256e-02
1.511170733906328639e-02
1.502009467221796478e-02
1.491844462230801534e-02
1.466401816532015775e-02
1.461927518062293603e-02
1.449027677439153165e-02
1.445509904064238085e-02
1.429207170195877577e-02
1.414134203642606821e-02
1.410979069024324503e-02
1.395607852004468463e-02
1.383401928655803199e-02
1.382066325098276101e-02
1.360010648518800679e-02
1.356692236661911043e-02
1.343212969787418824e-02
1.337818606197833937e-02
1.327223849482834367e-02
1.321677808649837985e-02
1.310215328074991643e-02
1.305738651007413813e-02
1.293013016879558490e-02
1.285340157151222164e-02
1.275543377362191658e-02
1.270538255944848004e-02
1.260054089501500170e-02
1.252401789464056489e-02
1.248085785657167442e-02
1.236265168339014016e-02
1.232616993226110999e-02
1.225608042068779442e-02
1.219641635194420801e-02
1.220239284075796612e-02
1.204556378908455336e-02
1.198716625943779986e-02
1.196984540484845663e-02
1.188658924773335415e-02
1.179506041109561892e-02
1.172482991591095904e-02
1.166468485072255125e-02
1.160642276518046925e-02
1.155571113713085678e-02
1.154267694987356693e-02
1.143172133155167039e-02
1.144997642189264295e-02
1.134390363097190907e-02
1.121723493747413085e-02
1.125624967738986064e-02
1.118773890100419575e-02
1.115457111969590104e-02
1.103023051843047067e-02
1.108866622485220506e-02
1.099405205249786438e-02
1.096321847289800575e-02
1.089575752243399608e-02
1.084950797446072174e-02
1.082239400036632930e-02
1.082816736400127496e-02
1.067395701073110131e-02
1.068848906643688618e-02
1.063621966540813368e-02
1.056444139219820527e-02
1.051478492096066461e-02
1.045161362551152648e-02
1.049384599924087572e-02
1.040128995850682185e-02
1.036925792507827244e-02
1.035774709098041119e-02
1.025626725144684372e-02
1.022962027043104218e-02
1.023146196454763346e-02
1.017856758460402439e-02
1.011967410519719161e-02
1.010706545412540409e-02
1.004292975366115510e-02
1.006998438015580151e-02
1.001926319487392823e-02
9.942890271544456426e-03
9.905954565852879978e-03
9.884948566555976784e-03
9.858239941298961931e-03
9.807234056293964025e-03
9.770844753831624610e-03
9.720044661313294657e-03
9.687062935903668556e-03
9.690658640116452463e-03
9.627209177240730192e-03
9.589643040671945104e-03
9.568932706490158521e-03
9.554462322965263585e-03
9.487566336989402757e-03
9.450349735096097090e-03
9.441967278718947990e-03
9.416810331866145092e-03
9.412757676094771209e-03
9.364256348460912524e-03
9.375823263078928577e-03
9.295960569754242731e-03
9.283849958330392740e-03
9.258359069004655148e-03
9.238325199112296451e-03
9.214746581390499333e-03
9.117908105254172654e-03
9.131963897496462451e-03
9.110013887286185635e-03
9.086723515763879197e-03
9.035914573818444942e-03
9.047853790223598161e-03
8.972908472642301958e-03
8.986238691955803978e-03
8.954474130645394270e-03
8.929223962128161884e-03
8.921729683876037167e-03
8.864864496514201359e-03
8.823892703279852603e-03
8.840922644361853128e-03
8.863215748220682269e-03
8.794136160984634618e-03
8.735347172245383832e-03
8.742902751080691010e-03
8.709198996424675002e-03
8.688554430380463281e-03
8.659963050857186206e-03
8.601286159828304759e-03
8.601383328437805370e-03
8.594933157786727174e-03
8.587805127725004622e-03
8.564541619271039130e-03
8.524678548797964481e-03
8.505451824516058537e-03
8.493555870838463695e-03
8.479836772195995659e-03
8.453082405030726623e-03
8.430583861656487654e-03
8.425990472547710552e-03
8.417805114760994536e-03
8.333826715126634033e-03
8.348675945773721338e-03
8.304979807697236011e-03
8.326950121670961130e-03
8.327167347073555562e-03
8.265673211775719648e-03
8.249274894595145374e-03
8.211434210650622040e-03
8.175319655798376009e-03
8.165781262330711401e-03
8.176208296790719518e-03
