4.975270986557006836e+00
1.072918105125427246e+01
1.703353404998779297e+01
2.331290197372436523e+01
2.937867307662963867e+01
3.556012797355651855e+01
4.172945189476013184e+01
4.799811005592346191e+01
5.424613094329833984e+01
6.047107386589050293e+01
6.662664389610290527e+01
7.285042405128479004e+01
7.895950698852539062e+01
8.518381905555725098e+01
9.144914293289184570e+01
9.758034491539001465e+01
1.038556969165802002e+02
1.101267368793487549e+02
1.163644580841064453e+02
1.226287748813629150e+02
1.288678450584411621e+02
1.351287510395050049e+02
1.413323800563812256e+02
1.475717329978942871e+02
1.537164499759674072e+02
1.598693780899047852e+02
1.660533840656280518e+02
1.723059740066528320e+02
1.784708299636840820e+02
1.846743578910827637e+02
1.909836180210113525e+02
1.971527619361877441e+02
2.033025639057159424e+02
2.095474150180816650e+02
2.157130579948425293e+02
2.220322170257568359e+02
2.282040219306945801e+02
2.345455989837646484e+02
2.407577040195465088e+02
2.470214090347290039e+02
2.531438019275665283e+02
2.593396840095520020e+02
2.656439740657806396e+02
2.718656730651855469e+02
2.780007379055023193e+02
2.842428839206695557e+02
2.904312009811401367e+02
2.966727359294891357e+02
3.028509938716888428e+02
3.092053990364074707e+02
3.154677000045776367e+02
3.218192040920257568e+02
3.280665550231933594e+02
3.342502660751342773e+02
3.405210750102996826e+02
3.468264269828796387e+02
3.531000390052795410e+02
3.593555519580841064e+02
3.655209240913391113e+02
3.717163960933685303e+02
3.779486088752746582e+02
3.842754988670349121e+02
3.905845289230346680e+02
3.967776398658752441e+02
4.030622200965881348e+02
4.092660570144653320e+02
4.155095479488372803e+02
4.217137489318847656e+02
4.280294320583343506e+02
4.343233489990234375e+02
4.406620509624481201e+02
4.470008680820465088e+02
4.531580090522766113e+02
4.592620060443878174e+02
4.654636979103088379e+02
4.717034909725189209e+02
4.778185338973999023e+02
4.840580720901489258e+02
4.902887699604034424e+02
4.965070600509643555e+02
5.026808528900146484e+02
5.088938450813293457e+02
5.149009470939636230e+02
5.210789079666137695e+02
5.272671349048614502e+02
5.335209279060363770e+02
5.396959979534149170e+02
5.458902220726013184e+02
5.521865839958190918e+02
5.583434760570526123e+02
5.645584480762481689e+02
5.707189280986785889e+02
5.769128420352935791e+02
5.831089930534362793e+02
5.893406920433044434e+02
5.955778319835662842e+02
6.019031610488891602e+02
6.081836519241333008e+02
6.143589470386505127e+02
6.205735769271850586e+02
6.267441220283508301e+02
6.328698399066925049e+02
6.390646610260009766e+02
6.453245830535888672e+02
6.515236370563507080e+02
6.577337520122528076e+02
6.639969239234924316e+02
6.701330120563507080e+02
6.764034578800201416e+02
6.826325159072875977e+02
6.889076149463653564e+02
6.951491599082946777e+02
7.013146979808807373e+02
7.074489479064941406e+02
7.135531060695648193e+02
7.197929110527038574e+02
7.260875599384307861e+02
7.323542420864105225e+02
7.386845059394836426e+02
7.449761750698089600e+02
7.512202210426330566e+02
7.572749469280242920e+02
7.633796980381011963e+02
7.696549389362335205e+02
7.757872009277343750e+02
7.819669959545135498e+02
7.882325720787048340e+02
7.944863739013671875e+02
8.007509200572967529e+02
8.070522749423980713e+02
8.132037940025329590e+02
8.193038980960845947e+02
8.256271269321441650e+02
8.319455430507659912e+02
8.382204890251159668e+02
8.444850730895996094e+02
8.508480250835418701e+02
8.571193909645080566e+02
8.633073399066925049e+02
8.695364670753479004e+02
8.758329329490661621e+02
8.820990889072418213e+02
8.884165070056915283e+02
8.947908630371093750e+02
9.011079108715057373e+02
9.073643350601196289e+02
9.135037879943847656e+02
9.197028620243072510e+02
9.260670840740203857e+02
9.322958970069885254e+02
9.385265619754791260e+02
9.448861870765686035e+02
9.511247968673706055e+02
9.573163919448852539e+02
9.634621050357818604e+02
9.696784830093383789e+02
9.759508960247039795e+02
9.824328029155731201e+02
9.885744118690490723e+02
9.948548839092254639e+02
1.001010895013809204e+03
1.007221003055572510e+03
1.013472181081771851e+03
1.019770950078964233e+03
1.026020349025726318e+03
1.032212395906448364e+03
1.038476798057556152e+03
1.044617780923843384e+03
1.050928224086761475e+03
1.057091237068176270e+03
1.063359896898269653e+03
1.069554579973220825e+03
1.075800709962844849e+03
1.082135523080825806e+03
1.088386106014251709e+03
1.094696218013763428e+03
1.100969687938690186e+03
1.107403903007507324e+03
1.113536418914794922e+03
1.119813884019851685e+03
1.125939019918441772e+03
1.132172214031219482e+03
1.138363384962081909e+03
1.144479641914367676e+03
1.150768476009368896e+03
1.156970344066619873e+03
1.163324444055557251e+03
1.169629158020019531e+03
1.175814635992050171e+03
1.181998425006866455e+03
1.188189888000488281e+03
1.194563086032867432e+03
1.200774520874023438e+03
1.206992820978164673e+03
1.213217734098434448e+03
1.219492856025695801e+03
1.225748193979263306e+03
1.231974659919738770e+03
1.237875974893569946e+03
1.241108022928237915e+03
