8.298200001716613539e-01
8.921800017356872337e-01
9.441600030660629583e-01
9.498000026941298968e-01
8.711400020718574888e-01
8.710599999427794948e-01
9.389200030565262312e-01
9.326000006198883474e-01
9.491000016927718663e-01
9.519800037145614846e-01
9.634000061750411792e-01
9.634000077247619753e-01
9.728200087547301811e-01
9.740600091218948320e-01
9.636800045967102157e-01
9.741800081729888872e-01
9.725000075101852826e-01
9.720400081872939690e-01
9.780200104713440146e-01
9.728000093698501161e-01
9.792800086736679344e-01
9.789200093746185383e-01
9.781200096607208794e-01
9.820200101137160908e-01
9.834800093173980962e-01
9.855600099563598393e-01
9.865800087451934708e-01
9.773200087547302406e-01
9.856400091648102046e-01
9.691200076341629499e-01
9.799000097513198559e-01
9.801600092649459528e-01
9.844800086021423535e-01
9.816000088453292749e-01
9.851400105953216357e-01
9.801200094223022630e-01
9.846600093841553214e-01
9.816200093030930107e-01
9.840000098943710860e-01
