1.424000000000000000e+03
2.653000000000000000e+03
4.285000000000000000e+03
5.470000000000000000e+03
6.752000000000000000e+03
8.064000000000000000e+03
9.293000000000000000e+03
1.067600000000000000e+04
1.193000000000000000e+04
1.331300000000000000e+04
1.465900000000000000e+04
1.604200000000000000e+04
1.729600000000000000e+04
1.881400000000000000e+04
2.009600000000000000e+04
2.128100000000000000e+04
2.262700000000000000e+04
2.383300000000000000e+04
2.517900000000000000e+04
2.638500000000000000e+04
2.842000000000000000e+04
2.967400000000000000e+04
3.124600000000000000e+04
3.250000000000000000e+04
3.384600000000000000e+04
3.522900000000000000e+04
3.661200000000000000e+04
3.781800000000000000e+04
3.916400000000000000e+04
4.047600000000000000e+04
4.178800000000000000e+04
4.307000000000000000e+04
4.432400000000000000e+04
4.567000000000000000e+04
4.683600000000000000e+04
4.804200000000000000e+04
4.938800000000000000e+04
5.055400000000000000e+04
5.183600000000000000e+04
