2.061243271112441988e+00
1.263880618333816486e+00
1.127505079984664871e+00
1.042442717552185094e+00
9.800750043392181254e-01
9.324169031381607242e-01
8.907031906843185798e-01
8.601444826126098953e-01
8.306908868551253766e-01
8.072739845514297352e-01
7.848226790428161070e-01
7.660873534679413233e-01
7.491784913539886182e-01
7.316025686264038264e-01
7.170613596439361359e-01
7.043564425706863030e-01
6.910167046785354872e-01
6.788833429813384557e-01
6.672628306150436561e-01
6.559432410001754254e-01
6.455482708215714016e-01
6.367238116264343217e-01
6.292085036039352097e-01
6.201507058143616025e-01
6.128851928710937758e-01
6.057768269777298320e-01
6.004523400068283445e-01
5.926482857465743548e-01
5.864382411241531035e-01
5.803902714252472395e-01
5.748057967424392567e-01
5.696007527112960656e-01
5.633788496255874856e-01
5.598750063180923942e-01
5.542891045808792105e-01
5.502560847997665094e-01
5.438352571725845186e-01
5.412759200334549270e-01
5.359347078800201780e-01
5.313960355520248591e-01
5.272666521072387757e-01
5.252071169614791479e-01
5.213595377206802217e-01
5.173262587785720790e-01
5.134410298466682843e-01
5.105839926600456158e-01
5.069927053451538379e-01
5.036197714805602521e-01
5.006205633282660994e-01
4.974346094727516432e-01
4.948652415275573979e-01
4.926068196296691792e-01
4.894484644532203776e-01
4.870343274474143724e-01
4.854317883849144089e-01
4.814214293360710162e-01
4.782819615006446701e-01
4.762176241278648359e-01
4.739218410253524527e-01
4.728417033553123372e-01
4.712227333188057088e-01
4.676862140297889936e-01
4.660870882272720173e-01
4.640287451744079528e-01
4.615596493482589935e-01
4.600132996439934008e-01
4.585197779536247520e-01
4.561313347816467467e-01
4.546820474863052519e-01
4.529722834825515854e-01
4.507946584224700737e-01
4.476841796636581439e-01
4.478568353652954137e-01
4.453930726647377103e-01
4.438294619917869666e-01
4.423041089773178114e-01
4.397515130043029852e-01
4.395286637544632002e-01
4.372506099343299590e-01
4.371743813157081826e-01
4.347751807570457427e-01
4.326731390953064138e-01
4.313674011826515442e-01
4.298411113619804436e-01
4.285960983633995136e-01
4.265081852078437818e-01
4.256933889985084485e-01
4.234317293167114138e-01
4.223678311705589272e-01
4.210914719104766890e-01
4.193119069337845062e-01
4.179749279022216824e-01
4.174057597517967233e-01
4.161140575408935338e-01
4.137400835752487183e-01
4.130228708386421421e-01
4.120858131051063356e-01
4.105814111232757302e-01
4.107130230665206883e-01
4.095928680896758767e-01
4.071422094106674217e-01
4.066715683937072723e-01
4.037531599998473997e-01
4.029916505217552292e-01
4.026436877846717999e-01
4.016694631576537833e-01
4.002002585530280987e-01
3.987959067821502668e-01
3.980047644376754623e-01
3.976026445031166090e-01
3.958010658025741813e-01
3.949672037363052279e-01
3.930076293349266114e-01
3.925347307920455941e-01
3.915156455039978112e-01
3.911738149523735220e-01
3.893935567140578979e-01
3.891245003342628239e-01
3.883881044387817449e-01
3.871499802470207419e-01
3.865996267795562824e-01
3.846934795379638450e-01
3.841162455677986087e-01
3.835941787958145333e-01
3.821610774993896564e-01
3.811476039886474432e-01
3.808390454053878771e-01
3.800109354853630217e-01
3.790146576166152914e-01
3.780374646186828724e-01
3.766102730035781887e-01
3.760544057488441338e-01
3.753991324901581050e-01
3.750154427289962844e-01
3.750729188919067481e-01
3.733075032830238116e-01
3.726495767831802253e-01
3.713805873990058681e-01
3.715801659226417586e-01
3.700945432186126816e-01
3.700124977231025736e-01
3.686896482110023632e-01
3.684479281306266563e-01
3.672541737556457297e-01
3.658308490514755040e-01
3.662347949743270936e-01
3.656239718198776023e-01
3.648368152379989349e-01
3.641403856873512423e-01
3.638152282834052897e-01
3.621093624830246105e-01
3.622729308605194265e-01
3.614441923499107090e-01
3.613888351321220549e-01
3.596752347946167161e-01
3.589937726259231354e-01
3.587158374786377224e-01
3.582526228427886927e-01
3.575590948462486485e-01
3.567007557153701880e-01
