9.608600072264671388e-01
9.859000092744827359e-01
9.911000076532363590e-01
9.940800052881241244e-01
9.957800040245056161e-01
9.969000029563903631e-01
9.976800022125243972e-01
9.982200016975403267e-01
9.986600012779235369e-01
9.988400011062622541e-01
9.990000009536743608e-01
9.991600008010864675e-01
9.992200007438659659e-01
9.994400005340575710e-01
9.994200005531310715e-01
9.995000004768371804e-01
9.996000003814696777e-01
9.997200002670287855e-01
9.997400002479552850e-01
9.997600002288817844e-01
9.997600002288817844e-01
9.997400002479552850e-01
9.997400002479552850e-01
9.998600001335143928e-01
9.998800001144408922e-01
9.998600001335143928e-01
9.999200000762938911e-01
9.999400000572205016e-01
9.999400000572205016e-01
9.999200000762938911e-01
9.999400000572205016e-01
9.999600000381470011e-01
9.999600000381470011e-01
9.999400000572205016e-01
9.999600000381470011e-01
9.999600000381470011e-01
9.999800000190735005e-01
9.999800000190735005e-01
9.999800000190735005e-01
9.999800000190735005e-01
9.999800000190735005e-01
9.999800000190735005e-01
9.999800000190735005e-01
9.999800000190735005e-01
9.999800000190735005e-01
9.999800000190735005e-01
9.999800000190735005e-01
9.999800000190735005e-01
9.999800000190735005e-01
9.999800000190735005e-01
9.999800000190735005e-01
9.999800000190735005e-01
9.999800000190735005e-01
9.999800000190735005e-01
9.999800000190735005e-01
9.999800000190735005e-01
9.999800000190735005e-01
9.999800000190735005e-01
9.999800000190735005e-01
9.999800000190735005e-01
9.999800000190735005e-01
9.999800000190735005e-01
9.999800000190735005e-01
9.999800000190735005e-01
9.999800000190735005e-01
9.999800000190735005e-01
9.999800000190735005e-01
9.999800000190735005e-01
9.999800000190735005e-01
9.999800000190735005e-01
9.999800000190735005e-01
9.999800000190735005e-01
9.999800000190735005e-01
9.999800000190735005e-01
9.999800000190735005e-01
9.999800000190735005e-01
9.999800000190735005e-01
9.999800000190735005e-01
9.999800000190735005e-01
9.999800000190735005e-01
9.185600017309188958e-01
9.199000021219253531e-01
9.317000023126602581e-01
9.433600043058395501e-01
9.403600038290024221e-01
9.619800043106079279e-01
9.593000057935714420e-01
9.627400070428848711e-01
9.761200095415115685e-01
9.791400102376938142e-01
9.782200092077255604e-01
9.823600099086761128e-01
9.764800093173980899e-01
9.315600036382675198e-01
9.663600071668624336e-01
9.512800046205520665e-01
9.702800059318542614e-01
9.663800069093704259e-01
9.783800096511841016e-01
9.695600072145461601e-01
9.749800086021422896e-01
9.827600101232528695e-01
9.838200091123581181e-01
9.880200090408325364e-01
9.888600085973739962e-01
9.892600085735321347e-01
9.842400079965591964e-01
9.900200080871581765e-01
9.919800066947936923e-01
9.866600090265273959e-01
9.615200076103210813e-01
9.763600076436996789e-01
9.865200093984604068e-01
9.809800096750259657e-01
9.887800085544585782e-01
9.909600071907043173e-01
9.875600092411040976e-01
9.880200083255767929e-01
9.803200088739395524e-01
9.861400089263916424e-01
9.913600068092346396e-01
9.914400069713592556e-01
9.944000052213668450e-01
9.895800063610077357e-01
9.932600058317184732e-01
9.910600063800811821e-01
9.938600056171417174e-01
9.933800055980682719e-01
9.938800052404404006e-01
9.956600036621093830e-01
9.940000053644180156e-01
9.952200042009353709e-01
9.970000028610229714e-01
9.967200031280517569e-01
9.972400025129318779e-01
9.980400018692016095e-01
9.933200051784515372e-01
9.922000055313110467e-01
9.895600072145461779e-01
9.950000045299529638e-01
9.957600039243698076e-01
9.970200027227401618e-01
9.967800029516220572e-01
9.970000028610229714e-01
9.976800022125243972e-01
9.946400043964386262e-01
9.973200025558471848e-01
9.979200019836426128e-01
9.973400024175643752e-01
9.870800058841705527e-01
9.955800039768218923e-01
9.973000025749206854e-01
9.963600031137466173e-01
9.973000025749206854e-01
9.954200040102004765e-01
9.824000074863433740e-01
9.906000069379806705e-01
9.940200051069260079e-01
9.804000071287155560e-01
9.936200053691863765e-01
9.953600040674209781e-01
9.970200027227401618e-01
9.971200026273727701e-01
9.975200022459029814e-01
9.950200039148330289e-01
9.978800020217895028e-01
9.942000048160553050e-01
9.983000016212463246e-01
9.975400022268294808e-01
9.949600044488906558e-01
9.948400044441223500e-01
9.931200053691864316e-01
9.970000028610229714e-01
9.983000016212463246e-01
9.988400011062622541e-01
9.987400012016296458e-01
9.990600008964538592e-01
9.981600017547607173e-01
9.994000005722045721e-01
9.952600034475326263e-01
9.957000035047530728e-01
9.978000020980835050e-01
9.987600011825561452e-01
9.980400015115737933e-01
9.990400009155273597e-01
9.983000016212463246e-01
9.994800004959106809e-01
9.992600007057189648e-01
9.995800004005431783e-01
9.995000004768371804e-01
9.993600006103515732e-01
9.994400005340575710e-01
9.987400010824203367e-01
9.967600026130676305e-01
9.991800007820129670e-01
9.993800005912780726e-01
9.996200003623962882e-01
9.994600005149841815e-01
9.988000011444091442e-01
9.998800001144408922e-01
