2.039249322652816776e+00
1.256661718130111627e+00
1.121285942316055273e+00
1.034745846390724200e+00
9.710884091854095068e-01
9.241416212320328061e-01
8.869717363119125064e-01
8.529069724082947168e-01
8.264912071228027735e-01
8.025947312116622490e-01
7.818109860420227042e-01
7.625125536918639924e-01
7.465654202699660846e-01
7.296389571428298915e-01
7.146374968290328811e-01
7.016357929706573682e-01
6.878439718484878895e-01
6.771236202716827135e-01
6.656929079294204854e-01
6.553094228506087804e-01
6.450087184906005966e-01
6.364687647819519123e-01
6.281615543365478560e-01
6.199604161977767536e-01
6.133395082950592325e-01
6.055372567176818821e-01
6.001077072620392139e-01
5.930821930170059320e-01
5.864474350214003984e-01
5.813576425313949914e-01
5.759674037694930693e-01
5.706287502050400029e-01
5.659567126035690565e-01
5.613638967275619285e-01
5.572393949031829719e-01
5.516751189231872132e-01
5.488657916784286384e-01
5.434614081382751483e-01
5.403086667060852388e-01
5.362313444614410507e-01
5.328171421289443765e-01
5.293667355775832917e-01
5.257741349935531883e-01
5.223454347848892620e-01
5.184725009202957313e-01
5.165902575850487288e-01
5.128532353043556702e-01
5.100133396983146383e-01
5.065545795559882603e-01
5.030315740108489697e-01
5.002477750182151572e-01
4.978698456883430268e-01
4.947668899893760686e-01
4.917089337706566088e-01
4.895280557274818145e-01
4.859872010350227423e-01
4.846626412272453388e-01
4.816046367883682344e-01
4.795355521440505808e-01
4.763690610527992475e-01
4.744611648917197999e-01
4.727320916652679172e-01
4.707554893493652304e-01
4.683470203280448718e-01
4.653173764348030317e-01
4.657477787733078078e-01
4.621788479685783324e-01
4.604186886548995994e-01
4.580013515949249436e-01
4.562568308711051901e-01
4.538651915788650681e-01
4.526563112139702083e-01
4.510766413807869024e-01
4.485676037669181770e-01
4.477721408605575548e-01
4.449625777006149252e-01
4.438983554840087997e-01
4.416169034242630187e-01
4.400610333681106434e-01
4.389675748944282807e-01
4.482016154080629144e-01
5.195184444785118094e-01
5.159328583329916285e-01
3.098501850813627501e-01
3.812553667947650160e-01
2.209058746621012648e-01
1.963066336959600477e-01
1.851396731510758509e-01
1.213226406797766749e-01
1.076531106084585160e-01
1.125372148156166124e-01
1.064879039861261895e-01
1.242651299461722397e-01
4.176270290464162982e-01
1.776767800897359750e-01
2.605133688449859375e-01
1.491478544846177035e-01
1.746472162678837647e-01
1.149288297072052906e-01
1.617278270646929639e-01
1.301572477668523908e-01
9.255792623385787621e-02
9.061929558590053890e-02
7.242186841368675188e-02
6.931234879419206907e-02
6.830589357390999539e-02
9.545589450374245000e-02
6.728283254429698323e-02
5.598391973227262453e-02
7.442668280750512622e-02
2.800002665556967085e-01
1.540998607352375982e-01
8.425806569308041949e-02
1.050896294713020290e-01
7.209247172251344316e-02
6.585373501479625802e-02
7.692823968082666830e-02
7.107473485171794669e-02
1.721840288154780907e-01
9.086641991883516456e-02
6.253118612989783109e-02
5.825001038610935072e-02
4.817226222902536159e-02
7.044016274809837552e-02
5.361688165366649411e-02
6.291395663097500146e-02
4.935609940066933848e-02
5.850264692306518521e-02
5.028803043439983994e-02
4.286697004735470079e-02
4.767636525258421576e-02
4.326992958784103144e-02
3.683716188371181227e-02
3.719353028014302232e-02
3.610773975774645567e-02
3.318676863983273384e-02
6.086770371720194583e-02
6.349909069761633384e-02
7.865340050682426143e-02
4.648252358660101557e-02
4.540601810812950473e-02
3.744417247921228570e-02
3.780844056978821532e-02
3.699507717415690539e-02
3.377077218890189858e-02
4.781735206395387738e-02
3.500326626002788627e-02
3.265687765926122976e-02
3.543597335368394580e-02
1.004926319643855148e-01
4.558871873095631660e-02
3.651024017855525328e-02
3.923997785151004530e-02
3.513752554729580868e-02
4.462552938982844442e-02
1.159601841419935220e-01
7.070469276607035947e-02
5.018447866663336421e-02
1.433697349093854545e-01
5.426534953713416792e-02
4.399633971229195695e-02
3.571225356310606114e-02
3.540261787176132019e-02
3.353454041108488992e-02
4.515619032829999713e-02
3.214975192770361950e-02
5.050219963863492034e-02
3.050315760076045823e-02
3.577004699781537178e-02
4.422229504957795460e-02
5.053686759620904662e-02
6.119808218628167845e-02
3.509744796156883534e-02
3.041751429066062024e-02
2.745697259157895906e-02
2.773792871832847506e-02
2.810430400818586180e-02
3.060278435423970100e-02
2.480564451217651470e-02
5.015245830640197022e-02
4.474088802933692821e-02
3.279512315988540594e-02
2.722530992329120700e-02
3.119701781496405507e-02
2.658738121017813552e-02
2.873765886574983566e-02
2.329042585194110795e-02
2.343469070270657456e-02
2.212539421208202864e-02
2.205207882449030862e-02
2.357765849679708398e-02
2.225864980369806137e-02
2.742414674721658369e-02
3.603597659617662624e-02
2.368608759343624262e-02
2.408942304179072236e-02
2.125286757759749928e-02
2.158702961914241159e-02
2.581819494068622600e-02
1.997450158186256722e-02
