2.060052562236785789e+00
1.253484197139739909e+00
1.119890671968460039e+00
1.034464732527732744e+00
9.740055768489838117e-01
9.265641689300536665e-01
8.881220076084136439e-01
8.535542684793472334e-01
8.257140777111053875e-01
7.993325953483580992e-01
7.791570034027099911e-01
7.596601006984711191e-01
7.434138660430907874e-01
7.272033210992813190e-01
7.140552378892898178e-01
7.021137953996657854e-01
6.887965992689132344e-01
6.775591738224029381e-01
6.689748206138610431e-01
6.593310618400574086e-01
6.510454210042952994e-01
6.424641672372818357e-01
6.350390079021454026e-01
6.278071233034133725e-01
6.208187235593796149e-01
6.130608652830124017e-01
6.069879424571991144e-01
6.012381429672241095e-01
5.957345235347747403e-01
5.903870844841003773e-01
5.850900453329086481e-01
5.800164388418197481e-01
5.742791926860809637e-01
5.699742411375046114e-01
5.640208407640456834e-01
5.605341894626617583e-01
5.550900062322616790e-01
5.512100626230239664e-01
5.477244790792464846e-01
5.428032010793686357e-01
8.048639234453439650e-01
5.989244734644889601e-01
2.245051001906394894e-01
2.697545704245567499e-01
3.768268412053585315e-01
1.563172193095087870e-01
1.871695543676614726e-01
1.086893632709979990e-01
1.568066861331462725e-01
1.085998900085687613e-01
1.004359413236379645e-01
2.051999127492308561e-01
2.722808791249990423e-01
1.381135745495557787e-01
1.266457583010196786e-01
9.869977256655693143e-02
8.586180909723042931e-02
8.431711796671152725e-02
9.859320136159657744e-02
7.034908071532845752e-02
6.913768899440765614e-02
7.931129679828882728e-02
8.013388615474105470e-02
7.226807259395719163e-02
9.301061963662504706e-02
7.917321339994669305e-02
7.134151990339160365e-02
6.904940447956323113e-02
5.432081028446555243e-02
5.620851239562034418e-02
6.170614084228873142e-02
6.419009672477841988e-02
5.894666899740695631e-02
6.868430896103382144e-02
4.938156262412667086e-02
5.284007053449749775e-02
4.517440668493509504e-02
7.483108222484588512e-02
9.053804861381649360e-02
1.351147084236145046e-01
7.091379042714834879e-02
7.912145306542515966e-02
1.829079763889312760e-01
7.799056436121463987e-02
7.747062206268311157e-02
7.172441394627093736e-02
5.097317890450358407e-02
5.239630704000592526e-02
4.681633520871400500e-02
4.752589276432991200e-02
7.737650766223669319e-02
5.247174972668289944e-02
5.153403468802571219e-02
1.255985291115939706e-01
6.608008572831750027e-02
5.438054348528385123e-02
4.838717052340507641e-02
4.127022057026624724e-02
1.066759600006043918e-01
9.553221154585481156e-02
9.130352524295448635e-02
6.490474867820739124e-02
4.682123444229364245e-02
8.870280559733509373e-02
7.166999572888016479e-02
1.010345707051455988e-01
7.965171650797128744e-02
4.641292030736803714e-02
6.087835908308625310e-02
5.612384032085537822e-02
4.877390690892934727e-02
4.987984477356076363e-02
3.964844284951686559e-02
5.264777529984712712e-02
7.779833278805017849e-02
5.463798227906226795e-02
4.029036237671971415e-02
5.346981903910636574e-02
4.460970191657543521e-02
3.499206193163990897e-02
3.638920340314507479e-02
4.155726757273078137e-02
3.924138484150171274e-02
3.487334972992539583e-02
3.762233569845557096e-02
3.023002569377422274e-02
4.120047660171985426e-02
3.662304476276040388e-02
2.992280313745140918e-02
2.875525495037436347e-02
3.036101591214537473e-02
2.959742777422070398e-02
3.768113983795046834e-02
1.170986641645431481e-01
5.789871389418840136e-02
3.781059908866882258e-02
5.991369239240884603e-02
7.921785106882453520e-02
4.402950062975287404e-02
3.412132157385349557e-02
4.036467995122074853e-02
2.895301466062664975e-02
3.318381825461983597e-02
2.887118145078420781e-02
2.687517159432172703e-02
2.536387670785188522e-02
3.148592330142855472e-02
2.570861912146210626e-02
3.688853108882904352e-02
2.375289680063724651e-02
2.597641341015696423e-02
2.677324622124433590e-02
2.438805061951279662e-02
2.400441622734069899e-02
2.277473611757159164e-02
2.172723681852221575e-02
2.275728556141257131e-02
2.972726545110344898e-02
2.291522527858614808e-02
2.122108610346913268e-02
2.347818787023425030e-02
2.052372292429208850e-02
1.985854550637304941e-02
2.602422939799725957e-02
2.145994142629206042e-02
3.439911744929850107e-02
3.331909932196139984e-02
2.372614571452140789e-02
2.154767380096018342e-02
2.231923523917794111e-02
2.017307200096547445e-02
2.463345214165747060e-02
2.164932002872228464e-02
2.300493885204196037e-02
3.043869378976523862e-02
4.577433907613158437e-02
2.540567201375961218e-02
2.385961720347404627e-02
3.360329239256679840e-02
1.488468385636806390e-01
5.802760162577032949e-02
4.704281929880380769e-02
3.823748224601149215e-02
5.585259557515382528e-02
3.345333902537822590e-02
2.918460720777511438e-02
4.952400726824998656e-02
2.761060142889618790e-02
4.233105359226465442e-02
2.688194032385945315e-02
3.531454507261514580e-02
6.416429956629872422e-02
3.362338416650891004e-02
3.745795414596796158e-02
2.557914698868989783e-02
2.632585512474179198e-02
2.585356540605425815e-02
2.480216864496469567e-02
2.286874467879533926e-02
2.159526913613080829e-02
