3.466643810272216797e+00
6.960180997848510742e+00
1.042679691314697266e+01
1.389841294288635254e+01
1.739310097694396973e+01
2.090988588333129883e+01
2.443925881385803223e+01
2.789988684654235840e+01
3.144793081283569336e+01
3.501083183288574219e+01
3.857428598403930664e+01
4.209949183464050293e+01
4.561663389205932617e+01
4.921547698974609375e+01
5.274745893478393555e+01
5.618613290786743164e+01
5.961158394813537598e+01
6.315317201614379883e+01
6.664525389671325684e+01
7.010346889495849609e+01
7.355577182769775391e+01
7.705105400085449219e+01
8.052506589889526367e+01
8.398287391662597656e+01
8.747850394248962402e+01
9.098140192031860352e+01
9.450634002685546875e+01
9.800313186645507812e+01
1.015720679759979248e+02
1.050505578517913818e+02
1.085258898735046387e+02
1.120884299278259277e+02
1.156504428386688232e+02
1.191907308101654053e+02
1.226184008121490479e+02
1.261941180229187012e+02
1.297192468643188477e+02
1.332341659069061279e+02
1.367964239120483398e+02
1.403195798397064209e+02
5.927189111709594727e+00
1.174114203453063965e+01
1.794985413551330566e+01
2.434231209754943848e+01
3.001563811302185059e+01
3.702410101890563965e+01
4.278713703155517578e+01
4.957029008865356445e+01
5.586258697509765625e+01
6.237519598007202148e+01
6.905001401901245117e+01
7.594126391410827637e+01
8.214558696746826172e+01
8.916067504882812500e+01
9.617973995208740234e+01
1.025559940338134766e+02
1.099759941101074219e+02
1.162413160800933838e+02
1.225841600894927979e+02
1.297180480957031250e+02
1.365391209125518799e+02
1.429967899322509766e+02
1.499780409336090088e+02
1.564968800544738770e+02
1.624912199974060059e+02
1.687763309478759766e+02
1.748514509201049805e+02
1.828449380397796631e+02
1.901411111354827881e+02
1.968774280548095703e+02
2.033306050300598145e+02
2.097823560237884521e+02
2.164868609905242920e+02
2.228005559444427490e+02
2.295761229991912842e+02
2.366516129970550537e+02
2.429034249782562256e+02
2.491324210166931152e+02
2.558998720645904541e+02
2.620075409412384033e+02
2.694058871269226074e+02
2.769483621120452881e+02
2.831694791316986084e+02
2.898311049938201904e+02
2.964132211208343506e+02
3.036057710647583008e+02
3.106683239936828613e+02
3.179767830371856689e+02
3.248305070400238037e+02
3.315716631412506104e+02
3.381450309753417969e+02
3.443614249229431152e+02
3.507629489898681641e+02
3.570257699489593506e+02
3.634427449703216553e+02
3.697330989837646484e+02
3.763790380954742432e+02
3.845091650485992432e+02
3.904491829872131348e+02
3.967069249153137207e+02
4.028431420326232910e+02
4.095917139053344727e+02
4.169559900760650635e+02
4.231193850040435791e+02
4.297534251213073730e+02
4.363749599456787109e+02
4.443108699321746826e+02
4.536341619491577148e+02
4.611596491336822510e+02
4.671678750514984131e+02
4.734606311321258545e+02
4.795184099674224854e+02
4.853060610294342041e+02
4.917425639629364014e+02
4.979791240692138672e+02
5.047271850109100342e+02
5.108299069404602051e+02
5.185512070655822754e+02
5.253125391006469727e+02
5.324356241226196289e+02
5.391231560707092285e+02
5.460756280422210693e+02
5.522784309387207031e+02
5.590093710422515869e+02
5.648588049411773682e+02
5.744732010364532471e+02
5.823930370807647705e+02
5.893194711208343506e+02
5.973026900291442871e+02
6.040761361122131348e+02
6.100675399303436279e+02
6.161627330780029297e+02
6.231318180561065674e+02
6.291900749206542969e+02
6.356457331180572510e+02
6.416728670597076416e+02
6.476729381084442139e+02
6.537427580356597900e+02
6.604751451015472412e+02
6.667565510272979736e+02
6.734287669658660889e+02
6.824769840240478516e+02
6.892069709300994873e+02
6.954041650295257568e+02
7.031267619132995605e+02
7.111147561073303223e+02
7.184212379455566406e+02
7.248664159774780273e+02
7.317510359287261963e+02
7.388363840579986572e+02
7.449219179153442383e+02
7.515441670417785645e+02
7.576666789054870605e+02
7.636357779502868652e+02
7.702420709133148193e+02
7.778476691246032715e+02
7.837550730705261230e+02
7.912892479896545410e+02
7.976602959632873535e+02
8.043698840141296387e+02
8.119614069461822510e+02
8.190316610336303711e+02
8.266311740875244141e+02
8.332494111061096191e+02
8.398964900970458984e+02
8.483242859840393066e+02
8.547171730995178223e+02
8.615662569999694824e+02
8.683704979419708252e+02
8.752741990089416504e+02
8.827809059619903564e+02
8.890792059898376465e+02
8.953303589820861816e+02
9.024112689495086670e+02
9.086919720172882080e+02
9.148406350612640381e+02
9.216054100990295410e+02
9.277344689369201660e+02
9.339459290504455566e+02
9.400262670516967773e+02
9.469177379608154297e+02
9.531127779483795166e+02
9.602501709461212158e+02
9.661737160682678223e+02
9.730201570987701416e+02
9.807078819274902344e+02
9.874398839473724365e+02
9.946415960788726807e+02
1.001632057905197144e+03
1.008096348047256470e+03
1.014178883075714111e+03
1.020743613958358765e+03
1.027352885961532593e+03
1.034324131011962891e+03
1.041556664943695068e+03
1.048560190916061401e+03
1.054811460971832275e+03
1.061993994951248169e+03
1.068245269060134888e+03
1.075322175025939941e+03
