3.887670040130615234e+00
7.715236902236938477e+00
1.160045003890991211e+01
1.543167901039123535e+01
1.922321605682373047e+01
2.302892184257507324e+01
2.681067991256713867e+01
3.053764486312866211e+01
3.431377005577087402e+01
3.811208200454711914e+01
4.188205790519714355e+01
4.571388697624206543e+01
4.953340291976928711e+01
5.333970499038696289e+01
5.715987086296081543e+01
6.099745988845825195e+01
6.482077002525329590e+01
6.863886284828186035e+01
7.246437883377075195e+01
7.631994700431823730e+01
8.013928890228271484e+01
8.399951601028442383e+01
8.788562583923339844e+01
9.170888590812683105e+01
9.540424489974975586e+01
9.927277684211730957e+01
1.030761239528656006e+02
1.069155969619750977e+02
1.107149739265441895e+02
1.145658578872680664e+02
1.183888330459594727e+02
1.222114658355712891e+02
1.260372059345245361e+02
1.298845059871673584e+02
1.336664350032806396e+02
1.374339230060577393e+02
1.410318958759307861e+02
1.445794868469238281e+02
1.481338078975677490e+02
1.517575559616088867e+02
1.553501930236816406e+02
1.588864178657531738e+02
1.624263949394226074e+02
1.660664858818054199e+02
1.696822938919067383e+02
1.734226310253143311e+02
1.772618420124053955e+02
1.811364510059356689e+02
1.850576498508453369e+02
1.889713459014892578e+02
1.928001749515533447e+02
1.966779179573059082e+02
2.005466158390045166e+02
2.044310388565063477e+02
2.083134429454803467e+02
2.121800899505615234e+02
2.160759890079498291e+02
2.199201178550720215e+02
2.236735918521881104e+02
2.274736130237579346e+02
2.312914838790893555e+02
2.351293129920959473e+02
2.389183290004730225e+02
2.427423689365386963e+02
2.466209700107574463e+02
2.504586479663848877e+02
2.543245339393615723e+02
2.581399369239807129e+02
2.620363039970397949e+02
2.659237558841705322e+02
2.697706539630889893e+02
2.736143050193786621e+02
2.775002398490905762e+02
2.813570468425750732e+02
2.852384450435638428e+02
2.891258749961853027e+02
2.929201729297637939e+02
2.967454240322113037e+02
3.006274738311767578e+02
3.044800510406494141e+02
3.083907349109649658e+02
3.122591860294342041e+02
3.161283228397369385e+02
3.200198049545288086e+02
3.238606250286102295e+02
3.277441709041595459e+02
3.315878369808197021e+02
3.354155440330505371e+02
3.392612998485565186e+02
3.430887959003448486e+02
3.469183769226074219e+02
3.507582418918609619e+02
3.543941729068756104e+02
3.582339808940887451e+02
3.621024718284606934e+02
3.659262518882751465e+02
3.697328009605407715e+02
3.735492238998413086e+02
3.773917369842529297e+02
3.811952209472656250e+02
3.850153429508209229e+02
3.888382258415222168e+02
3.926762189865112305e+02
3.964617519378662109e+02
4.003193340301513672e+02
4.042231578826904297e+02
4.079982829093933105e+02
4.118598358631134033e+02
4.156347990036010742e+02
4.193523969650268555e+02
4.231931889057159424e+02
4.270399198532104492e+02
4.305008339881896973e+02
4.338776018619537354e+02
4.372447240352630615e+02
4.406606678962707520e+02
4.440074100494384766e+02
4.473795628547668457e+02
4.507447938919067383e+02
4.541369118690490723e+02
5.834872007369995117e+00
1.191662788391113281e+01
1.807087302207946777e+01
2.412038302421569824e+01
3.005259704589843750e+01
3.766593003273010254e+01
4.356394100189208984e+01
5.004122209548950195e+01
5.670819306373596191e+01
6.411069393157958984e+01
6.989522504806518555e+01
7.573022294044494629e+01
8.143387389183044434e+01
8.760874605178833008e+01
9.547255992889404297e+01
1.011441888809204102e+02
1.076336989402770996e+02
1.132347760200500488e+02
1.195856459140777588e+02
1.256755099296569824e+02
1.341315460205078125e+02
1.395440320968627930e+02
1.453890140056610107e+02
1.532876920700073242e+02
1.594147191047668457e+02
1.650570430755615234e+02
1.705397510528564453e+02
1.766676399707794189e+02
1.824999001026153564e+02
1.885115458965301514e+02
1.938401279449462891e+02
1.994958240985870361e+02
2.049039518833160400e+02
2.115118460655212402e+02
2.169282300472259521e+02
2.228573179244995117e+02
2.289800870418548584e+02
2.380208649635314941e+02
2.439306530952453613e+02
2.501460950374603271e+02
2.566783299446105957e+02
2.627241230010986328e+02
2.687572560310363770e+02
2.746749479770660400e+02
2.802282090187072754e+02
2.863755068778991699e+02
2.937709379196166992e+02
2.991638779640197754e+02
3.049736659526824951e+02
3.107829859256744385e+02
3.168818850517272949e+02
3.232283060550689697e+02
3.287372128963470459e+02
3.347294619083404541e+02
3.403261990547180176e+02
3.465590329170227051e+02
3.521586589813232422e+02
3.576553020477294922e+02
3.650664300918579102e+02
3.717003629207611084e+02
3.777261569499969482e+02
3.831128399372100830e+02
3.890097410678863525e+02
3.944397618770599365e+02
4.004070889949798584e+02
4.059152739048004150e+02
4.113789908885955811e+02
4.178552460670471191e+02
4.242306640148162842e+02
4.305026319026947021e+02
4.366151399612426758e+02
4.429799809455871582e+02
4.493914361000061035e+02
4.556937460899353027e+02
4.616857769489288330e+02
4.704292039871215820e+02
4.770437819957733154e+02
4.831345899105072021e+02
4.890199720859527588e+02
4.951459710597991943e+02
