9.626600067615509460e-01
9.857600104808806885e-01
9.915200078487396151e-01
9.940800052881241244e-01
9.957800040245056161e-01
9.967200030088424478e-01
9.973400025367736843e-01
9.980400018692016095e-01
9.984400013685226227e-01
9.986400012969970374e-01
9.989400010108947514e-01
9.990400009155273597e-01
9.992800006866454643e-01
9.993400006294250737e-01
9.994800004959106809e-01
9.995400004386901793e-01
9.996800003051757866e-01
9.997600002288817844e-01
9.997400002479552850e-01
9.997600002288817844e-01
9.998200001716613938e-01
9.997800002098083949e-01
9.998200001716613938e-01
9.998200001716613938e-01
9.998400001525878933e-01
9.998600001335143928e-01
9.998800001144408922e-01
9.999000000953673917e-01
9.998800001144408922e-01
9.999400000572205016e-01
9.999000000953673917e-01
9.999000000953673917e-01
9.999200000762938911e-01
9.999200000762938911e-01
9.999400000572205016e-01
9.999200000762938911e-01
9.999200000762938911e-01
9.999400000572205016e-01
9.999400000572205016e-01
9.999400000572205016e-01
9.999400000572205016e-01
9.999400000572205016e-01
9.999400000572205016e-01
9.999400000572205016e-01
9.999400000572205016e-01
9.999400000572205016e-01
9.999400000572205016e-01
9.999200000762938911e-01
9.999400000572205016e-01
9.999400000572205016e-01
9.999400000572205016e-01
9.999400000572205016e-01
9.999400000572205016e-01
9.999400000572205016e-01
9.999400000572205016e-01
9.999400000572205016e-01
9.999400000572205016e-01
9.999400000572205016e-01
9.999600000381470011e-01
9.999400000572205016e-01
9.999600000381470011e-01
9.999600000381470011e-01
9.999600000381470011e-01
9.999800000190735005e-01
9.999600000381470011e-01
9.999800000190735005e-01
9.999800000190735005e-01
9.999600000381470011e-01
9.999600000381470011e-01
9.999600000381470011e-01
9.999800000190735005e-01
9.999800000190735005e-01
9.999800000190735005e-01
9.999800000190735005e-01
9.999800000190735005e-01
9.999800000190735005e-01
9.999800000190735005e-01
9.999800000190735005e-01
9.999800000190735005e-01
9.999600000381470011e-01
9.999800000190735005e-01
9.999800000190735005e-01
9.999800000190735005e-01
9.999800000190735005e-01
9.999800000190735005e-01
9.999800000190735005e-01
9.999800000190735005e-01
9.999800000190735005e-01
9.999800000190735005e-01
9.999800000190735005e-01
9.999800000190735005e-01
9.999800000190735005e-01
9.999800000190735005e-01
9.999800000190735005e-01
9.999800000190735005e-01
9.999800000190735005e-01
9.999800000190735005e-01
9.999800000190735005e-01
9.999800000190735005e-01
9.999800000190735005e-01
9.999800000190735005e-01
9.999800000190735005e-01
9.999800000190735005e-01
9.999800000190735005e-01
9.999800000190735005e-01
9.999800000190735005e-01
9.999800000190735005e-01
9.999800000190735005e-01
9.999800000190735005e-01
9.999800000190735005e-01
9.999800000190735005e-01
9.999800000190735005e-01
9.999800000190735005e-01
9.999800000190735005e-01
1.000000000000000000e+00
1.000000000000000000e+00
9.999800000190735005e-01
9.999800000190735005e-01
9.999800000190735005e-01
9.999800000190735005e-01
9.336800022125244514e-01
9.528000048398971300e-01
8.869999998807907016e-01
8.890800013542174973e-01
9.238800013065338046e-01
9.647600057125091944e-01
9.519400041103363019e-01
9.685000071525573517e-01
9.725400077104568997e-01
9.713200078010558736e-01
9.745800100564956381e-01
9.793000098466873027e-01
9.626200065612793288e-01
9.720000073909759175e-01
9.837200102806091806e-01
9.795400091409682819e-01
9.851400097608565831e-01
9.835800082683563428e-01
9.857000092267990121e-01
9.893200083971023240e-01
9.914600070714950641e-01
9.560000051259994747e-01
9.777800099849700555e-01
9.851800094842910749e-01
9.844000093936919882e-01
9.452800041437149359e-01
9.524000054597854259e-01
9.737800074815750051e-01
9.764000085592270395e-01
9.831400109529495612e-01
9.777400091886520039e-01
9.744000086784362358e-01
9.746000089645385778e-01
9.829600083827972901e-01
9.863800085783004379e-01
9.885400090217589808e-01
9.871000090837478425e-01
9.843800079822540017e-01
9.896000081300735385e-01
9.909200072288513184e-01
9.922200071811676514e-01
9.895200073719024880e-01
9.913200072050094569e-01
9.902600078582763921e-01
9.915000070333480631e-01
9.920200070142746185e-01
9.941200052499771234e-01
9.922400062084197891e-01
9.923600064516067132e-01
9.892000073194503473e-01
9.943400050401687285e-01
9.951400046348571893e-01
9.855000087022781630e-01
9.808200079202652466e-01
9.917800067663192776e-01
9.923600064516067132e-01
9.939800051450728979e-01
9.869800082445144840e-01
9.940600050687790068e-01
9.944400050640106459e-01
9.956400040388106998e-01
9.688600053787231881e-01
9.859400089979172277e-01
9.900600080490111754e-01
9.913800075054168826e-01
9.927200063467025437e-01
9.925400066375732466e-01
9.950400047302245810e-01
9.878800065517425733e-01
9.928000057935715272e-01
9.955600042343140110e-01
9.957000037431716910e-01
9.951400045156478802e-01
9.926000062227249288e-01
9.905600064992904352e-01
9.948400048017501662e-01
9.960800036191940210e-01
9.970800027847289693e-01
9.971800025701522685e-01
9.952800043821334874e-01
