9.637200073003768797e-01
9.866800106763840006e-01
9.914000074863433820e-01
9.938800054788589078e-01
9.954200042486190947e-01
9.965800032615661497e-01
9.974200024604796821e-01
9.979400019645691122e-01
9.984800014495849307e-01
9.987800011634826447e-01
9.989200010299682519e-01
9.991400008201598570e-01
9.993200006484985742e-01
9.994600005149841815e-01
9.995800004005431783e-01
9.996400003433227877e-01
9.996600003242492871e-01
9.997600002288817844e-01
9.997200002670287855e-01
9.997600002288817844e-01
9.998200001716613938e-01
9.998000001907348944e-01
9.998000001907348944e-01
9.998200001716613938e-01
9.998800001144408922e-01
9.999000000953673917e-01
9.999000000953673917e-01
9.999400000572205016e-01
9.999200000762938911e-01
9.999200000762938911e-01
9.999400000572205016e-01
9.999400000572205016e-01
9.999400000572205016e-01
9.999200000762938911e-01
9.999600000381470011e-01
9.999400000572205016e-01
9.999400000572205016e-01
9.999600000381470011e-01
9.999200000762938911e-01
9.999800000190735005e-01
8.791399997472763017e-01
9.147200022935867425e-01
9.590400040149689165e-01
9.512000044584274505e-01
9.365400030612945903e-01
9.710600076913833423e-01
9.661400079727172630e-01
9.808600111007690359e-01
9.703400070667267396e-01
9.799000096321105469e-01
9.822400091886520634e-01
9.569200062751770375e-01
9.522000060081482475e-01
9.756000084877014533e-01
9.750800099372863849e-01
9.818600111007690368e-01
9.848800095319747427e-01
9.852200090885162576e-01
9.830400081872939788e-01
9.889200077056884419e-01
9.891000081300735935e-01
9.862200083732605149e-01
9.865200070142745581e-01
9.896200079917907289e-01
9.848600084781646835e-01
9.879800089597702284e-01
9.886400088071822800e-01
9.910000067949295000e-01
9.932200058698653633e-01
9.932000057697296658e-01
9.905200076103209961e-01
9.896000076532364131e-01
9.919600068330765019e-01
9.889200072288513166e-01
9.936000059843063115e-01
9.929400056600570235e-01
9.948400046825408571e-01
9.885200064182281254e-01
9.867000075578689078e-01
9.762400085926056237e-01
9.886200087070464715e-01
9.892800079584121997e-01
9.655400062799454064e-01
9.886000089645385902e-01
9.887800080776214529e-01
9.886800079345703374e-01
9.934000058174132786e-01
9.933800057172775810e-01
9.946200048923492520e-01
9.944400044679642114e-01
9.873600076436996886e-01
9.926400058269501114e-01
9.942200052738189298e-01
9.794400075674056794e-01
9.904600068330764451e-01
9.923800063133240146e-01
9.942600049972534215e-01
9.964200032949447339e-01
9.819800082445144795e-01
9.849000076055526298e-01
9.847400090694427011e-01
9.901400077342986661e-01
9.947200046777725513e-01
9.869200081825256765e-01
9.913600064516067123e-01
9.878600076436996336e-01
9.897200080156326463e-01
9.948400048017501662e-01
9.921800060272216726e-01
9.931800054311752390e-01
9.940200043916702644e-01
9.938200050592422841e-01
9.965600031614303411e-01
9.938400044441223491e-01
9.897600071430205926e-01
9.938600053787230992e-01
9.965200030803680331e-01
9.940200046300887715e-01
9.954000040292739770e-01
9.974000024795531827e-01
9.970400027036666613e-01
9.958400039672851145e-01
9.962800034284591266e-01
9.977800021171570055e-01
9.970000027418136623e-01
9.982600016593933256e-01
9.970200027227401618e-01
9.970800026655196602e-01
9.985600013732910396e-01
9.986800012588501474e-01
9.982600016593933256e-01
9.985400013923645401e-01
9.964400030374527262e-01
9.835400071144103640e-01
9.929000055789947154e-01
9.963000032901764280e-01
9.918600054979324065e-01
9.901400073766708498e-01
9.952200045585631871e-01
9.975800023078918999e-01
9.963000034093856261e-01
9.987800011634826447e-01
9.981400017738342179e-01
9.987800011634826447e-01
9.989600009918212509e-01
9.993200006484985742e-01
9.985400013923645401e-01
9.992800006866454643e-01
9.968800021409988110e-01
9.995400004386901793e-01
9.989400010108947514e-01
9.990800008773803587e-01
9.994400005340575710e-01
9.993000006675720748e-01
9.995600004196166788e-01
9.996200003623962882e-01
9.996000003814696777e-01
9.986200013160705380e-01
9.996000003814696777e-01
9.998600001335143928e-01
9.994200005531310715e-01
9.998800001144408922e-01
9.999600000381470011e-01
9.986000013351440385e-01
9.995800004005431783e-01
9.974200023412704841e-01
9.975000023841857910e-01
9.994200005531310715e-01
9.996000003814696777e-01
9.993400006294250737e-01
9.998000001907348944e-01
9.990600008964538592e-01
9.996600003242492871e-01
9.993600006103515732e-01
9.981000018119812189e-01
9.942000044584273777e-01
9.988400011062622541e-01
9.995600004196166788e-01
9.972800024747848768e-01
9.806200053691863650e-01
9.925200059413910036e-01
9.946600048542022510e-01
9.963400030136108088e-01
9.935000056028365778e-01
9.975600022077560913e-01
9.987000012397766469e-01
9.957800035476684908e-01
9.986400012969970374e-01
9.964800029993057251e-01
9.987600011825561452e-01
9.982600015401840166e-01
9.933400042057037860e-01
9.979800019264221111e-01
9.970800027847289693e-01
9.989600009918212509e-01
9.988800010681152530e-01
9.990400009155273597e-01
9.991000008583068581e-01
9.995400004386901793e-01
9.995200004577636799e-01
