3.819774866104125977e+00
7.672805786132812500e+00
1.151515078544616699e+01
1.531620478630065918e+01
1.916708493232727051e+01
2.299998879432678223e+01
2.684304594993591309e+01
3.061919379234313965e+01
3.441219592094421387e+01
3.819795894622802734e+01
4.201777791976928711e+01
4.587465977668762207e+01
4.972084999084472656e+01
5.358197879791259766e+01
5.742454695701599121e+01
6.127081394195556641e+01
6.504466295242309570e+01
6.886268877983093262e+01
7.273695397377014160e+01
7.656099486351013184e+01
8.043103480339050293e+01
8.427964282035827637e+01
8.810849785804748535e+01
9.191986489295959473e+01
9.574488282203674316e+01
9.955343985557556152e+01
1.032522289752960205e+02
1.071431469917297363e+02
1.109917418956756592e+02
1.147748248577117920e+02
1.186231799125671387e+02
1.224995198249816895e+02
1.262767939567565918e+02
1.300853707790374756e+02
1.339268138408660889e+02
1.377820057868957520e+02
1.416353209018707275e+02
1.454462718963623047e+02
1.493015038967132568e+02
1.531741099357604980e+02
1.570281999111175537e+02
1.608511037826538086e+02
1.647388617992401123e+02
1.685121998786926270e+02
1.722726948261260986e+02
1.760449547767639160e+02
1.799249107837677002e+02
1.837745709419250488e+02
1.875591909885406494e+02
1.913514869213104248e+02
1.951847748756408691e+02
1.990190079212188721e+02
2.029323859214782715e+02
2.068187258243560791e+02
2.106340069770812988e+02
2.144800519943237305e+02
2.182791099548339844e+02
2.221909458637237549e+02
2.259912948608398438e+02
2.298214919567108154e+02
2.337129518985748291e+02
2.375494098663330078e+02
2.412747969627380371e+02
2.450924468040466309e+02
2.489126498699188232e+02
2.527041759490966797e+02
2.565155079364776611e+02
2.603336617946624756e+02
2.641992039680480957e+02
2.680368669033050537e+02
2.718100008964538574e+02
2.756933457851409912e+02
2.794855167865753174e+02
2.832659847736358643e+02
2.870729649066925049e+02
2.908467988967895508e+02
2.946594889163970947e+02
2.984732949733734131e+02
3.023098537921905518e+02
3.061026048660278320e+02
7.273109912872314453e+00
1.377543377876281738e+01
2.032251000404357910e+01
2.682370495796203613e+01
3.280503201484680176e+01
3.883809995651245117e+01
4.478313398361206055e+01
5.132682585716247559e+01
5.771838998794555664e+01
6.447263693809509277e+01
7.080402684211730957e+01
7.790443491935729980e+01
8.438805389404296875e+01
9.067079782485961914e+01
9.779257988929748535e+01
1.041736509799957275e+02
1.108350598812103271e+02
1.174944598674774170e+02
1.242402439117431641e+02
1.303251698017120361e+02
1.370922048091888428e+02
1.442038509845733643e+02
1.515784668922424316e+02
1.598478088378906250e+02
1.666534659862518311e+02
1.735015399456024170e+02
1.801361389160156250e+02
1.875149779319763184e+02
1.950682139396667480e+02
2.012174549102783203e+02
2.081694548130035400e+02
2.147332108020782471e+02
2.208306229114532471e+02
2.270329649448394775e+02
2.337499749660491943e+02
2.401951107978820801e+02
2.468780508041381836e+02
2.539350988864898682e+02
2.604196088314056396e+02
2.675791440010070801e+02
2.745422728061676025e+02
2.819883279800415039e+02
2.895240948200225830e+02
2.962572708129882812e+02
3.031637217998504639e+02
3.092956469058990479e+02
3.157995028495788574e+02
3.245219779014587402e+02
3.308384737968444824e+02
3.370410099029541016e+02
3.435508408546447754e+02
3.510346899032592773e+02
3.581260437965393066e+02
3.652103688716888428e+02
3.716304538249969482e+02
3.793796517848968506e+02
3.858349869251251221e+02
3.925186917781829834e+02
3.989560759067535400e+02
4.054319779872894287e+02
4.134323759078979492e+02
4.195717878341674805e+02
4.277682847976684570e+02
4.340139858722686768e+02
4.407970759868621826e+02
4.469841828346252441e+02
4.543812119960784912e+02
4.608456068038940430e+02
4.677782158851623535e+02
4.744095809459686279e+02
4.809399628639221191e+02
4.880509769916534424e+02
4.948600499629974365e+02
5.011327669620513916e+02
5.072835509777069092e+02
5.133372619152069092e+02
5.200795588493347168e+02
5.270595338344573975e+02
5.334091107845306396e+02
5.407829937934875488e+02
5.473128859996795654e+02
5.538324677944183350e+02
5.601001498699188232e+02
5.665392549037933350e+02
5.734483499526977539e+02
5.816791160106658936e+02
5.889863128662109375e+02
5.962415428161621094e+02
6.029050328731536865e+02
6.098641829490661621e+02
6.157518379688262939e+02
6.219542949199676514e+02
6.287972648143768311e+02
6.351910848617553711e+02
6.415362219810485840e+02
6.484481699466705322e+02
6.547039549350738525e+02
6.618056619167327881e+02
6.684321959018707275e+02
6.748234248161315918e+02
6.810983438491821289e+02
6.873090147972106934e+02
6.934003767967224121e+02
7.000270159244537354e+02
7.076037158966064453e+02
7.142842869758605957e+02
7.215582659244537354e+02
7.279523479938507080e+02
7.346807358264923096e+02
7.412376937866210938e+02
7.473496818542480469e+02
7.536656949520111084e+02
7.601511428356170654e+02
7.666999788284301758e+02
7.746704738140106201e+02
7.814160299301147461e+02
7.883748118877410889e+02
7.956551339626312256e+02
8.026016299724578857e+02
8.102261588573455811e+02
