7.747799988538026650e-01
8.957200007438659295e-01
9.179400018453598431e-01
9.336000045537948822e-01
9.521200028657913483e-01
9.632800053358078207e-01
9.743600090742111641e-01
9.791600104570388208e-01
9.850200099945067844e-01
9.875800094604493262e-01
9.894600083827972403e-01
9.921800065040589089e-01
9.935200053453445701e-01
9.950400044918060738e-01
9.958600039482116140e-01
9.961400036811829395e-01
9.974000024795532937e-01
9.977200021743775071e-01
9.981200017929076074e-01
9.984800014495849307e-01
9.986800012588501474e-01
9.988400011062621431e-01
9.992800006866454643e-01
9.991400008201599681e-01
9.993200006484984632e-01
9.996600003242492871e-01
9.997400002479552850e-01
9.995600004196166788e-01
9.998400001525877823e-01
9.999600000381470011e-01
1.000000000000000000e+00
1.000000000000000000e+00
9.999800000190735005e-01
1.000000000000000000e+00
1.000000000000000000e+00
1.000000000000000000e+00
1.000000000000000000e+00
1.000000000000000000e+00
1.000000000000000000e+00
1.000000000000000000e+00
1.000000000000000000e+00
1.000000000000000000e+00
1.000000000000000000e+00
1.000000000000000000e+00
1.000000000000000000e+00
1.000000000000000000e+00
1.000000000000000000e+00
1.000000000000000000e+00
1.000000000000000000e+00
1.000000000000000000e+00
1.000000000000000000e+00
1.000000000000000000e+00
1.000000000000000000e+00
1.000000000000000000e+00
1.000000000000000000e+00
1.000000000000000000e+00
1.000000000000000000e+00
1.000000000000000000e+00
1.000000000000000000e+00
1.000000000000000000e+00
1.000000000000000000e+00
1.000000000000000000e+00
1.000000000000000000e+00
1.000000000000000000e+00
1.000000000000000000e+00
1.000000000000000000e+00
9.689800028949976385e-01
8.870200002193451283e-01
8.919600012302397740e-01
8.726599993705749236e-01
9.040600025653839911e-01
8.363000007867812391e-01
8.452199994325637622e-01
8.874000004529953856e-01
8.533599988222121402e-01
8.192799999713897829e-01
8.221800001859664864e-01
8.131999986171722927e-01
7.942399996519088345e-01
8.077799998521804081e-01
7.246200002431869569e-01
7.410999998450279458e-01
7.179999981522560137e-01
6.006399997770786037e-01
4.135799982845783096e-01
3.964199994802474758e-01
3.953999989032745410e-01
3.092200012505054163e-01
3.229399999678134736e-01
3.215000003576278798e-01
3.144199987202883073e-01
2.263399999290704456e-01
2.405800002962351081e-01
2.035199999995529474e-01
1.764600000008940683e-01
1.637400004491210148e-01
1.129799999929964605e-01
1.046399996951222350e-01
1.014600000269711144e-01
1.110399998463690308e-01
9.957999908179045179e-02
1.027399998009204812e-01
1.023199996873736389e-01
1.053199998661875636e-01
1.018399998135864626e-01
1.018999998234212390e-01
9.829999994114041462e-02
1.005400000698864343e-01
1.024599999189376859e-01
1.022600000128149889e-01
1.010999999158084528e-01
1.021199997588992103e-01
9.775999993085861262e-02
1.005799998044967641e-01
9.787999988347292901e-02
1.031199997961521203e-01
9.803999989479780797e-02
9.897999991849064372e-02
9.987999982386827624e-02
9.698000006377696658e-02
1.016399998962879136e-01
9.964000012353062263e-02
1.063599997870624120e-01
1.030799999311566434e-01
1.002799998410046217e-01
9.970000002905726744e-02
1.007399999164044768e-01
1.059399998337030302e-01
9.998000006750226709e-02
1.008199998252093665e-01
1.013199999220669306e-01
1.019999998286366533e-01
9.991999991238117995e-02
9.919999989867210599e-02
1.021999998725950654e-01
1.013599998354911824e-01
1.032199998982250844e-01
1.011200000159442336e-01
9.963999988138674824e-02
1.005199999362230284e-01
1.018999999649822658e-01
1.004599999040365066e-01
9.942000001296399936e-02
1.002799999676644849e-01
1.006599998250603811e-01
9.861999996006488856e-02
1.033399999402463409e-01
9.847999997064471600e-02
1.007999999374151329e-01
1.009399999715387686e-01
9.700000008940697083e-02
1.012599998451769318e-01
1.006799996718764356e-01
1.007199998050928025e-01
1.018999997973442095e-01
9.656000005081295801e-02
9.947999992966652383e-02
9.996000006049871045e-02
1.009000000208616354e-01
1.007799999080598308e-01
1.026799997985363005e-01
1.025999998003244429e-01
1.021199998855590874e-01
1.010400000289082556e-01
1.012599999532103612e-01
1.027399999536573877e-01
1.025999997630715477e-01
1.009399999156594258e-01
1.002999998778104918e-01
1.016599998474121136e-01
1.006000000163912722e-01
1.001800000220537112e-01
1.034399997331202081e-01
1.018999997302889871e-01
1.010400000028312262e-01
1.013599999174475685e-01
9.915999998152255634e-02
1.035599997974932240e-01
1.010799999013543282e-01
1.001599998623132759e-01
1.019999997653067147e-01
1.017799997888505503e-01
1.001399997845292128e-01
1.024800000414252399e-01
1.039200000837445376e-01
9.651999998092651578e-02
9.989999968931079222e-02
1.025400000363588388e-01
9.942000005394220630e-02
1.020599999502301153e-01
1.047599997892975782e-01
1.030599995218217380e-01
1.023599998541176309e-01
9.869999980926513761e-02
1.007999999523162826e-01
1.001999999135732705e-01
9.999999991059302373e-02
9.575999997928738572e-02
9.789999992772936699e-02
9.957999992743134243e-02
