9.848065739274024510e-01
3.915067577660083509e-01
2.999528453201055767e-01
2.409178184717893634e-01
1.748300760611891658e-01
1.295509243831038382e-01
9.647381117939948791e-02
7.782012902572750523e-02
5.904511780478060440e-02
4.921471642516553335e-02
4.195820517372340214e-02
3.499370707571506506e-02
3.307610686961561658e-02
2.711359788849949937e-02
2.495714977942407181e-02
2.255708623211830771e-02
1.963180687045678469e-02
1.756353794457390927e-02
1.566390248434618160e-02
1.415863673994317666e-02
1.271640152996405919e-02
1.190147803258150873e-02
1.065764377964660559e-02
9.567656790139152795e-03
8.669771473389119298e-03
7.637800789787434382e-03
6.951518336310982815e-03
6.251099657965823730e-03
5.871144523960538167e-03
5.196616676985285795e-03
4.739822750212624967e-03
4.350795829202979900e-03
3.915491501567885425e-03
3.431428942712955264e-03
3.169876285130158056e-03
2.861904096207581582e-03
2.560240888502448783e-03
2.261767754971515457e-03
2.156149174144957135e-03
1.903605430852621863e-03
1.725841991545166813e-03
1.597041036060545607e-03
1.480151115974877134e-03
1.284665790270082602e-03
1.221277811913751071e-03
1.107883334247162545e-03
1.009306053601903910e-03
9.211174575029872601e-04
8.048119302839040583e-04
7.083696850168053581e-04
6.619180737470742575e-04
6.381870707409688761e-04
5.803003493783762297e-04
5.095885082555468622e-04
4.767772393097402701e-04
4.141423419205238969e-04
3.751754262484610050e-04
3.559147870109882067e-04
3.207554464752320443e-04
3.011601808175328452e-04
2.682730773740331495e-04
2.370764220904675226e-04
2.146331049734726665e-04
1.924572406933293801e-04
1.836936404615698915e-04
1.640649852124624814e-04
3.720452266164102073e-01
7.568204457163810739e-01
6.201724558174610547e-01
7.257782121598720382e-01
4.084335385113954664e-01
1.730491336755454634e+00
7.060034680515527850e-01
4.761507996767759265e-01
6.419729765951633915e-01
6.710541140735148957e-01
6.608521519303321989e-01
6.674669820964336253e-01
7.664747475683688638e-01
7.232829795479774893e-01
8.706852595806121586e-01
8.320801686048507895e-01
8.920788282752036835e-01
1.206115826547145886e+00
1.570573585748672452e+00
1.594413994908332910e+00
1.642079248547553938e+00
1.796867739677429299e+00
1.750918438196182203e+00
1.793669226169586128e+00
2.147682773590088079e+00
2.127860613346099772e+00
2.067552779674529884e+00
2.282639766931533920e+00
2.143977667093277084e+00
2.731828511238098223e+00
9.833877401351928782e+00
6.078517639636993763e+00
3.334683626651763877e+00
4.694138191223144574e+00
1.190185644245147678e+01
1.113774357366561851e+01
2.077806853866577086e+01
6.939371348381042637e+00
7.522033495426177829e+00
9.692090386390686874e+00
1.236503998613357602e+01
1.252513468170166000e+01
5.913757639408111721e+00
8.432605072021484460e+00
1.316031096601486183e+01
5.986858708381652683e+00
7.619310616970062178e+00
1.588489735460281338e+01
9.615989423751830856e+00
7.284137782096863134e+00
8.845320289134980030e+00
1.265269187784194926e+01
6.502785522937774232e+00
9.628615899562834812e+00
1.841721021986007756e+01
8.074992653369903906e+00
8.842119203090668123e+00
2.006432647418975890e+01
1.594192472314834674e+01
6.736184721469879122e+00
7.826851003170013144e+00
1.117882029771804753e+01
1.331720556211471518e+01
1.131519867324829143e+01
2.104318755292892362e+01
1.430313351964950641e+01
6.871073648452759031e+00
6.916326267719268728e+00
9.860912554264068319e+00
1.977469242000579897e+01
8.269721777439118071e+00
1.851162007141113364e+01
1.185354005432128943e+01
1.003391779708862330e+01
1.520308459234237652e+01
1.082290987968444895e+01
1.170060104656219480e+01
1.307344108772277913e+01
1.369500991964340209e+01
8.848842805385588761e+00
1.674129971790313576e+01
8.499026462554931882e+00
1.664563947772979802e+01
1.244913602447509682e+01
1.050356188392639112e+01
6.967902494430542326e+00
2.052936886739730937e+01
1.021821073865890561e+01
6.385112576007842655e+00
1.209468845415115368e+01
1.432649226522445751e+01
7.134923003673553588e+00
1.686356415033340284e+01
1.894356575298309409e+01
8.559491067886352056e+00
8.430048666954039760e+00
1.686062082052230693e+01
9.340184731483459402e+00
5.689565025329589965e+00
6.722566231727600261e+00
1.142176323938369720e+01
6.735289590835571438e+00
8.443005462169647757e+00
1.700418529415130564e+01
8.609059857368469793e+00
7.345325697898864803e+00
9.367567632675170231e+00
1.173712453842163050e+01
1.826353267765045274e+01
6.487369040012359811e+00
1.354129976844787642e+01
2.032844163084030242e+01
1.276823850011825634e+01
1.968736269330978317e+01
1.109361334085464534e+01
9.034292178630828118e+00
3.045002856492996202e+01
1.460456229925155647e+01
1.640824562025070321e+01
1.192371341323852540e+01
1.631050434303283581e+01
1.399697039270401078e+01
1.844025459718704241e+01
1.506503214788436829e+01
1.233600348424911530e+01
5.661800989627837843e+00
1.753041527175903269e+01
8.163611814022063484e+00
6.336087925910949714e+00
2.075478876161575315e+01
9.250609025478363279e+00
8.757669710636138305e+00
1.480479949951171825e+01
1.244752179050445484e+01
