7.180799980312585484e-01
8.673999999761581314e-01
8.858800004720688293e-01
8.946999987363815077e-01
9.007400015592574860e-01
9.053600012063980351e-01
9.095600012540817625e-01
9.128000018596649223e-01
9.161200026273726982e-01
9.193400015830993643e-01
9.221000022888183878e-01
9.244000022411346107e-01
9.269800028800964098e-01
9.289200023412704788e-01
9.306800019741058305e-01
9.325000005960464300e-01
9.337600010633468894e-01
9.352200008630752182e-01
9.371000008583069141e-01
9.384600007534027455e-01
9.394200015068053800e-01
9.408400020599365643e-01
9.422800005674362156e-01
9.428600019216537564e-01
9.437800016403198322e-01
9.446200006008148575e-01
9.457800009250640905e-01
9.471600015163421649e-01
9.480000017881393681e-01
9.481000009775161219e-01
9.494600011110305715e-01
9.503800017833710090e-01
9.510600011348724347e-01
9.515800008773803720e-01
9.523200020790100195e-01
9.528800009489059031e-01
9.536000021696090512e-01
9.546800030469894116e-01
9.549400024414061994e-01
9.558400028944015192e-01
9.560800031423568601e-01
9.573200027942657675e-01
9.577800028324127135e-01
9.580400048494338572e-01
9.589000037908553820e-01
9.595800033807754259e-01
9.601200033426284808e-01
9.603400030136108878e-01
9.607600045204162109e-01
9.616200040578841701e-01
9.622800045013427672e-01
9.626400038003921633e-01
9.630400054454802961e-01
9.635800052881240418e-01
9.637000051736831496e-01
9.645000048875809195e-01
9.650800062417983494e-01
9.652200033664702916e-01
9.657600049972534517e-01
9.664000054597854383e-01
9.662000055313110236e-01
9.670600045919418575e-01
9.675800054073333545e-01
9.678200061321258207e-01
9.680000069141387886e-01
9.688400059938431230e-01
9.690000073909759148e-01
9.693200066089630029e-01
9.694600064754486102e-01
9.699800081253051598e-01
9.702000074386596395e-01
9.705200080871582147e-01
9.707600078582763192e-01
9.709600069522857924e-01
9.715600087642669580e-01
9.719200081825256632e-01
9.722400093078613637e-01
9.723800078630447929e-01
9.728600094318390346e-01
9.730400093793869498e-01
9.733200088739395461e-01
9.736000095605850113e-01
9.739400098323821586e-01
9.743600094318389804e-01
9.743800085783004272e-01
9.744600101709365303e-01
9.749200097322463510e-01
9.752000104188919272e-01
9.752400089502334390e-01
9.757400101423263639e-01
9.757000110149383065e-01
9.759200092554092265e-01
9.763200095891952923e-01
9.766400094032288148e-01
9.767000105381011821e-01
9.772000110149383634e-01
9.772000094652175672e-01
9.773200114965439056e-01
9.775400096178055165e-01
9.777800109386444172e-01
9.783600103855133456e-01
9.782400104999542378e-01
9.786000089645385813e-01
9.783600094318389839e-01
9.787200099229812489e-01
9.785800108909606942e-01
9.791200109720230582e-01
9.792800104618072377e-01
9.793800096511841025e-01
9.795000109672545863e-01
9.797400100231170583e-01
9.798800102472304818e-01
9.801200101375580065e-01
9.804200104475021549e-01
9.803400100469589207e-01
9.806000099182129448e-01
9.807400093078613157e-01
9.806800112724304297e-01
9.813000106811523571e-01
9.812600107192993582e-01
9.814000102281570381e-01
9.817600108385086122e-01
9.819000111818313448e-01
9.820600106716156352e-01
9.819000108242035285e-01
9.820600111484527606e-01
9.821600105762481325e-01
9.825200117826461410e-01
9.825000104904174636e-01
9.827000107765198056e-01
9.828800107240677209e-01
9.831600112915038769e-01
9.831800105571746329e-01
9.834600101709365383e-01
9.835800104141235733e-01
9.837200102806091806e-01
9.836200107336043885e-01
9.840200115442275797e-01
9.842200115919113035e-01
9.840600107908248351e-01
9.844200098514557240e-01
9.845000106096267745e-01
9.845000107288360836e-01
9.848400096893310529e-01
9.846400103569030726e-01
9.852200101613998173e-01
9.850800102949142101e-01
9.852600098848343091e-01
9.853400092124938725e-01
9.853400107622146686e-01
9.857000100612640647e-01
9.857800102233886808e-01
9.856800092458725127e-01
9.860200111865997652e-01
9.862400106191635540e-01
9.862000100612640097e-01
9.864200103282928511e-01
9.865000102519988490e-01
9.867600097656249458e-01
9.867200096845626378e-01
9.868000098466873649e-01
9.869000098705291713e-01
9.869800102710724055e-01
9.871600096225738863e-01
9.872600107192993635e-01
9.875000091791152901e-01
9.873400096893309996e-01
9.875600097179413339e-01
9.876800092458725144e-01
9.875600099563598411e-01
9.880200097560882799e-01
9.877800089120865046e-01
9.881000095605849687e-01
9.881600092649459599e-01
9.881000096797942778e-01
9.883800096511841105e-01
9.884600092172622920e-01
9.884400088787078653e-01
9.884400094747542997e-01
9.886000092029572084e-01
9.886600092649460159e-01
9.888000094890594394e-01
9.888400090932846220e-01
9.890200089216232282e-01
9.889600089788437298e-01
9.890400089025497277e-01
9.890400092601776549e-01
9.893200086355209422e-01
9.894600089788436748e-01
9.895000087022781665e-01
9.895200080871582315e-01
9.894000091552734855e-01
9.897400085926055802e-01
9.897200086116790807e-01
9.899200087785721136e-01
9.898400086164474976e-01
9.899800081253051776e-01
9.897600080966949543e-01
9.899800086021423029e-01
9.904000079631805065e-01
