1.078421367347240478e+00
4.419902810156345341e-01
3.552078507840633614e-01
3.153978217244148285e-01
2.896316061615943904e-01
2.700502870529890020e-01
2.539951049685478246e-01
2.403765061497688260e-01
2.278674956560134968e-01
2.169796656072139618e-01
2.070171328783035336e-01
1.978314083814620983e-01
1.890762790590524711e-01
1.814721767082810300e-01
1.741047901138663423e-01
1.672397577986121098e-01
1.607936560288071581e-01
1.547788499742746293e-01
1.492173268124461216e-01
1.441975191235542186e-01
1.390362634956836818e-01
1.345621517784893473e-01
1.300499317646026665e-01
1.259857706576585634e-01
1.221382454335689510e-01
1.182557791210711029e-01
1.146600415259599742e-01
1.113048400543630162e-01
1.080553863011300547e-01
1.049926863908767632e-01
1.020874424390494778e-01
9.897346802428365342e-02
9.628753332048654856e-02
9.362901294603943880e-02
9.122448020428419735e-02
8.863382530584931751e-02
8.629711304605007516e-02
8.419463884271681520e-02
8.183161694183946344e-02
7.974777881056070716e-02
7.783497657440602291e-02
7.588447824865579561e-02
7.392832877859473184e-02
7.219425064697861105e-02
7.050445733591914621e-02
6.870878497511148653e-02
6.707360201328993465e-02
6.557533220760523862e-02
6.407531738840042956e-02
6.253044880181550524e-02
6.115856431797146719e-02
5.954503637365996666e-02
5.839274211414158255e-02
5.708243880979716606e-02
5.586068328842520858e-02
5.458196694031357959e-02
5.328951151110231793e-02
5.218953851982951336e-02
5.106454973295330990e-02
4.990540660917758969e-02
4.882155235856771441e-02
4.778715955093502943e-02
4.682558294944465238e-02
4.575778023339807654e-02
4.484694590140134163e-02
4.379524720273911959e-02
4.305059773474931989e-02
4.208915930893272067e-02
4.113314712047577010e-02
4.033543106261641004e-02
3.947913488745689176e-02
3.868251881934702679e-02
3.788699236884713467e-02
3.720305223576724635e-02
3.646837955340743315e-02
3.579354378581046936e-02
3.490479214116930934e-02
3.429486574791371783e-02
3.364237857516855223e-02
3.295848933234810790e-02
3.232954140473157101e-02
3.166407819092273424e-02
3.103916756343096453e-02
3.043554252199828780e-02
2.987769210711121656e-02
2.924731387104839014e-02
2.872262926492840165e-02
2.814009667839854900e-02
2.764417769387364499e-02
2.709603908844292197e-02
2.656679754750803160e-02
2.609095139941200459e-02
2.553049332834780166e-02
2.510355455894023105e-02
2.470282784756273192e-02
2.409352137800305910e-02
2.367586780153214943e-02
2.330069332756102077e-02
2.283533920533955056e-02
2.242229888588189932e-02
2.195960144791752125e-02
2.161797972675412807e-02
2.121502008009702039e-02
2.085864596581086389e-02
2.046809145994484339e-02
1.999836047179997037e-02
1.975765519496053627e-02
1.938712190790101847e-02
1.901126039540395121e-02
1.868154970137402351e-02
1.841390811232850033e-02
1.810944922361523018e-02
1.775337879685685155e-02
1.745022627664729806e-02
1.711124663334339865e-02
1.689310100488364622e-02
1.658118184516206225e-02
1.630183191923424701e-02
1.599518184224143699e-02
1.575596284400671704e-02
1.550223576370626626e-02
1.517480919975787435e-02
1.493372152000665629e-02
1.468147667217999629e-02
1.444492986612021940e-02
1.420998964598402421e-02
1.402299234317615564e-02
1.377092866995371923e-02
1.356489467434585094e-02
1.330330952024087396e-02
1.311382009694352785e-02
1.294556984724476965e-02
1.269079890544526357e-02
1.245983778848312740e-02
1.232752106012776488e-02
1.210630051116459022e-02
1.193710730434395344e-02
1.172599356016144206e-02
1.157311287615448228e-02
1.140899679856374922e-02
1.118218455882743004e-02
1.105941018857993161e-02
1.084772177250124467e-02
1.067625540611334169e-02
1.054139089840464352e-02
1.039454042632132792e-02
1.024941248539835287e-02
1.007287182426080084e-02
9.921228110324592162e-03
9.789533904287963523e-03
9.618619357235728973e-03
9.482745887013152922e-03
9.358928369125350810e-03
9.238066356861963230e-03
9.096750224940478372e-03
8.982524404302239668e-03
8.806956648593768436e-03
8.730366557836531996e-03
8.566302743973210759e-03
8.479354929644614472e-03
8.326177342096343151e-03
8.249617085559293045e-03
8.138837303267792284e-03
8.013157821842468997e-03
7.917227979633026380e-03
7.817676705075427696e-03
7.723627227824181665e-03
7.577250355156138657e-03
7.512084914371371623e-03
7.428054340649395751e-03
7.305843530455604154e-03
7.210114883375353875e-03
7.129133017966523406e-03
7.025756631046533793e-03
6.963295350666157991e-03
6.876511560520157280e-03
6.748709205770865062e-03
6.685519377235322851e-03
6.596881128381937645e-03
6.525573363760485933e-03
6.445100659620947754e-03
6.362193139735608863e-03
6.277174324030056207e-03
6.212376012699678471e-03
6.123843530542217271e-03
6.065644977265037367e-03
6.010823422693647652e-03
5.920410411548801197e-03
5.862895370228216052e-03
5.797882037935778513e-03
5.722377802943811112e-03
5.622813971014693074e-03
5.591360147576779002e-03
5.524406813201494792e-03
5.459978356375358791e-03
5.402809858904220053e-03
5.351567837526090797e-03
5.276556505239568887e-03
5.241847565514035773e-03
5.169134313240647538e-03
5.116528821410610932e-03
5.053925189422443787e-03
5.005227781715802446e-03
4.955982195679098194e-03
4.908669497352093590e-03
4.849356175633147761e-03
4.814996663131751106e-03
4.758582518552430078e-03
4.715440982836298887e-03
4.642632250324823205e-03
4.598586633452214287e-03
4.554592261440120957e-03
4.507609816035255956e-03
4.467449841671623095e-03
4.416609270963817516e-03
4.381314787431619777e-03
4.337124891811981395e-03
4.310061730328016392e-03
4.261054949369281336e-03
4.215807053842581670e-03
4.161285545444115899e-03
4.134048749809153545e-03
4.097954017692245245e-03
4.059265160700306629e-03
4.006962031475267902e-03
3.988223824824672047e-03
3.944188479683361989e-03
3.912328853737562923e-03
3.879783391952514645e-03
3.834252917324192968e-03
3.805178785580210464e-03
3.775379142258316386e-03
3.741252800449729101e-03
3.706577195494901479e-03
3.676135728484950828e-03
3.651610748958773918e-03
3.613207983551546855e-03
3.581430976162664620e-03
3.547949780710041648e-03
3.521821862668730353e-03
3.487264495110139421e-03
3.449292272329330597e-03
3.431697205058298946e-03
3.398420009296387531e-03
3.376180493913125136e-03
3.341349514201283517e-03
3.317515117058064678e-03
3.293389886268414425e-03
3.266632272512651983e-03
3.231574406032450362e-03
3.211437453981488832e-03
3.191652003559284061e-03
3.159800864756107368e-03
3.133937596925534443e-03
3.108177347050513923e-03
3.081459298031404611e-03
3.062952126900199846e-03
3.041546626656782028e-03
3.007173757650889647e-03
2.988883275305852238e-03
2.962673438421916262e-03
2.947482524206861913e-03
2.920504795911256155e-03
2.903449628502130335e-03
2.885889378143474421e-03
2.858757337089627877e-03
2.840051561244763458e-03
2.812703832110855645e-03
2.797585794352926321e-03
2.778860064398031796e-03
2.754999016877263639e-03
2.739118718018289812e-03
2.720635229896288532e-03
2.699946922715753140e-03
2.678127297695027682e-03
2.661919382575433576e-03
2.643638652167283089e-03
2.617509522999171383e-03
2.609951294667553056e-03
2.585272152733523315e-03
2.569212783186230684e-03
2.548830660234670947e-03
2.538095297175459349e-03
2.514356113679241510e-03
2.500909184629563319e-03
2.484824512968771253e-03
2.464337864192202646e-03
2.441007769899442622e-03
2.429860069882124659e-03
2.419337403669487730e-03
2.399660724040586675e-03
2.386843325104564401e-03
2.371279038139619075e-03
2.352335608215071292e-03
2.340348048717714666e-03
2.323011348897125426e-03
2.309320983535144509e-03
2.296689789975062124e-03
2.279526670230552516e-03
2.263487466261722165e-03
2.248590950213838566e-03
2.238965878146700634e-03
2.226373234938364577e-03
2.210927431209711285e-03
2.199880618310999167e-03
2.181154317455366067e-03
2.172033763345097932e-03
2.159934843250084849e-03
2.144664353632833639e-03
2.128526428859913670e-03
2.116718992998357658e-03
2.105597616056911498e-03
2.094176627171691427e-03
2.082173402945045482e-03
2.065666326903737877e-03
2.057193997199647205e-03
2.046297544904518949e-03
2.030211568169761321e-03
2.018030819832347493e-03
2.007595546660013303e-03
1.998310417169705134e-03
1.985301443302887534e-03
1.973531568073667690e-03
1.964760218921582976e-03
1.955057238810695673e-03
1.941606834472622747e-03
1.931577367824502270e-03
1.921909402037272254e-03
1.907364729966502543e-03
1.899747399205807541e-03
1.882938857888802981e-03
1.877816451771650505e-03
1.866372960445005467e-03
1.857130942691583237e-03
1.846775617392268105e-03
1.836396152910310837e-03
1.824698869371786615e-03
1.816778116306522802e-03
1.807995197013951769e-03
1.795010258385445947e-03
1.788031811127439126e-03
1.780250605079345501e-03
1.768548846419434970e-03
1.757478434359654833e-03
1.748225442599505176e-03
1.741561403672676426e-03
1.729761338036041665e-03
1.723054977104766360e-03
1.712681614677421778e-03
1.707084093999583279e-03
1.696693639343720963e-03
1.688241142750484874e-03
1.676750773447565832e-03
1.673061232315376347e-03
1.662186247733188739e-03
1.653493352932855487e-03
1.641705041518434988e-03
1.636226971430005403e-03
1.629662720719352292e-03
1.621132199390558489e-03
1.612452893226873222e-03
1.606560543354135055e-03
1.597261064511258091e-03
1.587921958445804227e-03
1.582151713781058738e-03
1.572800489724613792e-03
1.566627655294723772e-03
1.558211742813000447e-03
1.549203665781533285e-03
1.543967691046418695e-03
1.537565726714092400e-03
1.528995781467528932e-03
1.520839781878748987e-03
1.513631194480694877e-03
1.507888367807027003e-03
1.500827574927825550e-03
1.494938945659669187e-03
1.486043620010605183e-03
1.479385569167789016e-03
1.472874153696466246e-03
1.465463059139437887e-03
1.459030738915316787e-03
1.453157534939236847e-03
1.445947248401353033e-03
1.439223502849927170e-03
1.432258815882960423e-03
1.426708770435652614e-03
1.419298904307652242e-03
1.415006855037063407e-03
1.407826100243255579e-03
1.398917264683404924e-03
1.395388186530908568e-03
1.389786563697270995e-03
1.380829692992847435e-03
1.376575065136421538e-03
1.371654807298909942e-03
1.362773633270990183e-03
1.359962141286814646e-03
1.352128771919524361e-03
1.347031728306319603e-03
1.341570370743283992e-03
1.336190923233516450e-03
1.330177131691016260e-03
1.322423618868924728e-03
1.318079650169238538e-03
1.311934293888043519e-03
1.306253676651976912e-03
1.301650071924086594e-03
1.295863598526921130e-03
1.291436601997702311e-03
1.286100031284149840e-03
1.279383214015979240e-03
1.274736477731494176e-03
1.270034993503941188e-03
1.262637539155548379e-03
1.257593752801767530e-03
1.254915399418678147e-03
1.248174662876408610e-03
1.243142410530708635e-03
1.238314843416446834e-03
1.233974141796352316e-03
1.228810453438200067e-03
1.222529839491471541e-03
1.218222099909325963e-03
1.211699700128519939e-03
1.209563309763325321e-03
1.203311316174222097e-03
1.198421965062152665e-03
1.194682095985626861e-03
1.189099820141564139e-03
1.184837730223080136e-03
1.179380849906010642e-03
1.176400872587691961e-03
1.171076505648670782e-03
1.167610296164639386e-03
1.162029796483693639e-03
1.157627647684421335e-03
1.153700443450361409e-03
1.148196439025923670e-03
1.144896690937457703e-03
1.138888537767343253e-03
1.134947761602234052e-03
1.131765791273210220e-03
1.127075615891953925e-03
1.123126579157542352e-03
1.119093997185700590e-03
1.113473503821296555e-03
1.110170161904534217e-03
1.106396558257984053e-03
1.100670160551089774e-03
1.097882572299568090e-03
1.093866703566163858e-03
1.089681238401681105e-03
1.086017268389696203e-03
1.080395308948936799e-03
1.077891674998682041e-03
1.073577370654675176e-03
1.068923020036891035e-03
1.065492410445585854e-03
1.061384702319628521e-03
1.057945450040278937e-03
1.053787341981660478e-03
1.050534271344076868e-03
1.046837194327963558e-03
1.042663631000323270e-03
1.038614617253188002e-03
1.035305041586980206e-03
1.031796033843420442e-03
1.027865406678756628e-03
1.024461828026687745e-03
1.020435917074792066e-03
1.017105216014897512e-03
1.013634363043820503e-03
1.010238372924504753e-03
1.006891549768624931e-03
1.003403635433642270e-03
9.998424316290765827e-04
9.960811821365495554e-04
9.924935010785702373e-04
9.894616535748356010e-04
9.847895643324590387e-04
9.825300053926185485e-04
9.776932999084237980e-04
9.760138171550352282e-04
9.727007224573753445e-04
9.687073772074654247e-04
9.661943235259968718e-04
9.617559976613847218e-04
9.591771227569551765e-04
9.561565922049339609e-04
9.531012842780910111e-04
9.494471072684973261e-04
9.457581667811610325e-04
9.433430185454198900e-04
9.406821878510527235e-04
9.367074130568653519e-04
9.343772616412025344e-04
9.311344694870058239e-04
9.280084654892562131e-04
9.244451788836159038e-04
9.222162937221582571e-04
9.186193285713671304e-04
9.161075971787795060e-04
9.127664317347808148e-04
9.105881686555222093e-04
9.069936131418217468e-04
9.046145346146658873e-04
9.009986246237530793e-04
8.983870719384868002e-04
8.949292884499299942e-04
8.924193185521289923e-04
8.892335495038424008e-04
8.869113734253915131e-04
8.840439214109210245e-04
8.812361268064705742e-04
8.783475188392913255e-04
8.759772824705578005e-04
8.727624575258232341e-04
8.707362574350554704e-04
8.671915974555303736e-04
8.643995760066900064e-04
8.620635314364335318e-04
8.596142782334937260e-04
8.561065248795785270e-04
8.548018473520642511e-04
8.518662779824808439e-04
8.485544841969385734e-04
8.465414740785491207e-04
8.428464835160411842e-04
8.406107593036722279e-04
8.382112699036952611e-04
8.363895313377724908e-04
8.335528520110528465e-04
8.315226474951486558e-04
8.286456347559578977e-04
8.260879953450057239e-04
8.238393377687316423e-04
8.213704455702100461e-04
8.185222048196010795e-04
8.159161415678681858e-04
8.132958401401992835e-04
8.118281449860660203e-04
8.091341124163590809e-04
8.062009509158087409e-04
8.043412544939201620e-04
8.021437284623971278e-04
7.988678808178520125e-04
7.967090691963676485e-04
7.948816859716317058e-04
7.925447094603441578e-04
7.903330820554401847e-04
7.885420179227366861e-04
7.856806046911515070e-04
7.834412344527664010e-04
7.797612071735784403e-04
7.788885017653229088e-04
7.762164955565822432e-04
7.744896803924348344e-04
7.716979011456715463e-04
7.703131648886483171e-04
7.677212519920430809e-04
7.655991022911621396e-04
7.631358323997119476e-04
7.611489147093380156e-04
7.593687259650324034e-04
7.571548099367646917e-04
7.548371268057962880e-04
7.522287165047601134e-04
7.511123878502984959e-04
7.486396469175815149e-04
7.467735919926781320e-04
7.446045464021153410e-04
7.423546608479227992e-04
7.399182148074033094e-04
7.385572892671916174e-04
7.365047617931849786e-04
7.339479692745953581e-04
7.319083382608368481e-04
7.295802369044394973e-04
7.284855389661970462e-04
7.264801464334595931e-04
7.241787305247271000e-04
7.225510617572581491e-04
7.201255820982623403e-04
7.184554031264269933e-04
7.166492336982628652e-04
7.149033642781432631e-04
7.120301442919298564e-04
7.098192089615622345e-04
7.085703537159133850e-04
7.069599280075635405e-04
7.049831330659799564e-04
7.030776029860135281e-04
7.008729410736123282e-04
6.995692366763250599e-04
6.972119151178048741e-04
6.949313059449195498e-04
6.942205103987362461e-04
6.920368522987701198e-04
6.900703071587486158e-04
6.885509978455956609e-04
6.864001539215678618e-04
6.853241119824815151e-04
6.827646044548600635e-04
6.809763081546407141e-04
6.795501262167818286e-04
6.780560407059965308e-04
6.749667963304091002e-04
6.746142857591621309e-04
6.723787548689870398e-04
6.706070831569377550e-04
6.693356731921084636e-04
6.672903599101118752e-04
6.661528361291857870e-04
6.631147276348201480e-04
6.624256283976137985e-04
6.604773698636563295e-04
6.590500643942505659e-04
6.571692001889460231e-04
6.559835024381754399e-04
6.540170398220652515e-04
6.521484202385182099e-04
6.505094097228721279e-04
6.492066078790230963e-04
6.473466274037491036e-04
6.461699293868150519e-04
6.440281557588605019e-04
6.423140192491701324e-04
6.412935817643302056e-04
6.394442686723778285e-04
6.375101601224741855e-04
6.362037567741935570e-04
6.352081455697771058e-04
6.329285831889137686e-04
6.318652403424494021e-04
6.302791374910157252e-04
6.287015663692727260e-04
6.271159139578230809e-04
6.250785737938712979e-04
6.239928745926591165e-04
6.224261013267096436e-04
6.206920582480961786e-04
6.197451215848560034e-04
6.178987915918697157e-04
6.166843760584015885e-04
6.149597160692792759e-04
6.139959750726120546e-04
6.121483431343222471e-04
6.108183402975556021e-04
6.092428473166365240e-04
6.074005655536894024e-04
6.061170585016953339e-04
6.051311962364707212e-04
6.036640358943258814e-04
6.020759414532222227e-04
6.008282282273285030e-04
5.988701861788285835e-04
5.981270258198492437e-04
5.963349685480352986e-04
5.950507997040403643e-04
5.935989166609942662e-04
5.920557256613392548e-04
5.908972202014411241e-04
5.894812278420431817e-04
5.878665539639769434e-04
5.866450951725710010e-04
5.855113759462255785e-04
5.835640257428166902e-04
5.829075839719735554e-04
5.814792814489920221e-04
5.800365671457257018e-04
5.788809467267129081e-04
5.772604944068006685e-04
5.760279486421495407e-04
5.749818329495611207e-04
5.732844303129240419e-04
5.718761643947800405e-04
5.709619330737041682e-04
5.694506918807746686e-04
5.684388847585069042e-04
5.669407300592866142e-04
5.658235687951673450e-04
5.645363211806398406e-04
5.631703080289298270e-04
5.620289454236626495e-04
5.607449331873795399e-04
5.592929484409979099e-04
5.583940088545205583e-04
5.570070804242277041e-04
5.556745388166745795e-04
5.544364769593812265e-04
5.533987505696131648e-04
5.521990487468428962e-04
5.507340952826780042e-04
5.498288578237406788e-04
5.480838395887985401e-04
5.475802313740132498e-04
5.458951720211189379e-04
5.446756275996448866e-04
5.437859724770532834e-04
5.424247422342886888e-04
5.414620835654204668e-04
5.400697121658594967e-04
5.386828783230157352e-04
5.376189075323055053e-04
5.366776681912597538e-04
5.353045085794292312e-04
5.345811590741504551e-04
5.332790011452744148e-04
5.319724691653390878e-04
5.310491599229863295e-04
5.299221618333831195e-04
5.286187122983392484e-04
5.275401731450983641e-04
5.260196325398283157e-04
5.247810067958198635e-04
5.241786665137624030e-04
5.230826296319719031e-04
5.220795594941591731e-04
5.208904002211056953e-04
5.198292475688503752e-04
5.187619585703942462e-04
5.174022469727788476e-04
5.164996880339458056e-04
5.155075756774749919e-04
5.144796704844339019e-04
5.133344910573213807e-04
5.122162049810868086e-04
5.112468959050602392e-04
5.100170694931875507e-04
5.091374059120425859e-04
5.076419387769420073e-04
5.070998832525220159e-04
5.058687347845989722e-04
5.049104588106274188e-04
5.038599903127760670e-04
5.029119823593646271e-04
5.015812420897418833e-04
5.008466157596558246e-04
4.996344078244873907e-04
4.986146995070157677e-04
4.977918655786197711e-04
4.968748391693224775e-04
4.956764936068793446e-04
4.945821935107233168e-04
4.933375011896714126e-04
4.927819635086052273e-04
4.917249627760611561e-04
4.903717543820676353e-04
4.897830581030575585e-04
4.887494724389398765e-04
4.878513592557283309e-04
4.867844640248222355e-04
4.859269671214861081e-04
4.848563669947907116e-04
4.836472621827852202e-04
4.827210919320350387e-04
4.819195202799164582e-04
4.810526044093421704e-04
4.802138751983875626e-04
4.791315049878903617e-04
4.778266500579775419e-04
4.770741548272781343e-04
4.762958990249899303e-04
4.753558336378773752e-04
4.743664106063078976e-04
4.734512942086439424e-04
4.726057010848307800e-04
4.716814070270629864e-04
4.707569472957402398e-04
4.697665984531340416e-04
4.690657489118166311e-04
4.679746411347877996e-04
4.668832576135173462e-04
4.661061873630387522e-04
4.652942836473812388e-04
4.642673093476332624e-04
4.634764937509316799e-04
4.623756788496393745e-04
4.618419969774549636e-04
4.610083589941496216e-04
4.599336320534348614e-04
4.591921089304378347e-04
4.582924376954906464e-04
4.574234449682990111e-04
4.561458642929210093e-04
4.556088387180352688e-04
4.546762340469285885e-04
4.537439164269016999e-04
4.529317905980860797e-04
4.521474275970831409e-04
4.512053004291374466e-04
4.502044934415607791e-04
4.494968022954708565e-04
4.484579347918042722e-04
4.478550412022741642e-04
4.469902017517597497e-04
4.462226922260015337e-04
4.453259143338072850e-04
4.446047754681785769e-04
4.437778955980320591e-04
4.429995812388369731e-04
4.421208910935092587e-04
4.413098272634670112e-04
4.404417760961223385e-04
4.396363182604545879e-04
4.388272376454551587e-04
4.380601823650067663e-04
4.373416823073057605e-04
4.364069361181464012e-04
4.356214684230508044e-04
4.349703936095466127e-04
4.340168913040542845e-04
4.331721923226723335e-04
4.324928423229721470e-04
4.317120936320861910e-04
4.306749383285932956e-04
4.301984842604724508e-04
4.293299066048348201e-04
4.284146871796110740e-04
4.277710459282388811e-04
4.270845246210228856e-04
4.263422441654256354e-04
4.256070318951969797e-04
4.247296804387588236e-04
4.240157426247605937e-04
4.231984699727036128e-04
4.221192921104375520e-04
4.217324844794347809e-04
4.208743520139250714e-04
4.201117106276797239e-04
4.192349246732192240e-04
4.187322281795786950e-04
4.179444687179056971e-04
4.171781970289884845e-04
4.162922056711977560e-04
4.157932115849689685e-04
4.148422636426403356e-04
4.144458587252301861e-04
4.135731258502346719e-04
4.125308612201479129e-04
4.122246223196270802e-04
4.113440159271704007e-04
4.106168370635714386e-04
4.099790395630407091e-04
4.091886027963482640e-04
4.082674499077256847e-04
4.076446236213087022e-04
4.069182153034489342e-04
4.063909748147125295e-04
4.056437919498421499e-04
4.051916517855715908e-04
4.042784207413205756e-04
4.036243703449145085e-04
4.029462102334946220e-04
4.022510951181174923e-04
4.015191383841738328e-04
4.007992235492565487e-04
4.001813464856240963e-04
3.993160342724877171e-04
3.987165063954307650e-04
3.981895873439498081e-04
3.974684896311373350e-04
3.966064172564074623e-04
3.960557111422531324e-04
3.953296804174897486e-04
3.947905802706373193e-04
3.939402804244309764e-04
3.934688798763090814e-04
3.927496656033326668e-04
3.919983515515923717e-04
3.914023225952405639e-04
3.905925249782740043e-04
3.900529638922307875e-04
3.893999584106495795e-04
3.887266929596080349e-04
3.882247190194902707e-04
3.874122035340405975e-04
3.868992607749532908e-04
3.860291175587917756e-04
3.855582650721771907e-04
3.849570699894684384e-04
3.839352197173866621e-04
3.837024152380763792e-04
3.831075245980173597e-04
3.822756398258206974e-04
3.817233101690362790e-04
3.808080322778550886e-04
3.803766446799272585e-04
3.798641692119417612e-04
3.791847263928502959e-04
3.785374332437640770e-04
3.778765699971699862e-04
3.773633206437807582e-04
3.768419653933960758e-04
3.759680280854808972e-04
3.755467902810778681e-04
3.749669505123165479e-04
3.743037981330416832e-04
3.735997785406652708e-04
3.732015823843539922e-04
3.723577519704122343e-04
3.718332781427307059e-04
3.713299036026000742e-04
3.707156017117085932e-04
3.699811199257965278e-04
3.694883032076177153e-04
3.689977571339113707e-04
3.682798296722467057e-04
3.676957579591544475e-04
3.670126117140171161e-04
3.663160753712872762e-04
3.660453174088615738e-04
3.653970926170586604e-04
3.648123579259845354e-04
3.640551571843389056e-04
3.632759765387163532e-04
3.630577406584052300e-04
3.624782551632960994e-04
3.619107895210618188e-04
3.613644963479601064e-04
3.606803225702605916e-04
3.600991202347359138e-04
3.595104658743366721e-04
3.590164371416903924e-04
3.584257647962658662e-04
3.579224415952921728e-04
3.573545172694139282e-04
3.568603376479586599e-04
3.561409511021338607e-04
3.556528826375142676e-04
3.551523080350307143e-04
3.545719059111433866e-04
3.540859067506971734e-04
3.533662556146737192e-04
3.530078673356911324e-04
3.523314823105465885e-04
3.518082509472151057e-04
3.512168279703473464e-04
3.506921692896867028e-04
3.503057194611756140e-04
3.496775290404912175e-04
3.491457131385686838e-04
3.484987666015513185e-04
3.480422949432977709e-04
3.473172023150254998e-04
3.469780099294439424e-04
3.464388097709161394e-04
3.459628754717414397e-04
3.451980124154943163e-04
3.449450941843679175e-04
3.444357096886960798e-04
3.438857380679110330e-04
3.432065269589657007e-04
3.428226362411805682e-04
3.422247919224901173e-04
3.417535299595328879e-04
3.412847711733775101e-04
3.407672092580469377e-04
3.402010122954379876e-04
3.397248508263146370e-04
3.390921544123557166e-04
3.386603017861489272e-04
3.381589777345652640e-04
3.377101172809489132e-04
3.370959273161133665e-04
3.365922343946294980e-04
3.362060469080461046e-04
3.357303704033256456e-04
3.351004538999404880e-04
3.346319724441855080e-04
3.341101043188246132e-04
3.337025183063815491e-04
3.331722127913962802e-04
3.327090303137083464e-04
3.321458134814747804e-04
3.317044012219412443e-04
3.311388551228446856e-04
3.307073879550444088e-04
3.302219807701476132e-04
3.297135570319369396e-04
3.291234541829908176e-04
3.287356501241447612e-04
3.282457787063321761e-04
3.278218132691108596e-04
3.270153375851805118e-04
3.268360299844061791e-04
3.263978522227262255e-04
3.259803151522646563e-04
3.254284790382371397e-04
3.248216343781678206e-04
3.244091117012430940e-04
3.239043928188038734e-04
3.235578719104523996e-04
3.230606734214234023e-04
3.225725009469897556e-04
3.221644268924137803e-04
3.215637849498307449e-04
3.212950835441006530e-04
3.207159735757159308e-04
