8.985200000000010956e-01
9.646600000000024044e-01
9.801800000000048252e-01
9.851600000000052537e-01
9.888600000000034029e-01
9.912400000000033407e-01
9.917600000000031946e-01
9.938800000000028723e-01
9.952800000000019409e-01
9.959200000000022479e-01
9.960800000000020749e-01
9.965200000000015157e-01
9.970400000000017027e-01
9.976000000000011525e-01
9.973800000000014876e-01
9.980400000000010374e-01
9.981600000000010464e-01
9.983800000000009334e-01
9.982600000000008134e-01
9.986400000000008603e-01
