6.358915860652923913e-01
4.170209880471229535e-01
3.600526786148547931e-01
3.209386126101017034e-01
2.949991132020950424e-01
2.751738705337047342e-01
2.536438843011856181e-01
2.406724721789360033e-01
2.282473188936710307e-01
2.154250297844410023e-01
2.060873596072196889e-01
1.969299101084470704e-01
1.899563515782356216e-01
1.836059420555830046e-01
1.765153271853923678e-01
1.725773501098155915e-01
1.693344937860965793e-01
1.592654935717582598e-01
1.555182616710662769e-01
1.501434035152196811e-01
1.488467178344726471e-01
1.457623086124658629e-01
1.402698826491832751e-01
1.382305993288755475e-01
1.342588135898113155e-01
1.326254972368478835e-01
1.285112649500370074e-01
1.272652345299720711e-01
1.259202260673046025e-01
1.230849464684724837e-01
1.220057475864887303e-01
1.152442548722028698e-01
1.154138863384723684e-01
1.126555643528699829e-01
1.118851741254329735e-01
1.101352529227733607e-01
1.077271210253238631e-01
1.046672012507915556e-01
1.052585049569606801e-01
1.055851787924766555e-01
1.016837477087974562e-01
1.001656470447778724e-01
9.676261945068835579e-02
9.660127888619900183e-02
9.664599010348319530e-02
9.444855619966983917e-02
9.407443869858980734e-02
9.321346694231033569e-02
9.177328857779502858e-02
8.886353714764118339e-02
8.814147600531578586e-02
8.764148230105638093e-02
8.694235032051801648e-02
8.512092871963977680e-02
8.550322345644235933e-02
8.311197050660848462e-02
8.225856660306453405e-02
8.194954797625542131e-02
8.023127939552068821e-02
8.045435298234224208e-02
8.072760851681232142e-02
7.871027652174233946e-02
7.739934032410383802e-02
7.728342527896166214e-02
7.585598941147327079e-02
7.508065924048423767e-02
7.560414433479309415e-02
7.345211128890515029e-02
7.329572311043738853e-02
7.195743190497159991e-02
7.141284321993589257e-02
7.151972297579049787e-02
7.065229208022355545e-02
7.067853163927793891e-02
7.009322633594274043e-02
6.931616966426372428e-02
6.857388436794281672e-02
6.746800197660922371e-02
6.731543748080730249e-02
6.616580362617970057e-02
6.473989559710026376e-02
6.544705723226069971e-02
6.491890618950128811e-02
6.497506894171238556e-02
6.431917744129896086e-02
6.465248635411262323e-02
6.280194245278834797e-02
6.224272151291370542e-02
6.244427918642759395e-02
6.136804077774286187e-02
6.139822039753198291e-02
6.076603382825851440e-02
6.076064071804285205e-02
6.035430122911929901e-02
5.992806921154260336e-02
6.029050183296203597e-02
5.926310189813375345e-02
5.883918674290180423e-02
5.820243626087903688e-02
5.841851855814456790e-02
5.805647183209657752e-02
5.753257560729980319e-02
5.667005512118339361e-02
5.688375917077064664e-02
5.569951795041561127e-02
5.617078750580549451e-02
5.596148495376110366e-02
5.497679010778665221e-02
5.469647558778524543e-02
5.485718246549367572e-02
5.439936821162700414e-02
5.406049392372369589e-02
5.327003154903650617e-02
5.363889522850513736e-02
5.389264102280139773e-02
5.302116030454635809e-02
5.310244676470756570e-02
5.215913458168506406e-02
5.233514340966939626e-02
5.200042097270488745e-02
5.131712844967842302e-02
5.144311121106148049e-02
5.098063407093286759e-02
5.056304536014795403e-02
5.101578663289547261e-02
5.062494550645351560e-02
5.036120416224002666e-02
4.990220588445663796e-02
4.923044133186340460e-02
4.951089666783809601e-02
4.936933553218841864e-02
4.956365267187357038e-02
4.895430410653352910e-02
4.876201374828815355e-02
4.839377389103174248e-02
4.813697753846645638e-02
4.780545911192893987e-02
4.763038363307714462e-02
4.734546822309494002e-02
4.727218985557556097e-02
4.738526986539363939e-02
4.676161413639783743e-02
4.697295852005481387e-02
4.671364447474479764e-02
4.586231076717376537e-02
4.646001726388931247e-02
4.578193315118551238e-02
4.610702383518219122e-02
4.546843912452459141e-02
4.595866832137107671e-02
4.563375607132911377e-02
4.514305589348077685e-02
4.503698790073394631e-02
4.483317585289478546e-02
4.460708106309175386e-02
4.445495268702506775e-02
4.441912097483873695e-02
4.411586231738329200e-02
4.354448937624692817e-02
4.449459969252347880e-02
4.368791851401328946e-02
4.345644246041775044e-02
4.310067743062973022e-02
4.295096597820520501e-02
4.319499258697032801e-02
4.285867702960968056e-02
4.298178281635046255e-02
4.259179763495921783e-02
4.270733615756034524e-02
4.261105424910784090e-02
4.226931121945381314e-02
4.236145876348018646e-02
4.198538334667682725e-02
4.187699836492538713e-02
4.176275143772363585e-02
4.135124933719634688e-02
4.135219894349575348e-02
4.127694228291511197e-02
4.118908567726611847e-02
4.139418248087167740e-02
4.079605259001255202e-02
4.072020150721072929e-02
4.080307007580995238e-02
4.074668437987565700e-02
4.040972363948822088e-02
4.062127305567264646e-02
4.023992889374494730e-02
4.017181494832038763e-02
3.991613473743200330e-02
3.998321901261806671e-02
3.993129799515009182e-02
3.932334816455840959e-02
3.963435143232345303e-02
3.919837237894534948e-02
3.928165846318006776e-02
3.898004585132002625e-02
3.890173944458365229e-02
3.857301398366689421e-02
3.838192238658666433e-02
3.848654888197779872e-02
