6.000000000000000000e+03
1.200000000000000000e+04
1.800000000000000000e+04
2.400000000000000000e+04
3.000000000000000000e+04
3.600000000000000000e+04
4.200000000000000000e+04
4.800000000000000000e+04
5.400000000000000000e+04
6.000000000000000000e+04
6.600000000000000000e+04
7.200000000000000000e+04
7.800000000000000000e+04
8.400000000000000000e+04
9.000000000000000000e+04
9.600000000000000000e+04
1.020000000000000000e+05
1.080000000000000000e+05
1.140000000000000000e+05
1.200000000000000000e+05
1.260000000000000000e+05
1.320000000000000000e+05
1.380000000000000000e+05
1.440000000000000000e+05
1.500000000000000000e+05
1.560000000000000000e+05
1.620000000000000000e+05
1.680000000000000000e+05
1.740000000000000000e+05
1.800000000000000000e+05
1.860000000000000000e+05
1.920000000000000000e+05
1.980000000000000000e+05
2.040000000000000000e+05
2.100000000000000000e+05
2.160000000000000000e+05
2.220000000000000000e+05
2.280000000000000000e+05
2.340000000000000000e+05
2.400000000000000000e+05
2.460000000000000000e+05
2.520000000000000000e+05
2.580000000000000000e+05
2.640000000000000000e+05
2.700000000000000000e+05
2.760000000000000000e+05
2.820000000000000000e+05
2.880000000000000000e+05
2.940000000000000000e+05
3.000000000000000000e+05
3.060000000000000000e+05
3.120000000000000000e+05
3.180000000000000000e+05
3.240000000000000000e+05
3.300000000000000000e+05
3.360000000000000000e+05
3.420000000000000000e+05
3.480000000000000000e+05
3.540000000000000000e+05
3.600000000000000000e+05
3.660000000000000000e+05
3.720000000000000000e+05
3.780000000000000000e+05
3.840000000000000000e+05
3.900000000000000000e+05
3.960000000000000000e+05
4.020000000000000000e+05
4.080000000000000000e+05
4.140000000000000000e+05
4.200000000000000000e+05
4.260000000000000000e+05
4.320000000000000000e+05
4.380000000000000000e+05
4.440000000000000000e+05
4.500000000000000000e+05
4.560000000000000000e+05
4.620000000000000000e+05
4.680000000000000000e+05
4.740000000000000000e+05
4.800000000000000000e+05
4.860000000000000000e+05
4.920000000000000000e+05
4.980000000000000000e+05
5.040000000000000000e+05
5.100000000000000000e+05
5.160000000000000000e+05
5.220000000000000000e+05
5.280000000000000000e+05
5.340000000000000000e+05
5.400000000000000000e+05
5.460000000000000000e+05
5.520000000000000000e+05
5.580000000000000000e+05
5.640000000000000000e+05
5.700000000000000000e+05
5.760000000000000000e+05
5.820000000000000000e+05
5.880000000000000000e+05
5.940000000000000000e+05
6.000000000000000000e+05
