8.753600014150142439e-01
9.354999994039535638e-01
9.461600021123885984e-01
9.550000040531158030e-01
9.616200033426284266e-01
9.640200058221817248e-01
9.667000061273575140e-01
9.690800074338913328e-01
9.715000090599059668e-01
9.748400099277496622e-01
9.747200093269348109e-01
9.760000102519988951e-01
9.758400095701217358e-01
9.796600111722946203e-01
9.799000097513198559e-01
9.810800100564956994e-01
9.810600115060805759e-01
9.821400116682053039e-01
9.835400109291076998e-01
9.836600117683410582e-01
9.846400111913681252e-01
9.848200095891952444e-01
9.858400098085403629e-01
9.866200089454650879e-01
9.865800091028213981e-01
9.879000089168548104e-01
9.886200087070464715e-01
9.890200088024139191e-01
9.887200077772140272e-01
9.900000079870223679e-01
9.903200073242187651e-01
9.905200074911117980e-01
9.913600072860717649e-01
9.912600071430206494e-01
9.916000068187713623e-01
9.920400069952011179e-01
9.925800063610077384e-01
9.922800066471100244e-01
9.933000056743621631e-01
9.929600067138671937e-01
9.928800065517425777e-01
9.936800056695938022e-01
9.936800056695938022e-01
9.936400058269501123e-01
9.945200049877166437e-01
9.952400044202804885e-01
9.946400048732757515e-01
9.950800045728683818e-01
9.951400046348571893e-01
9.952400045394897976e-01
9.955200041532517030e-01
9.959800037145614127e-01
9.956800040006638097e-01
9.954800041913985931e-01
9.960200037956238317e-01
9.957000041007995073e-01
9.967000031471252575e-01
9.964600033760070419e-01
9.963800034523010440e-01
9.963000035285949352e-01
9.968600029945373642e-01
9.971200027465820792e-01
9.973400025367736843e-01
9.970600028038024698e-01
9.976000022888183993e-01
9.973600025177001838e-01
9.973000025749206854e-01
9.975200023651122905e-01
9.977800021171570055e-01
9.977400021553040066e-01
9.977800021171570055e-01
9.976800022125243972e-01
9.978000020980835050e-01
9.980200018882751101e-01
9.981200017929077184e-01
9.979400019645691122e-01
9.982800016403198251e-01
9.982200016975403267e-01
9.984600014686584313e-01
9.980200018882751101e-01
9.984800014495849307e-01
9.987000012397766469e-01
9.985800013542175391e-01
9.985000014305114302e-01
9.989800009727477503e-01
9.986200013160705380e-01
9.984000015258789329e-01
9.990400009155273597e-01
9.986800012588501474e-01
9.986400012969970374e-01
9.990200009346008603e-01
9.988000011444091442e-01
9.988000011444091442e-01
9.988400011062622541e-01
9.991400008201598570e-01
9.991600008010864675e-01
9.991600008010864675e-01
9.990000009536743608e-01
9.991400008201598570e-01
9.988600010871887536e-01
9.991600008010864675e-01
9.991200008392333576e-01
9.990600008964538592e-01
9.993800005912780726e-01
9.993800005912780726e-01
9.992800006866454643e-01
9.991800007820129670e-01
9.991800007820129670e-01
9.994000005722045721e-01
9.993400006294250737e-01
9.993200006484985742e-01
9.994200005531310715e-01
9.993200006484985742e-01
9.992800006866454643e-01
9.992200007438659659e-01
9.994400005340575710e-01
9.992400007247924654e-01
9.994200005531310715e-01
9.993600006103515732e-01
9.994000005722045721e-01
9.994400005340575710e-01
9.994400005340575710e-01
9.995000004768371804e-01
9.996400003433227877e-01
9.994600005149841815e-01
9.994000005722045721e-01
9.995800004005431783e-01
9.995000004768371804e-01
9.995400004386901793e-01
9.996400003433227877e-01
9.998000001907348944e-01
9.996000003814696777e-01
9.996600003242492871e-01
9.996400003433227877e-01
9.998000001907348944e-01
9.996200003623962882e-01
9.996600003242492871e-01
9.996600003242492871e-01
9.996000003814696777e-01
9.998400001525878933e-01
9.998200001716613938e-01
9.996400003433227877e-01
9.997000002861022860e-01
9.997000002861022860e-01
9.996200003623962882e-01
9.998800001144408922e-01
9.997800002098083949e-01
9.997600002288817844e-01
9.997200002670287855e-01
9.997600002288817844e-01
9.997200002670287855e-01
9.998200001716613938e-01
9.997800002098083949e-01
9.998200001716613938e-01
9.998000001907348944e-01
9.998000001907348944e-01
9.999000000953673917e-01
9.997400002479552850e-01
9.998600001335143928e-01
9.997800002098083949e-01
9.998400001525878933e-01
9.998000001907348944e-01
9.998400001525878933e-01
9.999200000762938911e-01
9.998400001525878933e-01
9.998600001335143928e-01
9.998200001716613938e-01
9.999200000762938911e-01
9.998800001144408922e-01
9.998000001907348944e-01
9.998600001335143928e-01
9.997600002288817844e-01
9.998200001716613938e-01
9.998600001335143928e-01
9.998000001907348944e-01
9.999400000572205016e-01
9.998200001716613938e-01
9.999400000572205016e-01
9.999400000572205016e-01
9.998400001525878933e-01
9.999400000572205016e-01
9.998600001335143928e-01
9.999400000572205016e-01
9.999600000381470011e-01
9.999600000381470011e-01
9.998600001335143928e-01
9.998400001525878933e-01
9.998400001525878933e-01
9.998200001716613938e-01
9.999800000190735005e-01
9.998600001335143928e-01
9.998800001144408922e-01
9.998600001335143928e-01
9.998800001144408922e-01
9.999200000762938911e-01
9.998400001525878933e-01
9.999400000572205016e-01
9.998800001144408922e-01
9.999400000572205016e-01
9.999600000381470011e-01
