9.628800059556961166e-01
9.871200093030929601e-01
9.917000069618224778e-01
9.943400053977966557e-01
9.955000042915344016e-01
9.968400030136108647e-01
9.972600026130675754e-01
9.979800019264221111e-01
9.982600016593933256e-01
9.986400012969970374e-01
9.988800010681152530e-01
9.992200007438659659e-01
9.991600008010864675e-01
9.995200004577636799e-01
9.995400004386901793e-01
9.996400003433227877e-01
9.997200002670287855e-01
9.997400002479552850e-01
9.997800002098083949e-01
9.997800002098083949e-01
9.998400001525878933e-01
9.998400001525878933e-01
9.998600001335143928e-01
9.998400001525878933e-01
9.998800001144408922e-01
9.998600001335143928e-01
9.998800001144408922e-01
9.998800001144408922e-01
9.998800001144408922e-01
9.998800001144408922e-01
9.999000000953673917e-01
9.999000000953673917e-01
9.999000000953673917e-01
9.999200000762938911e-01
9.999400000572205016e-01
9.999400000572205016e-01
9.999000000953673917e-01
9.999200000762938911e-01
9.999400000572205016e-01
9.999600000381470011e-01
9.999600000381470011e-01
9.999600000381470011e-01
9.999800000190735005e-01
9.999800000190735005e-01
9.999800000190735005e-01
9.999400000572205016e-01
9.999800000190735005e-01
9.999600000381470011e-01
9.999800000190735005e-01
9.999800000190735005e-01
9.999800000190735005e-01
9.999800000190735005e-01
9.999800000190735005e-01
9.999800000190735005e-01
9.999800000190735005e-01
9.999800000190735005e-01
9.999800000190735005e-01
9.999800000190735005e-01
9.999800000190735005e-01
9.999800000190735005e-01
9.999800000190735005e-01
9.999800000190735005e-01
9.999800000190735005e-01
9.999800000190735005e-01
9.999800000190735005e-01
9.999800000190735005e-01
9.999800000190735005e-01
9.999800000190735005e-01
9.999800000190735005e-01
9.999800000190735005e-01
9.999800000190735005e-01
9.999800000190735005e-01
9.999800000190735005e-01
9.999800000190735005e-01
9.999800000190735005e-01
9.999800000190735005e-01
9.999800000190735005e-01
9.999800000190735005e-01
9.999800000190735005e-01
9.999800000190735005e-01
9.999800000190735005e-01
9.999800000190735005e-01
9.999800000190735005e-01
9.999800000190735005e-01
9.999800000190735005e-01
9.999800000190735005e-01
9.999800000190735005e-01
9.999800000190735005e-01
9.999800000190735005e-01
9.999800000190735005e-01
9.999800000190735005e-01
9.999800000190735005e-01
9.999800000190735005e-01
9.999800000190735005e-01
9.999800000190735005e-01
9.999800000190735005e-01
9.999800000190735005e-01
9.999800000190735005e-01
9.999800000190735005e-01
9.999800000190735005e-01
9.999800000190735005e-01
9.999800000190735005e-01
9.999800000190735005e-01
9.999800000190735005e-01
9.999800000190735005e-01
9.999800000190735005e-01
9.999800000190735005e-01
9.999800000190735005e-01
9.999800000190735005e-01
9.999800000190735005e-01
9.999800000190735005e-01
9.999800000190735005e-01
9.999800000190735005e-01
9.999800000190735005e-01
9.999800000190735005e-01
9.999800000190735005e-01
9.999800000190735005e-01
9.999800000190735005e-01
9.999800000190735005e-01
9.999800000190735005e-01
9.999800000190735005e-01
9.999800000190735005e-01
9.999800000190735005e-01
9.999800000190735005e-01
9.999800000190735005e-01
9.999800000190735005e-01
9.999800000190735005e-01
9.999800000190735005e-01
9.999800000190735005e-01
9.999800000190735005e-01
9.999800000190735005e-01
9.999800000190735005e-01
9.999800000190735005e-01
9.999800000190735005e-01
9.999800000190735005e-01
9.999800000190735005e-01
9.999800000190735005e-01
9.999800000190735005e-01
9.999800000190735005e-01
9.999800000190735005e-01
9.999800000190735005e-01
9.999800000190735005e-01
9.999800000190735005e-01
9.999800000190735005e-01
9.999800000190735005e-01
9.999800000190735005e-01
9.999800000190735005e-01
9.999800000190735005e-01
9.999800000190735005e-01
9.999800000190735005e-01
9.999800000190735005e-01
9.999800000190735005e-01
9.999800000190735005e-01
9.999800000190735005e-01
9.999800000190735005e-01
9.999800000190735005e-01
9.999800000190735005e-01
9.999800000190735005e-01
9.999800000190735005e-01
9.999800000190735005e-01
9.999800000190735005e-01
9.999800000190735005e-01
9.999800000190735005e-01
9.999800000190735005e-01
9.999800000190735005e-01
9.999800000190735005e-01
9.999800000190735005e-01
9.999800000190735005e-01
9.999800000190735005e-01
9.999800000190735005e-01
9.999800000190735005e-01
9.999800000190735005e-01
9.999800000190735005e-01
9.999800000190735005e-01
9.999800000190735005e-01
9.999800000190735005e-01
9.999800000190735005e-01
9.999800000190735005e-01
9.999800000190735005e-01
9.999800000190735005e-01
9.999800000190735005e-01
9.999800000190735005e-01
9.999800000190735005e-01
9.999800000190735005e-01
9.999800000190735005e-01
9.999800000190735005e-01
9.999800000190735005e-01
9.999800000190735005e-01
9.999800000190735005e-01
9.999800000190735005e-01
9.999800000190735005e-01
1.000000000000000000e+00
9.999800000190735005e-01
9.999800000190735005e-01
9.999800000190735005e-01
9.999800000190735005e-01
1.000000000000000000e+00
9.999800000190735005e-01
9.999800000190735005e-01
9.999800000190735005e-01
