8.900204143971204296e-01
4.458869227170944027e-01
2.835167946591973243e-01
2.639274644628167299e-01
2.448859885968267813e-01
1.922444331645965510e-01
2.064432304352522007e-01
1.896791011765599222e-01
1.708850579261779745e-01
1.409163860511034594e-01
1.391267137359827877e-01
1.340796905346214873e-01
1.430470395479351287e-01
1.194741417169570968e-01
1.104077842030674189e-01
1.347971519827842746e-01
1.193922013547271538e-01
1.112438989970833125e-01
1.021214175326749657e-01
8.654672680795193196e-02
8.407551424670964280e-02
9.980759308161213372e-02
9.893576278258114920e-02
9.017646710295229573e-02
8.857658810634165547e-02
7.789055717224255271e-02
8.421022603567689113e-02
7.857377682626247306e-02
8.724074350576847825e-02
7.665651567652821685e-02
7.113500925572588396e-02
7.267651782091706647e-02
7.579551659710705158e-02
7.402911745989694536e-02
7.396205006446689156e-02
6.365377907874063268e-02
7.223153406335040827e-02
5.690093197277747150e-02
6.727681656973436009e-02
6.579962052125483407e-02
6.037099455622955968e-02
5.205649243667721804e-02
5.222362446924671414e-02
5.614213917450979613e-02
5.292483368935063659e-02
5.040928429597988508e-02
5.541245254105888612e-02
4.564629392419010390e-02
4.445962996291927954e-02
4.463939115544780789e-02
5.043945448892191152e-02
5.712063357047736378e-02
4.194975756015628665e-02
4.396685159206390608e-02
4.268500293022953196e-02
3.755871543078683622e-02
3.643477131100371358e-02
3.948052091081626774e-02
4.272371235350146818e-02
4.591708557540551128e-02
3.921104897418990765e-02
3.957468021661043195e-02
4.095625018281862095e-02
3.968017138610593908e-02
3.796443477214779538e-02
3.760861218883655710e-02
4.025271135231014291e-02
3.423365456517785815e-02
3.331043694802792582e-02
3.043682235758751742e-02
2.910002681566402349e-02
3.686442455288488351e-02
3.889192958362400199e-02
3.465534948057029385e-02
4.199443074548617205e-02
3.824288613861426961e-02
4.353863057447597551e-02
3.779823326994664889e-02
2.878411340422462605e-02
3.734144173201639494e-02
3.148909240739885401e-02
3.310059964063111898e-02
3.145191329717635792e-02
3.409401448047719857e-02
3.042700413207057725e-02
3.296554221073165480e-02
3.034701795107684966e-02
2.532586417393759004e-02
2.443162078614113941e-02
2.485266742750536634e-02
2.094392895110649966e-02
2.251994053553789746e-02
2.685255253885407076e-02
2.551689484703820177e-02
2.284147070860490306e-02
3.805028511013369696e-02
2.621195852849632357e-02
2.906869765720330318e-02
2.839844040048774415e-02
2.206857033958658718e-02
