<<<<<<< HEAD
4.347521020071649644e-01
2.248005932727875911e-01
1.529495813842026986e-01
1.187767194552871025e-01
9.078021616299673802e-02
7.741714079807072990e-02
6.004963625384550363e-02
5.036292728185405576e-02
4.783122493010515813e-02
4.411871898826378452e-02
3.983260271326802965e-02
3.583466434386692323e-02
3.443308054930808298e-02
3.141572684270154542e-02
2.872576240996696159e-02
2.565596234923998506e-02
2.290343856463058353e-02
2.153336824830438812e-02
2.047172452423331318e-02
1.856479390502146359e-02
=======
9.800756210684776759e-01
4.173858796954155181e-01
>>>>>>> 5abe8eeb0f6f3982bedf205e1a251b71c184a31a
