6.230799994170665990e-01
7.254199995994567995e-01
7.917599997520446964e-01
8.304399985074997215e-01
8.294199998378753991e-01
8.398799991011619559e-01
8.115599987506866286e-01
8.130799982547759486e-01
8.371800000667571906e-01
8.608399984836578867e-01
8.080999988317489890e-01
8.145599999427795002e-01
8.310599994659423340e-01
8.443199986219406261e-01
8.714800002574920601e-01
8.767599983215331738e-01
8.687999992966651819e-01
8.567199994325638279e-01
8.833000019788742607e-01
8.931200009584426835e-01
8.591000003814697195e-01
8.388199999332427437e-01
8.012599999904632675e-01
8.544799996614456106e-01
8.155599986314773231e-01
7.876599974632263468e-01
8.379600005149840936e-01
8.144199984669685533e-01
8.222999984025954889e-01
8.427799996137619321e-01
8.459000002145766750e-01
8.647999998331069582e-01
8.710799994468688690e-01
8.816000000238418677e-01
8.690399997234344864e-01
8.769000012874603733e-01
8.690199998617171850e-01
8.829400007724761412e-01
8.866199995279312462e-01
8.777399994134903460e-01
8.632999999523163215e-01
8.700199995040893697e-01
8.728000016212463796e-01
8.935000001192092700e-01
8.982599996328354264e-01
9.009800003767013399e-01
8.954400007724762078e-01
8.959400004744529911e-01
8.971200010776519962e-01
8.979400013685225890e-01
9.108200006484985511e-01
8.745199998617172454e-01
9.079000010490417827e-01
9.107400014400481858e-01
9.149400011301040969e-01
8.628000007867813181e-01
8.670600006580352348e-01
8.784400017261505544e-01
8.872999993562697973e-01
9.123200012445449314e-01
8.105599998235702985e-01
8.612599982023239065e-01
8.775600000619888652e-01
8.523199999332428112e-01
8.614800000190734330e-01
8.926600000858306849e-01
8.992000021934509757e-01
8.403799993991851736e-01
8.389599995613098438e-01
8.839600002765655162e-01
8.864600008726120084e-01
8.821800019741058430e-01
9.015800018310546893e-01
9.027200012207031721e-01
9.165000011920928502e-01
8.900400005578994467e-01
8.945999996662139520e-01
9.164199998378753653e-01
9.087400022745132366e-01
9.080600005388259621e-01
9.192600010633468210e-01
9.259200013875961144e-01
9.181400011777878234e-01
9.282200007438660139e-01
9.328599996566772079e-01
9.349400016069412400e-01
8.951200007200240671e-01
9.229200007915496773e-01
8.965200009346008247e-01
9.161000009775162045e-01
9.273200013637542538e-01
9.275000001192093002e-01
9.231400005817412824e-01
9.184200012683868541e-01
9.314400014877319833e-01
9.342600015401840707e-01
9.354200029373168634e-01
9.373200020790100062e-01
9.369000029563904208e-01
9.421800032854080742e-01
9.379600021839141766e-01
9.388400036096572476e-01
9.386800017356872194e-01
9.398399993181228984e-01
9.387000017166137189e-01
9.397000032663345159e-01
9.460600019693374829e-01
9.438400007486343890e-01
9.388400008678435826e-01
9.324400018453598005e-01
9.194600013494491630e-01
9.320200004577636754e-01
9.365800026655196620e-01
9.362600011825561452e-01
9.433800020217895099e-01
9.379800018072128598e-01
9.413000024557113266e-01
9.173200002908706852e-01
9.312800021171570020e-01
9.182799998521804508e-01
9.207000014781951958e-01
9.171400020122527641e-01
9.214000029563903515e-01
9.336200019121170257e-01
9.010000013113022010e-01
8.996600002050400002e-01
8.982800012826919200e-01
9.195200015306472796e-01
9.268800019025802417e-01
9.349800021648406734e-01
9.375400010347366697e-01
9.132400012016296253e-01
9.355200022459030373e-01
9.399200032949447392e-01
9.270200016498565398e-01
9.260200006961822883e-01
9.330600019693374714e-01
9.368400038480758640e-01
9.435000028610229794e-01
9.365400009155273597e-01
9.420000021457671791e-01
9.427600028514862007e-01
9.366600023508071526e-01
9.437400013208389060e-01
9.473400026559829490e-01
9.384400025606155493e-01
9.375600020885467289e-01
9.413000026941299447e-01
9.394400030374526755e-01
9.416200010776519802e-01
9.416800016164779130e-01
9.476800026893615891e-01
9.520200022459029965e-01
9.512200030088424629e-01
9.488800035715103665e-01
9.382200002670287864e-01
9.479800010919571251e-01
9.451400022506714071e-01
9.466200021505355444e-01
9.509000037908553749e-01
9.490400030612945459e-01
9.550200036764144862e-01
9.519000031948089413e-01
9.523400028944015716e-01
9.505800042152404705e-01
9.542000029087066570e-01
9.512800028324127632e-01
9.541200027465820410e-01
9.531600041389465261e-01
9.506400039196014617e-01
9.518800034523010600e-01
9.557600038051605740e-01
9.380800025463104097e-01
9.494600030183791839e-01
9.555400032997131143e-01
9.543400039672851332e-01
9.530000033378600577e-01
9.529000018835067642e-01
9.518800033330917509e-01
9.486000028848647903e-01
9.441400017738342809e-01
9.497000030279159066e-01
9.511400039196014067e-01
9.546400023698806692e-01
9.570800034999847883e-01
9.298600018024444358e-01
9.455000022649765468e-01
9.388000017404556363e-01
9.474400018453598138e-01
9.490800025463104195e-01
9.548400018215179585e-01
9.600800044536590416e-01
9.520400029420852395e-01
9.564400037527084342e-01
9.304200015068053720e-01
9.484000034332275009e-01
9.555000028610229901e-01
9.564400044679641777e-01
9.550000028610229341e-01
9.567000029087067148e-01
