8.734599998146295174e-01
9.418000034093856332e-01
9.575200037956237420e-01
9.668400056362151940e-01
9.728800094127655340e-01
9.774600110054015856e-01
9.812800101041794232e-01
9.850600101947784015e-01
9.868600095510482451e-01
9.896200081110000379e-01
9.906000080108642303e-01
9.924600068330764469e-01
9.932800058126449727e-01
9.940000052452087065e-01
9.955600039958953928e-01
9.957400038242339990e-01
9.961200037002563290e-01
9.963600033521652355e-01
9.968800028562545545e-01
9.976400022506713983e-01
9.978000020980835050e-01
9.979200019836426128e-01
9.978600020408630034e-01
9.983200016021728240e-01
9.984600014686584313e-01
9.988200011253356436e-01
9.989200010299682519e-01
9.988200011253356436e-01
9.988800010681152530e-01
9.989200010299682519e-01
9.991600008010864675e-01
9.995400004386901793e-01
9.994000005722045721e-01
9.989600009918212509e-01
9.990200009346008603e-01
9.991600008010864675e-01
9.994400005340575710e-01
9.994400005340575710e-01
9.994000005722045721e-01
9.993600006103515732e-01
9.993800005912780726e-01
9.996000003814696777e-01
9.995400004386901793e-01
9.992600007057189648e-01
9.995200004577636799e-01
9.996000003814696777e-01
9.995800004005431783e-01
9.995800004005431783e-01
9.995600004196166788e-01
9.995800004005431783e-01
9.996400003433227877e-01
9.994200005531310715e-01
9.994800004959106809e-01
9.995000004768371804e-01
9.997400002479552850e-01
9.996400003433227877e-01
9.995000004768371804e-01
9.995800004005431783e-01
9.995200004577636799e-01
9.997800002098083949e-01
9.997400002479552850e-01
9.997600002288817844e-01
9.998000001907348944e-01
9.997800002098083949e-01
9.997000002861022860e-01
9.998200001716613938e-01
9.998000001907348944e-01
9.996600003242492871e-01
9.997200002670287855e-01
9.997400002479552850e-01
9.997600002288817844e-01
9.997200002670287855e-01
9.997800002098083949e-01
9.998000001907348944e-01
9.997600002288817844e-01
9.997800002098083949e-01
9.997800002098083949e-01
9.996200003623962882e-01
9.998800001144408922e-01
9.997400002479552850e-01
9.997000002861022860e-01
9.997800002098083949e-01
9.997600002288817844e-01
9.998400001525878933e-01
9.998800001144408922e-01
9.998200001716613938e-01
9.998600001335143928e-01
9.995600004196166788e-01
9.997200002670287855e-01
9.996200003623962882e-01
9.997800002098083949e-01
9.996200003623962882e-01
9.997600002288817844e-01
9.998200001716613938e-01
9.997600002288817844e-01
9.998000001907348944e-01
9.998600001335143928e-01
9.997800002098083949e-01
9.998000001907348944e-01
9.997800002098083949e-01
9.998600001335143928e-01
9.998000001907348944e-01
9.998600001335143928e-01
9.996600003242492871e-01
9.997400002479552850e-01
9.998400001525878933e-01
9.997600002288817844e-01
9.998600001335143928e-01
9.998800001144408922e-01
9.998600001335143928e-01
9.998200001716613938e-01
9.998400001525878933e-01
9.998800001144408922e-01
9.997800002098083949e-01
9.999600000381470011e-01
9.997400002479552850e-01
9.998600001335143928e-01
9.997800002098083949e-01
9.997200002670287855e-01
9.998600001335143928e-01
9.997600002288817844e-01
9.998400001525878933e-01
9.997400002479552850e-01
9.997800002098083949e-01
9.998800001144408922e-01
9.997600002288817844e-01
9.998200001716613938e-01
9.997800002098083949e-01
9.999200000762938911e-01
9.997800002098083949e-01
9.999000000953673917e-01
9.999600000381470011e-01
9.998400001525878933e-01
9.998800001144408922e-01
9.998200001716613938e-01
9.997200002670287855e-01
9.998600001335143928e-01
9.998600001335143928e-01
9.998400001525878933e-01
9.999200000762938911e-01
9.998200001716613938e-01
9.998800001144408922e-01
9.997200002670287855e-01
9.999200000762938911e-01
9.998800001144408922e-01
9.997800002098083949e-01
9.996800003051757866e-01
9.998600001335143928e-01
9.998600001335143928e-01
9.998000001907348944e-01
9.998400001525878933e-01
9.998200001716613938e-01
9.998600001335143928e-01
9.999000000953673917e-01
9.999200000762938911e-01
9.999000000953673917e-01
9.998400001525878933e-01
9.999000000953673917e-01
9.998400001525878933e-01
9.999400000572205016e-01
9.997400002479552850e-01
9.998600001335143928e-01
9.999400000572205016e-01
9.998400001525878933e-01
9.998200001716613938e-01
9.999000000953673917e-01
9.997800002098083949e-01
9.999000000953673917e-01
9.998800001144408922e-01
9.999200000762938911e-01
9.999000000953673917e-01
9.998400001525878933e-01
9.998800001144408922e-01
9.999200000762938911e-01
9.998800001144408922e-01
9.998400001525878933e-01
9.997800002098083949e-01
9.999200000762938911e-01
9.997800002098083949e-01
9.999000000953673917e-01
9.998400001525878933e-01
9.998400001525878933e-01
9.998000001907348944e-01
9.998400001525878933e-01
9.998800001144408922e-01
9.998200001716613938e-01
9.999000000953673917e-01
9.998800001144408922e-01
9.999000000953673917e-01
9.998800001144408922e-01
9.998200001716613938e-01
9.998600001335143928e-01
9.998800001144408922e-01
9.998400001525878933e-01
9.998200001716613938e-01
9.998400001525878933e-01
9.999000000953673917e-01
9.998200001716613938e-01
9.999200000762938911e-01
9.997800002098083949e-01
