2.051590162515640081e+00
1.255065485954284688e+00
1.121315159320831256e+00
1.039459642887115454e+00
9.788498209714889819e-01
9.313183965682982901e-01
8.963350310325622905e-01
8.639636615514755258e-01
8.363264023065567487e-01
8.142829664945602230e-01
7.935358055830001867e-01
7.744716163873672787e-01
7.568959894180298242e-01
7.401963971853255941e-01
7.257771588563919352e-01
7.125514665842056505e-01
6.995244324207305908e-01
6.874462244510650688e-01
6.762014962434769183e-01
6.650198563337326174e-01
6.551365877389907499e-01
6.454969494342803760e-01
6.373456828594207257e-01
6.281784925460814906e-01
6.198826348781585338e-01
6.124632240533828265e-01
6.058117250204085869e-01
5.992802345752715754e-01
5.934122594594954947e-01
5.874454334974289482e-01
5.825960563421249683e-01
5.768126711845398269e-01
5.720843365192412877e-01
5.666638537645339868e-01
5.642649571895599347e-01
5.586215637922287147e-01
5.544148383140563574e-01
5.504394618272780981e-01
5.455564453601836616e-01
5.413246101140976041e-01
5.366883977651596416e-01
5.347269018888473058e-01
5.302834450006485012e-01
5.265083509683609053e-01
5.228734943866729656e-01
5.199672641158104014e-01
5.167433297038078743e-01
5.125872173309325985e-01
5.101400061249733442e-01
5.075622012019157525e-01
