7.015302866101265078e-01
3.788383916020393594e-01
2.749876737594604270e-01
2.220617875009775199e-01
1.821624935269355872e-01
1.530943709611892745e-01
1.296399610489606946e-01
1.134187156856060058e-01
9.859713187813759494e-02
8.555420044064521168e-02
7.816419460624456084e-02
6.909023912250995825e-02
6.149372003227472627e-02
5.550698366388678862e-02
5.086723659560084265e-02
4.633897034823894479e-02
4.305189237743616004e-02
3.921593762189149596e-02
3.629348066076636126e-02
3.419157134741544757e-02
3.155883192643522961e-02
3.000476934388279782e-02
2.817670403420925035e-02
2.604486176185310045e-02
2.453193468041717923e-02
2.314732549898326427e-02
2.204518724419176484e-02
2.075192460231483141e-02
2.012994390912354117e-02
1.884842874109745117e-02
1.820842543803155578e-02
1.727735541015863394e-02
1.656959100440144605e-02
1.594862546212971049e-02
1.540197780355811140e-02
1.472782042995095242e-02
1.424032274074852472e-02
1.360899253934621730e-02
1.331170673388987723e-02
1.286115304194390858e-02
1.238129141274839709e-02
1.214385414682328697e-02
1.160698627214878757e-02
1.137176005635410526e-02
1.124571925494819921e-02
1.067934741917997594e-02
1.038138608820736442e-02
9.927152785472572252e-03
9.812996188178659332e-03
9.584462109021842091e-03
9.271364280022681079e-03
9.253683289512992100e-03
8.967586211860180054e-03
8.815161789767444328e-03
8.667966332286596715e-03
8.259580159559845244e-03
8.084817819297313371e-03
7.919103193096816568e-03
7.656765072606503547e-03
7.545829167589545097e-03
7.477855891920626163e-03
7.369515166617929616e-03
7.030726031400263629e-03
7.006008316762745575e-03
6.905859421938657927e-03
6.810088449157774074e-03
6.620408544782549302e-03
6.636274907737970026e-03
6.328768149018287534e-03
6.325523351784795301e-03
6.192068766336888269e-03
6.128563676495104792e-03
5.943523384630679772e-03
5.846436004154384296e-03
5.785820732358843387e-03
5.644219425506889938e-03
5.633703124709427135e-03
5.468776376917958496e-03
5.418648472987115487e-03
5.380386185832321776e-03
5.310603648424148254e-03
5.170336052775383225e-03
5.162871254142374113e-03
5.007665904704481155e-03
5.028593460563570393e-03
4.905916643328964502e-03
4.833729246631265040e-03
4.831335559021681346e-03
4.740260502323507923e-03
4.724785445258021001e-03
4.535861550364643155e-03
4.592074869666248546e-03
4.513648150488734634e-03
4.403718010522424987e-03
4.364564358256757190e-03
4.321745137684047423e-03
4.235729733947664506e-03
4.170815255027264523e-03
4.129334313794970172e-03
4.088849966879934059e-03
4.083745142444967884e-03
4.028301706071942857e-03
3.957904368173331168e-03
3.946981531567871765e-03
3.880095638800412378e-03
3.852248057257384121e-03
3.817009503487497468e-03
3.719511578790843376e-03
3.679136562626808809e-03
3.672145039774477471e-03
3.607095038052648105e-03
3.554114564787596610e-03
3.531472070608288223e-03
3.510831600986421067e-03
3.476764870807528326e-03
3.449330330826342033e-03
3.411577885504812110e-03
3.372772065456956705e-03
3.335949171800166486e-03
3.347018047934397986e-03
3.274560563964769126e-03
3.289199841674417257e-03
3.244891594164073592e-03
3.150743931531905986e-03
3.187721552792936557e-03
3.098390182945877109e-03
3.087497764965519125e-03
3.064702145755290961e-03
3.081758547108620541e-03
3.079399917507544358e-03
2.974004932213574707e-03
2.953020366141572567e-03
2.919639533152803938e-03
2.884002896491438036e-03
2.904008654411882346e-03
2.867129131453111796e-03
2.840246207779273217e-03
2.779110840288922211e-03
2.830186944454908538e-03
2.800259859301150022e-03
2.715292194159701564e-03
2.763581680832430561e-03
2.731987706851214236e-03
2.704719156026840279e-03
2.658821510151028640e-03
2.637402919586747958e-03
2.618074304657057143e-03
2.595204756595194309e-03
2.577105262316763470e-03
2.523334786063060036e-03
2.549414984416216792e-03
2.562752098077907947e-03
2.461604245472699508e-03
2.482398966560140328e-03
2.458235992118716195e-03
2.452177751343697157e-03
2.445440981071442515e-03
2.434491030871867995e-03
2.363541804254055100e-03
2.370224189711734805e-03
2.356817638268694174e-03
2.367659480776637942e-03
2.320421004667878092e-03
2.348551207222044582e-03
2.295303229009732458e-03
2.293266622582450405e-03
2.291985371382906922e-03
2.251315870089456474e-03
2.248326909961179034e-03
2.248276050668209652e-03
2.225859782425686911e-03
2.209411240415647560e-03
2.207138333236798814e-03
2.170385271077975541e-03
2.164338825736194724e-03
2.140614084899425482e-03
2.145793730393052035e-03
2.081369858002290324e-03
2.087111269589513474e-03
2.082349785836413569e-03
2.052438008366152568e-03
2.065055825514718751e-03
2.049904241692274663e-03
2.041848300490528480e-03
2.005612757988274077e-03
2.006109953857958175e-03
1.981700587319210061e-03
2.006499868817627347e-03
1.986255492316558752e-03
1.945881566032767315e-03
1.943226832896471131e-03
1.948921134695410801e-03
1.944233061745762872e-03
1.906506461091339675e-03
1.902748508611693890e-03
1.889093978796154262e-03
1.889743042876943901e-03
1.886429599020630204e-03
1.886730804340913843e-03
1.867800607811659483e-03
1.865025396458804561e-03
1.850294303847476850e-03
1.847680962877348149e-03
1.815093028126284549e-03
1.774114256026223255e-03
1.783444353844970383e-03
1.779420776758343066e-03
1.775975845055654742e-03
1.767406239872798285e-03
1.762107161106541689e-03
1.747059373417869134e-03
1.769422578858211676e-03
1.749921970535069614e-03
1.692220341647043911e-03
1.721274130046367623e-03
1.693373249378055286e-03
1.689439046196639441e-03
1.690423110965639381e-03
1.675284871831536192e-03
1.649463778012432141e-03
1.673118601902388088e-03
1.646258743945509199e-03
1.649034998612478476e-03
1.654784962302073819e-03
1.614829381927847772e-03
1.636519468389451481e-03
1.617241057101637168e-03
1.608645667671225942e-03
1.595396377611905296e-03
1.582750282250344797e-03
1.587620867183431924e-03
1.576492331805639038e-03
1.569112396799027991e-03
1.561297300271689793e-03
1.544067871873267038e-03
1.534705480211414393e-03
1.541795216733589727e-03
1.529092843411490295e-03
1.531800031429156632e-03
1.516111058997921673e-03
1.518008912680670567e-03
1.508153667207807374e-03
1.485018389765173103e-03
1.485423755832016371e-03
1.468132548383436998e-03
1.471344567136839091e-03
1.462792492122389366e-03
1.448099495726637475e-03
1.451498666196130230e-03
1.436394824762828688e-03
1.447954487404786014e-03
1.437990067759528775e-03
1.420127590070478568e-03
1.410821001860313156e-03
1.413749064435251140e-03
1.392958619631826881e-03
1.422532926313579017e-03
1.410800153156742528e-03
1.376706897164694859e-03
1.394626716966740690e-03
1.367649882682599183e-03
1.399932186002843118e-03
1.380529357353225267e-03
1.371744868578389379e-03
1.341327815200202061e-03
1.333181697060354005e-03
1.339714810019358975e-03
1.329633782617747721e-03
1.330618888838216562e-03
1.334821984171867407e-03
1.319490554160438443e-03
1.316902737482450979e-03
1.328627393115311764e-03
1.321756031946279058e-03
1.281026603537611594e-03
1.310947140445932685e-03
1.315808719256892885e-03
1.268149121780879750e-03
1.301439818460494195e-03
1.291912667336873790e-03
1.269999288953840627e-03
1.262607186101376939e-03
1.276276342337950972e-03
1.258282084600068594e-03
1.237283556372858638e-03
1.255772589589469095e-03
1.259871778660453905e-03
1.246247863979078841e-03
1.222029904834926080e-03
1.205531956511549574e-03
1.216543797403573995e-03
1.208872370421886465e-03
1.224769709166139342e-03
1.188354279263876320e-03
1.215818070922978231e-03
1.208869796944782088e-03
1.188361855573020825e-03
1.207939131068997123e-03
1.203370180330239287e-03
1.170250411843881113e-03
1.167489366140216523e-03
1.193305226974189200e-03
1.149835863616317441e-03
1.168342099525034429e-03
1.174843627144582644e-03
1.173183723934926063e-03
1.155925280763767625e-03
1.139372858917340721e-03
1.140665850718505748e-03
1.135409028618596409e-03
1.132003389880992424e-03
1.133511862368322826e-03
1.121951596811413812e-03
1.133107724832370941e-03
1.141316790832206654e-03
1.126543125254102044e-03
1.109167177346535122e-03
1.098571432754397430e-03
1.109476020676083757e-03
1.101103831315413187e-03
1.089168075704947036e-03
1.091468147584237101e-03
1.089296068646945130e-03
1.100866068270988729e-03
1.087969030835665664e-03
1.080374699900858021e-03
1.073045179364271384e-03
1.071045335731469171e-03
1.075150964781641924e-03
1.072977016679942715e-03
1.055898861726745942e-03
1.052620138390921107e-03
1.069108725059777446e-03
1.062252410920336895e-03
1.054340684087947061e-03
1.054459386039525211e-03
1.040393273346126033e-03
1.060541904764249980e-03
1.046572453575208813e-03
1.029450499336235234e-03
1.030360378557816084e-03
1.007225879235193163e-03
1.032308417255990186e-03
1.023099347716197385e-03
9.948139868211000863e-04
1.007416530512273345e-03
1.018136923550628115e-03
1.006840988178737354e-03
1.010145087027922248e-03
1.016312584863044398e-03
9.943116230424493395e-04
1.000613884534686839e-03
9.781951467739418045e-04
9.923234466696158242e-04
9.836181642021984018e-04
9.800197548465803665e-04
9.687110555823891982e-04
9.878085245145485065e-04
9.778611862566323042e-04
9.669104181230067825e-04
9.591874466277659295e-04
9.448991793906316022e-04
9.669223322998732155e-04
9.609993329504504462e-04
9.545227336930111510e-04
9.716427758103236357e-04
9.507816372206434824e-04
9.442479058634489775e-04
9.314383013406768398e-04
9.445752283791079579e-04
9.472932363860309601e-04
9.337543916190043335e-04
9.340275722788646305e-04
9.323504291241988245e-04
9.232250648783519968e-04
9.212894127704203233e-04
9.243844959419220695e-04
9.325836672214790884e-04
9.124140689382330069e-04
9.139624839881435505e-04
9.152858790475874905e-04
9.214977754745632159e-04
9.146914714947342344e-04
9.066649635788053474e-04
8.995830536587163823e-04
9.051974660251289146e-04
8.986420411383733674e-04
9.084116661688312801e-04
8.960335229057818981e-04
9.015917299548164079e-04
8.744256132049485876e-04
8.769153159810230604e-04
8.830566755495965247e-04
8.846645177109167379e-04
8.890397849027067371e-04
8.684938238002359477e-04
8.655803545843809713e-04
8.547333927126601243e-04
8.771172636188566277e-04
8.795857431832701349e-04
8.653968953294679470e-04
8.700496170204132960e-04
8.519230650854296488e-04
8.641962889232672734e-04
8.485442466335370651e-04
8.605889497557654829e-04
8.514248752035200474e-04
8.474838662659749718e-04
8.416510568931698721e-04
8.341788150137290124e-04
8.417532234452665104e-04
8.402040803339331848e-04
8.329148996854200508e-04
8.387186102336272086e-04
8.396996491937898290e-04
8.318383142468519561e-04
8.303511773119680653e-04
8.216618357691913817e-04
8.185742673813365539e-04
8.324865488684735776e-04
8.114570868201553605e-04
8.203508438891731315e-04
8.086555274203420214e-04
8.196844988269731029e-04
8.161593914264812918e-04
8.174380095442757184e-04
7.941683413228019890e-04
8.141627465374768041e-04
8.056673856917768387e-04
8.069119286956265855e-04
7.875818078173324292e-04
8.022205704473890598e-04
7.889288037549703958e-04
7.905918828328140080e-04
7.896594956982880362e-04
7.942937404732219701e-04
7.815797434886917472e-04
7.780786622315644802e-04
7.818570807576179921e-04
7.995514171780087340e-04
7.769261817447840933e-04
7.785796612733975313e-04
7.661500362446531679e-04
7.679226179607212066e-04
7.655958232935518130e-04
7.609093929640949007e-04
7.728438109043054552e-04
7.717120944289490624e-04
7.758063970832154623e-04
7.610035008983686861e-04
7.455852138809859449e-04
7.588994415709749341e-04
7.591723885852842994e-04
7.502155729453079906e-04
7.474295038846321283e-04
7.588442370761185572e-04
7.385710262460634147e-04
7.486424163216725495e-04
7.490679365582764235e-04
7.376956662628799538e-04
7.493150468799285053e-04
7.404052737401797986e-04
7.440341535257176094e-04
7.289431390818208387e-04
7.283392588724381823e-04
7.325806788285263048e-04
7.375360800069756615e-04
7.229915396310389406e-04
7.266701941261999309e-04
7.215099494205787830e-04
7.306338987546041148e-04
7.215576266171410454e-04
7.245682631037197790e-04
7.193959012511186085e-04
7.217084677540696854e-04
7.154339050175622132e-04
7.248764264513738375e-04
7.160307610174640935e-04
7.151905326754785840e-04
7.172334322822279803e-04
7.118133862386457180e-04
6.985430608619935420e-04
7.254359509097412168e-04
7.095048454939387661e-04
6.956484913825988813e-04
7.062824712484143397e-04
7.003617628361098572e-04
7.018460160470568060e-04
7.007336011156439564e-04
6.991209788247943445e-04
6.883077755919657413e-04
6.984840539516881447e-04
6.902258360059932048e-04
6.933582577621563844e-04
6.848974471213296108e-04
6.906228687730617396e-04
6.854117849143221515e-04
6.932271480909548995e-04
6.902760624652728386e-04
6.950084892450831371e-04
6.744448437239043909e-04
6.801456831744871973e-04
6.778201669803820889e-04
6.846271474496461781e-04
6.743866259930655612e-04
6.808296694071031907e-04
6.791275776922702867e-04
6.652644353453069422e-04
6.665644334862008431e-04
6.710580726503395047e-04
6.702871874440461666e-04
6.628234680392779002e-04
6.717812936985864854e-04
6.601040600799024322e-04
6.580799330258742252e-04
6.591432085260749349e-04
6.582018625340424218e-04
6.563275015214458524e-04
6.569725341978483076e-04
6.529655352351255689e-04
6.502566994749940828e-04
6.502375348936766759e-04
6.479549304931424541e-04
6.438709180220029797e-04
6.496993973269126919e-04
6.398118096403777487e-04
6.449650110444053557e-04
6.513423688011243636e-04
6.403190024429932696e-04
6.512484544655308509e-04
6.334739205194636711e-04
6.372826074366457708e-04
6.470654788427054492e-04
6.332096218829974922e-04
6.358880015322938579e-04
6.268347187433392009e-04
6.265700638759881709e-04
6.275500899064354260e-04
6.247113139834255388e-04
6.229489241377450743e-04
6.255774638266303062e-04
6.231275949976406879e-04
6.153096806956455476e-04
6.244871142553165382e-04
6.157324046944267527e-04
6.190890703001059817e-04
6.274694378371350025e-04
6.155053721158765473e-04
6.142190771643072202e-04
6.114116411190480055e-04
6.099839342641644353e-04
6.114800242357886894e-04
6.213269204599782642e-04
6.108046439476311684e-04
6.087568862712942116e-04
6.106422015582211758e-04
5.982092610793187997e-04
6.057122880010865247e-04
6.078175407019443437e-04
6.007477330276742586e-04
6.060437667183577598e-04
6.014564834767952700e-04
6.004456210066564867e-04
6.007298551849089320e-04
6.009412384591996704e-04
5.899552167393267614e-04
5.907048739027232452e-04
5.975571851595304742e-04
5.987565464456566120e-04
5.909608897636644056e-04
5.898298840620554888e-04
5.941700990078970261e-04
5.791290915221907094e-04
5.896396662574261661e-04
5.882281747180968627e-04
5.888137466390617634e-04
5.798514152411371990e-04
5.863369150902144515e-04
5.863384600379503838e-04
5.848070596111938158e-04
5.749852177686988778e-04
5.801995878573506810e-04
5.718174173380247789e-04
5.832566123572178714e-04
5.663613097858614942e-04
5.747486421023495148e-04
5.717670256854035004e-04
5.814727723482065276e-04
5.752043413813225743e-04
5.819533409085124280e-04
5.625014717224984927e-04
5.606709975982084515e-04
5.766139953630044926e-04
5.685610851505771071e-04
5.694041280075907725e-04
5.720893765683286204e-04
5.591550280805676924e-04
5.615389007143676637e-04
5.532086080638691332e-04
5.557098382851108570e-04
5.513915595947764753e-04
5.573150950367562013e-04
5.616387144546024050e-04
5.572844293783419225e-04
5.595688603934832186e-04
5.495480035315268141e-04
5.529170202789828034e-04
5.533146705711260334e-04
5.610396257834509301e-04
5.470320246531627881e-04
5.484922280884347830e-04
5.447211566497571489e-04
5.436729270732030715e-04
5.554866953752934803e-04
5.491666773450560408e-04
5.453414169605821319e-04
5.472643199609593086e-04
5.368514775182120112e-04
5.460262619890272808e-04
5.383175448514521122e-04
5.384787294315174699e-04
5.439665377489291557e-04
5.366737886797636305e-04
5.441852379590272470e-04
5.387462819926440742e-04
5.439289998030290502e-04
5.331172216101549757e-04
5.355446340399794758e-04
5.266901279683224761e-04
5.408635428175330440e-04
5.343481142772361393e-04
5.421894257306121090e-04
5.309003858710638910e-04
5.359947578399442596e-04
5.317709874361753464e-04
5.286504696123302260e-04
5.318747220444492926e-04
5.243055246537550946e-04
5.168872628710232883e-04
5.153765563154593093e-04
5.206648070015944567e-04
5.195001625106670292e-04
5.156965629430487882e-04
5.197541317320429014e-04
5.119887143955566050e-04
5.161460775416344508e-04
5.126519364421255930e-04
5.194400722393766176e-04
5.215393603430129241e-04
5.130744366906583257e-04
5.150561956106684608e-04
5.209604118135757527e-04
5.070734200999140861e-04
5.094802390667609428e-04
5.072336115408688888e-04
5.074522091308608825e-04
5.106463166885077910e-04
5.124606013996526894e-04
5.112594566307962366e-04
5.055699353688396583e-04
5.015571338590234978e-04
5.065332223311997664e-04
5.014207903877832516e-04
5.045924098230898484e-04
4.966649949201383139e-04
5.059413464623503318e-04
4.896649850415997268e-04
5.058681279770098783e-04
5.047396922018378747e-04
5.044624641304836215e-04
4.957770277978852842e-04
5.001225461019202833e-04
4.984511733055114503e-04
5.003828920889646101e-04
4.884129017009399606e-04
4.957991676055826255e-04
4.919764495571143882e-04
4.913239585584961398e-04
4.930624170228838392e-04
4.885753070702776157e-04
4.874531048699282218e-04
4.969622532371431589e-04
4.883637246675788871e-04
4.825971771497279661e-04
4.914928753278217845e-04
4.811161289107985595e-04
4.872616645297967049e-04
4.819985149661079257e-04
4.884598001372069320e-04
4.813040060107595967e-04
4.788126017083413647e-04
4.766611750819720549e-04
4.803910861373879011e-04
4.832750090863555527e-04
4.839513544575311317e-04
4.772275190334767238e-04
4.729022259707562465e-04
4.842092067701742096e-04
4.826512965955771567e-04
4.713057144545018413e-04
4.767633113078773195e-04
4.719238348770886469e-04
4.716942930244840586e-04
4.689079388044774775e-04
4.694877857691608244e-04
4.713982639950699879e-04
4.635683072265237665e-04
4.711228650412522048e-04
4.674968674080446133e-04
4.689614858943969272e-04
4.715943090268410478e-04
4.707268074271269277e-04
4.643556450027972208e-04
4.625424753758124760e-04
4.614044409245252466e-04
4.693319599027745317e-04
4.637101562693715109e-04
4.567935336381196841e-04
4.678323382395319801e-04
4.600850860006175944e-04
4.650982947787269794e-04
4.646848044940270444e-04
4.637183299055323165e-04
4.519000033033080191e-04
4.599579096538946232e-04
4.564694070140831185e-04
4.590353893581778050e-04
4.492314595263451125e-04
4.570970513741485922e-04
4.542172292713075920e-04
4.564756149193271778e-04
4.618468699045479410e-04
4.498533248552121248e-04
4.508975977660156851e-04
4.548799264593981237e-04
4.539944758871570368e-04
4.526111565064638831e-04
4.510479015298187811e-04
4.503927303012460518e-04
4.530837081256322541e-04
4.497509545180946732e-04
4.539412180893123120e-04
4.439874427043832600e-04
4.438084333087317403e-04
4.480165066197514413e-04
4.424784408765844814e-04
4.452192756580188797e-04
4.434233828797005191e-04
4.362262316280975691e-04
4.405536872218362900e-04
4.368562541785649751e-04
4.440111095318570694e-04
4.446040835464373201e-04
4.397467277012765438e-04
4.315170284826308272e-04
4.485217320616357141e-04
4.410074793850071555e-04
4.476724385749548691e-04
4.419489654828794131e-04
4.340439121006056601e-04
4.362116928095929403e-04
4.407088249863591167e-04
4.324941678205504892e-04
4.344285937841050509e-04
4.339665441657416405e-04
4.342515063763130326e-04
4.290930146235041420e-04
4.304561309982090928e-04
4.379380739701445920e-04
4.267288597184233211e-04
4.307787693105638084e-04
4.317882082832511675e-04
4.287931360886432426e-04
4.313129030633717966e-04
4.265249109012075011e-04
4.294452866306528393e-04
4.228243121760897499e-04
4.269069223955739381e-04
4.321948625729419495e-04
4.189629916218109680e-04
4.264350937155541080e-04
4.232162564294412880e-04
4.278040857170708642e-04
4.270520157588180007e-04
4.249223921797238039e-04
4.217033958702813773e-04
4.255717113264836319e-04
4.274665488919708730e-04
4.178719960036687527e-04
4.211055108171421805e-04
4.228432695381343287e-04
4.204435040592216077e-04
4.167101895727682768e-04
4.178119465650524970e-04
4.150188786443322758e-04
4.177751376701053002e-04
4.178386147250421571e-04
4.106958013726398344e-04
4.157260140054858956e-04
4.220232530788053027e-04
4.132015970826614470e-04
4.168352961132768594e-04
4.138731953862588618e-04
4.112964464875403675e-04
4.085292000672779891e-04
4.099921612360048814e-04
4.056980519671924486e-04
4.091345201595686463e-04
4.071692817960866051e-04
4.033308262296486386e-04
4.096120471658650799e-04
4.123153383552562602e-04
4.047770246106665768e-04
4.018214865936897803e-04
4.050944012706168265e-04
4.053700277290772842e-04
4.053796114458236969e-04
4.014964213129133147e-04
4.017996831971686446e-04
4.070129338651895501e-04
4.081939012394286801e-04
4.041356215602718042e-04
3.991446470608934582e-04
3.907817933941259893e-04
4.015067541913595254e-04
4.008408566587604396e-04
3.954203137254808206e-04
4.034996113914530698e-04
3.934956283774226861e-04
3.945846523274667444e-04
4.002835538412910011e-04
3.955270627920981366e-04
3.907460953050758724e-04
3.921176598814781681e-04
3.903782131674233646e-04
3.914418570930138256e-04
3.934756910020951255e-04
3.920041681267320962e-04
3.901857834425754949e-04
3.927827855513896650e-04
3.913512733124662065e-04
3.923409876006189886e-04
3.898195603978820323e-04
3.872805323044303978e-04
3.920259125588927652e-04
3.926291849347762850e-04
3.924663987418170776e-04
3.907512322184629916e-04
3.855932918086182231e-04
3.883860154310241389e-04
3.980262409022543627e-04
3.812364519399124890e-04
3.902580066933296365e-04
3.817810499458573824e-04
3.829162831243593159e-04
3.816128605394624200e-04
3.819762367929797724e-04
3.832004034193232738e-04
3.831874817551579582e-04
3.838518480479251728e-04
3.818564052635338023e-04
3.768156564910895884e-04
3.815101112122647642e-04
3.781786720210220652e-04
3.806633962958585397e-04
3.730623203155119215e-04
3.738595185859594256e-04
3.762017902045045308e-04
3.805822016147430986e-04
3.752620663435663959e-04
3.744177340413443536e-04
3.831373160355724147e-04
3.782573516073171080e-04
3.745589816244319003e-04
3.733533469203393945e-04
3.740824561391491577e-04
3.799331933259963751e-04
3.733984188002068536e-04
3.700804202817380216e-04
3.693985390418674602e-04
3.715218075085431420e-04
3.725942180317360752e-04
3.686910729447845283e-04
3.723704612639266998e-04
3.761311175767332151e-04
3.705837396846618412e-04
3.665932043222710351e-04
3.724060717504471484e-04
3.688424177817068838e-04
3.615643966186326132e-04
3.711478926998097467e-04
3.671678124810568832e-04
3.728225767263211349e-04
3.663737268361728699e-04
3.741267614823300613e-04
3.668631485197693326e-04
3.662742989545222537e-04
3.642898077960125976e-04
3.654543125885538653e-04
3.632479894440621376e-04
3.613908205297775402e-04
3.625515825988259179e-04
3.602275129815097742e-04
3.615130070538725613e-04
3.536626259738113900e-04
3.569221080688294071e-04
3.624116131104529069e-04
3.662674162187613694e-04
3.539183806278742663e-04
3.653536179917864441e-04
3.574809095880482454e-04
3.573155111225787537e-04
3.557415712566580472e-04
3.568085809238254994e-04
3.597062298213131860e-04
3.561651505006011606e-04
3.608670154935680299e-04
3.519124540907796412e-04
3.550565594341605871e-04
3.507337260816711781e-04
3.553139042633120205e-04
3.598452361475210472e-04
3.483988448278978320e-04
3.550800524826627151e-04
3.570116201590280950e-04
3.530618338263593584e-04
3.526961620082147311e-04
3.469153070473112365e-04
3.537700560991652397e-04
3.564855573931708711e-04
3.529617123713251208e-04
3.567004518408793787e-04
3.461454540374688774e-04
3.493898175656795697e-04
3.533079005428590037e-04
3.481173281616065595e-04
3.466209062025882412e-04
3.474755146889947416e-04
3.529970897943712879e-04
3.533862597541883406e-04
3.477206156530883354e-04
3.416254808835219366e-04
3.449597581347916414e-04
3.481385397317353857e-04
3.428032209340017020e-04
3.436951500480063364e-04
3.389247937593609160e-04
3.354025954322423556e-04
3.481908272951841389e-04
3.431706145929638244e-04
3.476258208975195629e-04
3.396064410335384123e-04
3.437112635874655102e-04
3.460410317638888851e-04
3.435256217489950233e-04
3.387984173605218660e-04
3.411913139570969941e-04
3.331373076071031522e-04
3.398989342094864527e-04
3.374535843031481117e-04
3.383198265801183819e-04
3.416332831257022857e-04
3.400001179834361963e-04
3.350824539375025514e-04
3.332192204543389159e-04
3.395375062536913646e-04
3.320789886056445326e-04
3.375162430456839463e-04
3.315196081239264411e-04
3.328343832690734390e-04
3.351208345557097528e-04
3.322450707200914595e-04
3.410551893757656047e-04
3.326268760429229739e-04
3.282686101447325304e-04
3.283063947455957458e-04
3.334534185996745025e-04
3.343066574598196937e-04
3.283595649700146377e-04
3.301131256448570830e-04
3.298137661477085160e-04
3.305414302740245858e-04
3.325832409318536342e-04
3.295491531025618228e-04
3.253741062653716840e-04
3.269258272775914741e-04
3.301343590137548623e-04
3.264319474110379871e-04
3.245580327347852246e-04
3.250997813011053815e-04
3.307168608589563272e-04
3.216233903949614688e-04
3.245802663732319971e-04
3.215307560167275126e-04
3.230284704477526378e-04
3.226214448513929048e-04
3.240020259399898402e-04
3.250127153878566038e-04
3.259294077288359668e-04
3.257245721179060564e-04
