8.228085994720458984e+00
1.633735084533691406e+01
2.582199692726135254e+01
3.444013094902038574e+01
4.308319592475891113e+01
5.114706802368164062e+01
5.921741104125976562e+01
6.732325196266174316e+01
7.551600885391235352e+01
8.353495097160339355e+01
9.168856596946716309e+01
9.978901386260986328e+01
1.079887290000915527e+02
1.162013068199157715e+02
1.243810060024261475e+02
1.325649938583374023e+02
1.408817389011383057e+02
1.489849588871002197e+02
1.572938170433044434e+02
1.654876918792724609e+02
1.736981089115142822e+02
1.820849490165710449e+02
1.905232188701629639e+02
1.988621549606323242e+02
2.071587200164794922e+02
2.154009518623352051e+02
2.235172989368438721e+02
2.318029170036315918e+02
2.401560988426208496e+02
2.483406968116760254e+02
2.566205618381500244e+02
2.648150908946990967e+02
2.729865109920501709e+02
2.810906538963317871e+02
2.895124628543853760e+02
2.975831649303436279e+02
3.060256628990173340e+02
3.145497798919677734e+02
3.225155599117279053e+02
3.307349188327789307e+02
3.387186079025268555e+02
3.469100348949432373e+02
3.552907149791717529e+02
3.636687128543853760e+02
3.721490449905395508e+02
3.803248510360717773e+02
3.884376358985900879e+02
3.967028720378875732e+02
4.049110088348388672e+02
4.132441749572753906e+02
4.216500828266143799e+02
4.301400418281555176e+02
4.383402378559112549e+02
4.466347818374633789e+02
4.548469848632812500e+02
4.631796219348907471e+02
4.716228108406066895e+02
4.799721839427947998e+02
4.882742779254913330e+02
4.965500588417053223e+02
5.048015069961547852e+02
5.131463329792022705e+02
5.214232769012451172e+02
5.298136219978332520e+02
5.379855329990386963e+02
5.461016399860382080e+02
5.546066620349884033e+02
5.627951939105987549e+02
5.710119519233703613e+02
5.791007368564605713e+02
5.872021598815917969e+02
5.953904819488525391e+02
6.035831928253173828e+02
6.116364459991455078e+02
6.199851858615875244e+02
6.281248068809509277e+02
6.363217809200286865e+02
6.446463909149169922e+02
6.530411489009857178e+02
6.612677619457244873e+02
6.695537109375000000e+02
6.778516869544982910e+02
6.862257528305053711e+02
6.945660889148712158e+02
7.028009738922119141e+02
7.110108878612518311e+02
7.191527450084686279e+02
7.271914699077606201e+02
7.353058109283447266e+02
7.433945598602294922e+02
7.517134168148040771e+02
7.601123988628387451e+02
7.685007648468017578e+02
7.768380579948425293e+02
7.848012459278106689e+02
7.929126808643341064e+02
8.011482758522033691e+02
8.091967058181762695e+02
8.173269729614257812e+02
8.255298318862915039e+02
8.340071170330047607e+02
8.422048549652099609e+02
8.509926970005035400e+02
8.594354498386383057e+02
8.676690950393676758e+02
8.759467840194702148e+02
8.840958268642425537e+02
8.922510828971862793e+02
9.003649909496307373e+02
9.088633449077606201e+02
9.170584449768066406e+02
9.253201169967651367e+02
9.335630459785461426e+02
9.417236168384552002e+02
9.499582009315490723e+02
9.581901888847351074e+02
9.664992868900299072e+02
9.749612588882446289e+02
9.830528268814086914e+02
9.913775718212127686e+02
9.997436079978942871e+02
1.007912587881088257e+03
1.016182766914367676e+03
1.024374725818634033e+03
1.032583693027496338e+03
1.040810619831085205e+03
1.049240445852279663e+03
1.057468501806259155e+03
1.065550344944000244e+03
1.073839277029037476e+03
1.082064697027206421e+03
1.090435740947723389e+03
1.098831073999404907e+03
1.106982249975204468e+03
1.115511651039123535e+03
1.124155297040939331e+03
1.132392794847488403e+03
1.140647882938385010e+03
1.149008533000946045e+03
1.157253768920898438e+03
1.165568122863769531e+03
1.173738090991973877e+03
1.182124267816543579e+03
1.190497648000717163e+03
1.198614426851272583e+03
1.206840420961380005e+03
1.215350528955459595e+03
1.223643730878829956e+03
1.231882395029067993e+03
1.239907269954681396e+03
1.248342222929000854e+03
1.256640775918960571e+03
1.265308971881866455e+03
1.273563109874725342e+03
1.281900379896163940e+03
1.290359884023666382e+03
1.298646401882171631e+03
1.307149544954299927e+03
1.315432268857955933e+03
1.323613569021224976e+03
1.331768554925918579e+03
1.339979300975799561e+03
1.348108881950378418e+03
1.356507809877395630e+03
1.364746150016784668e+03
1.373266038894653320e+03
1.381577649831771851e+03
1.389829784870147705e+03
1.398076962947845459e+03
1.406368099927902222e+03
1.414615250825881958e+03
1.422797446966171265e+03
1.430845474958419800e+03
1.439076426029205322e+03
1.447551393985748291e+03
1.455734998941421509e+03
1.464071946859359741e+03
1.472404013872146606e+03
1.480807850837707520e+03
1.489046178817749023e+03
1.497344882011413574e+03
1.505752327919006348e+03
1.514131142854690552e+03
1.522176364898681641e+03
1.530454090833663940e+03
1.538481319904327393e+03
1.546659813880920410e+03
1.554885489940643311e+03
1.563164882898330688e+03
1.571285567998886108e+03
1.579436157941818237e+03
1.587662958860397339e+03
1.595911728858947754e+03
1.604073032855987549e+03
1.612288182973861694e+03
1.620524729967117310e+03
1.628852129936218262e+03
1.637033190011978149e+03
1.645400063037872314e+03
1.653512763023376465e+03
1.661892513036727905e+03
1.670071738004684448e+03
1.678226395845413208e+03
1.686575122833251953e+03
1.694797438859939575e+03
1.703015652894973755e+03
1.711308483839035034e+03
1.719650866031646729e+03
1.728088215827941895e+03
1.736419876813888550e+03
1.744695535898208618e+03
1.753071475982666016e+03
1.761500852823257446e+03
1.769648481845855713e+03
1.777723590850830078e+03
1.785933622837066650e+03
1.794171969890594482e+03
1.802404392957687378e+03
1.810695057868957520e+03
1.818761291980743408e+03
1.826791071891784668e+03
1.835021817922592163e+03
1.843236259937286377e+03
1.851437299966812134e+03
1.859791178941726685e+03
1.867924573898315430e+03
1.876267835855484009e+03
1.884528396844863892e+03
1.892930135965347290e+03
1.901107070922851562e+03
1.909218736886978149e+03
1.917439311027526855e+03
1.925669176816940308e+03
1.933849659919738770e+03
1.942026473999023438e+03
1.950258610963821411e+03
1.958697918891906738e+03
1.967175506830215454e+03
1.975266688823699951e+03
1.983237346887588501e+03
1.991928807020187378e+03
2.000320668935775757e+03
2.008659199953079224e+03
2.016952255964279175e+03
2.025206444978713989e+03
2.033348048925399780e+03
2.041459600925445557e+03
2.049727135896682739e+03
2.057739567995071411e+03
2.065910022974014282e+03
2.074292531013488770e+03
2.082444512844085693e+03
2.090585968017578125e+03
2.099076922893524170e+03
2.107220644950866699e+03
2.115765770912170410e+03
2.124183789014816284e+03
2.132535706043243408e+03
2.140762647867202759e+03
2.149018560886383057e+03
2.157157457828521729e+03
2.165303510904312134e+03
2.173803634881973267e+03
2.182157841920852661e+03
2.190504942893981934e+03
2.198685840845108032e+03
2.206901760816574097e+03
2.215045301914215088e+03
2.223292085886001587e+03
2.231466076850891113e+03
2.239627653837203979e+03
2.247865408897399902e+03
2.255911298036575317e+03
2.264042368888854980e+03
2.272248852014541626e+03
2.280486335039138794e+03
2.288762960910797119e+03
2.297082551002502441e+03
2.305395774841308594e+03
2.313387681007385254e+03
2.321467674016952515e+03
2.329327011823654175e+03
2.337520938873291016e+03
2.345665621995925903e+03
2.353790638923645020e+03
2.362231909036636353e+03
2.370395427942276001e+03
2.378651495933532715e+03
2.386698369979858398e+03
2.394910712003707886e+03
2.403074069976806641e+03
2.411656625986099243e+03
2.419798909902572632e+03
2.427935107946395874e+03
2.436170969963073730e+03
2.444547569036483765e+03
2.453035115957260132e+03
2.461227012872695923e+03
2.469546048879623413e+03
2.477810273885726929e+03
