3.261151075363159180e+00
6.382277965545654297e+00
9.520892858505249023e+00
1.275526189804077148e+01
1.604265809059143066e+01
1.953209686279296875e+01
2.285472893714904785e+01
2.609997987747192383e+01
2.929037690162658691e+01
3.255600595474243164e+01
3.578937792778015137e+01
3.890931892395019531e+01
4.204912400245666504e+01
4.517813396453857422e+01
4.858762288093566895e+01
5.190087103843688965e+01
5.502322101593017578e+01
5.816657590866088867e+01
6.131781601905822754e+01
6.446197009086608887e+01
6.794370007514953613e+01
