1.080000000000000000e+03
2.137000000000000000e+03
3.221000000000000000e+03
4.289000000000000000e+03
5.340000000000000000e+03
6.424000000000000000e+03
7.508000000000000000e+03
8.547000000000000000e+03
9.598000000000000000e+03
1.065200000000000000e+04
1.170600000000000000e+04
1.276300000000000000e+04
1.382700000000000000e+04
1.487800000000000000e+04
1.594200000000000000e+04
1.700600000000000000e+04
1.805100000000000000e+04
1.910800000000000000e+04
2.016800000000000000e+04
2.121000000000000000e+04
2.229000000000000000e+04
2.335400000000000000e+04
2.444300000000000000e+04
2.551500000000000000e+04
2.657200000000000000e+04
2.762600000000000000e+04
2.869800000000000000e+04
2.974600000000000000e+04
3.079400000000000000e+04
3.184500000000000000e+04
3.291300000000000000e+04
3.398900000000000000e+04
3.504300000000000000e+04
3.609400000000000000e+04
3.718800000000000000e+04
3.828700000000000000e+04
3.935500000000000000e+04
4.043100000000000000e+04
4.148800000000000000e+04
4.254200000000000000e+04
4.359000000000000000e+04
4.464100000000000000e+04
4.570100000000000000e+04
4.680000000000000000e+04
4.786000000000000000e+04
4.895400000000000000e+04
5.003800000000000000e+04
5.110600000000000000e+04
5.220000000000000000e+04
5.324200000000000000e+04
5.433100000000000000e+04
5.541100000000000000e+04
5.645900000000000000e+04
5.753100000000000000e+04
5.860700000000000000e+04
5.965500000000000000e+04
6.071200000000000000e+04
6.177200000000000000e+04
6.282300000000000000e+04
6.388000000000000000e+04
6.495200000000000000e+04
6.601600000000000000e+04
6.705100000000000000e+04
6.811500000000000000e+04
6.918700000000000000e+04
7.025500000000000000e+04
7.132700000000000000e+04
7.241600000000000000e+04
7.346400000000000000e+04
7.452800000000000000e+04
7.557600000000000000e+04
7.665600000000000000e+04
7.770100000000000000e+04
7.876900000000000000e+04
7.982600000000000000e+04
8.087400000000000000e+04
8.194600000000000000e+04
8.298800000000000000e+04
8.404500000000000000e+04
8.514900000000000000e+04
8.618000000000000000e+04
8.726400000000000000e+04
8.833200000000000000e+04
8.936900000000000000e+04
9.041700000000000000e+04
9.148500000000000000e+04
9.253600000000000000e+04
9.359300000000000000e+04
9.463000000000000000e+04
9.567800000000000000e+04
9.673200000000000000e+04
9.778600000000000000e+04
9.884300000000000000e+04
9.989700000000000000e+04
1.009480000000000000e+05
1.019990000000000000e+05
1.030980000000000000e+05
1.041490000000000000e+05
1.052210000000000000e+05
1.063050000000000000e+05
1.073590000000000000e+05
1.084230000000000000e+05
1.094800000000000000e+05
1.105310000000000000e+05
1.115790000000000000e+05
1.126140000000000000e+05
1.136680000000000000e+05
1.147670000000000000e+05
1.158560000000000000e+05
1.169450000000000000e+05
1.179900000000000000e+05
1.190740000000000000e+05
1.201160000000000000e+05
1.211610000000000000e+05
1.222060000000000000e+05
1.232740000000000000e+05
1.243310000000000000e+05
1.254070000000000000e+05
1.265010000000000000e+05
1.275950000000000000e+05
1.286670000000000000e+05
1.297560000000000000e+05
1.308240000000000000e+05
1.318720000000000000e+05
1.329140000000000000e+05
1.339530000000000000e+05
1.350010000000000000e+05
1.360610000000000000e+05
1.371250000000000000e+05
1.381890000000000000e+05
1.392880000000000000e+05
1.403680000000000000e+05
1.414480000000000000e+05
1.425160000000000000e+05
1.435800000000000000e+05
1.446400000000000000e+05
1.456970000000000000e+05
1.468190000000000000e+05
1.478760000000000000e+05
1.489520000000000000e+05
1.500030000000000000e+05
1.510600000000000000e+05
1.521400000000000000e+05
1.532340000000000000e+05
1.542850000000000000e+05
1.553790000000000000e+05
1.564730000000000000e+05
1.575330000000000000e+05
1.586270000000000000e+05
1.597030000000000000e+05
1.607790000000000000e+05
1.618330000000000000e+05
1.628720000000000000e+05
1.639440000000000000e+05
1.649920000000000000e+05
1.660520000000000000e+05
1.671120000000000000e+05
1.681720000000000000e+05
1.692440000000000000e+05
1.702980000000000000e+05
1.713820000000000000e+05
1.724390000000000000e+05
1.735280000000000000e+05
1.745850000000000000e+05
1.756390000000000000e+05
1.766870000000000000e+05
1.777510000000000000e+05
1.788190000000000000e+05
1.799030000000000000e+05
1.809670000000000000e+05
1.820350000000000000e+05
1.831240000000000000e+05
1.842000000000000000e+05
1.852480000000000000e+05
1.862900000000000000e+05
1.873500000000000000e+05
1.884010000000000000e+05
1.894730000000000000e+05
1.905370000000000000e+05
1.915910000000000000e+05
1.926710000000000000e+05
1.937430000000000000e+05
1.948150000000000000e+05
1.958830000000000000e+05
1.969310000000000000e+05
1.979680000000000000e+05
1.990360000000000000e+05
2.001040000000000000e+05
2.011720000000000000e+05
2.022090000000000000e+05
2.032480000000000000e+05
2.043050000000000000e+05
2.053620000000000000e+05
2.064510000000000000e+05
2.075310000000000000e+05
2.086030000000000000e+05
2.096480000000000000e+05
2.107120000000000000e+05
2.117510000000000000e+05
2.128190000000000000e+05
