1.649144291877746582e+01
3.504009985923767090e+01
5.381074595451354980e+01
7.242262578010559082e+01
9.094661688804626465e+01
1.094653429985046387e+02
1.281462209224700928e+02
1.468058319091796875e+02
1.653215618133544922e+02
1.838425748348236084e+02
2.023717348575592041e+02
2.208621108531951904e+02
2.393681869506835938e+02
2.578964347839355469e+02
2.763978729248046875e+02
2.948911278247833252e+02
3.135538158416748047e+02
3.321356039047241211e+02
3.506460537910461426e+02
3.692576589584350586e+02
3.878499498367309570e+02
4.064581890106201172e+02
4.250658109188079834e+02
4.436143879890441895e+02
4.621099679470062256e+02
4.806777219772338867e+02
4.991542239189147949e+02
5.179374179840087891e+02
5.365555639266967773e+02
5.552020719051361084e+02
5.740582787990570068e+02
5.927256348133087158e+02
6.113608489036560059e+02
6.301510388851165771e+02
6.479024789333343506e+02
6.649566068649291992e+02
6.822523918151855469e+02
6.993448607921600342e+02
7.166376278400421143e+02
7.341948239803314209e+02
7.514842948913574219e+02
7.685373938083648682e+02
7.856959688663482666e+02
8.032527959346771240e+02
8.206354079246520996e+02
8.377338438034057617e+02
8.550058319568634033e+02
8.723277239799499512e+02
8.899012207984924316e+02
9.072577328681945801e+02
9.249801769256591797e+02
9.419903187751770020e+02
9.590522108078002930e+02
9.761759469509124756e+02
9.932946839332580566e+02
1.009924098968505859e+03
1.025474700927734375e+03
1.041185284852981567e+03
1.056811379909515381e+03
1.072312441825866699e+03
1.087944239854812622e+03
1.103501979827880859e+03
1.119112465858459473e+03
1.134626183986663818e+03
1.150641865968704224e+03
1.166187819957733154e+03
1.181738886833190918e+03
1.198077951908111572e+03
1.213799643993377686e+03
1.229897302865982056e+03
1.245539955854415894e+03
1.261138696908950806e+03
1.276721540927886963e+03
1.292340115785598755e+03
1.307904168844223022e+03
1.323554179906845093e+03
1.339096526861190796e+03
1.355337475776672363e+03
1.371271284818649292e+03
1.387503184795379639e+03
1.403066304922103882e+03
1.418691861867904663e+03
1.434348734855651855e+03
1.449933595895767212e+03
1.465503901958465576e+03
1.481101964950561523e+03
1.497311219930648804e+03
1.513170194864273071e+03
1.528886110782623291e+03
1.544456488847732544e+03
1.560115104913711548e+03
1.575715371847152710e+03
1.591316868782043457e+03
1.608189451932907104e+03
1.623883919000625610e+03
1.639485462903976440e+03
1.655128165960311890e+03
1.670805447816848755e+03
1.686398439884185791e+03
1.702061704874038696e+03
1.717661604881286621e+03
1.733327876806259155e+03
1.748896492958068848e+03
1.765884969949722290e+03
1.782084715843200684e+03
1.797854767799377441e+03
1.813789086818695068e+03
1.830447061777114868e+03
1.846985264778137207e+03
1.863461206912994385e+03
1.880108919858932495e+03
1.897241588830947876e+03
1.914504704952239990e+03
1.930664413928985596e+03
1.946529395818710327e+03
1.963569724798202515e+03
1.979316479921340942e+03
1.994952613830566406e+03
2.010670674800872803e+03
2.027046271800994873e+03
2.042928586006164551e+03
2.058628677845001221e+03
2.074703559875488281e+03
2.090298313856124878e+03
2.106484081983566284e+03
2.122100279808044434e+03
2.139115762948989868e+03
2.155633968830108643e+03
2.171360682964324951e+03
2.187035446882247925e+03
2.202981104850769043e+03
2.218613757848739624e+03
2.234979568004608154e+03
2.251401214838027954e+03
2.267059538841247559e+03
2.282678615808486938e+03
2.298253781795501709e+03
2.314564208984375000e+03
2.330170470952987671e+03
2.347213142871856689e+03
2.363901919841766357e+03
2.379544836997985840e+03
2.395701823949813843e+03
2.411437678813934326e+03
2.427273386955261230e+03
2.442912266969680786e+03
2.458513674974441528e+03
2.474278188943862915e+03
2.490017241001129150e+03
2.507723479986190796e+03
2.523367446899414062e+03
2.539635887861251831e+03
2.556058700799942017e+03
2.571877055883407593e+03
2.588024472951889038e+03
2.604110471963882446e+03
2.620306645870208740e+03
2.636722735881805420e+03
2.653060800790786743e+03
2.669759946823120117e+03
2.686365515947341919e+03
2.702290235996246338e+03
2.717929341793060303e+03
2.733538316965103149e+03
2.749191181898117065e+03
2.765026470899581909e+03
2.780674030780792236e+03
2.796370325803756714e+03
2.812870075941085815e+03
2.829297539949417114e+03
2.845006329774856567e+03
2.860636163949966431e+03
2.877470932960510254e+03
2.893081798791885376e+03
2.908773041009902954e+03
2.925156848907470703e+03
2.940870508909225464e+03
2.956546736955642700e+03
2.972240548849105835e+03
2.988451322793960571e+03
3.004156284809112549e+03
3.020483608961105347e+03
3.036666366815567017e+03
3.052341430902481079e+03
3.068050873994827271e+03
3.083685177803039551e+03
3.099327353954315186e+03
3.115066875934600830e+03
3.130869773864746094e+03
3.146633889913558960e+03
3.162300585985183716e+03
3.177913603782653809e+03
3.193553420782089233e+03
3.209171822786331177e+03
3.224810811996459961e+03
3.240526534795761108e+03
3.256200512886047363e+03
3.271920960903167725e+03
3.288342885971069336e+03
3.304032903909683228e+03
