3.335728883743286133e+00
6.660308837890625000e+00
1.000284194946289062e+01
1.338203096389770508e+01
1.674788880348205566e+01
2.009588289260864258e+01
2.343295192718505859e+01
2.680286979675292969e+01
3.014540600776672363e+01
3.348641896247863770e+01
3.683782887458801270e+01
4.005446481704711914e+01
4.336409687995910645e+01
4.669021201133728027e+01
5.002045893669128418e+01
5.336870193481445312e+01
5.673896694183349609e+01
6.008998680114746094e+01
6.345853686332702637e+01
6.680511784553527832e+01
7.016736793518066406e+01
7.350218391418457031e+01
7.685268998146057129e+01
8.021450781822204590e+01
8.355092382431030273e+01
8.689768981933593750e+01
9.027495384216308594e+01
9.364794397354125977e+01
9.702178502082824707e+01
1.003019468784332275e+02
1.035531389713287354e+02
1.069226789474487305e+02
1.102760219573974609e+02
1.135796399116516113e+02
1.169079909324645996e+02
1.202499389648437500e+02
1.235391139984130859e+02
1.268500268459320068e+02
1.301414358615875244e+02
1.334356119632720947e+02
1.367435519695281982e+02
1.400496308803558350e+02
1.434058268070220947e+02
1.467674419879913330e+02
1.501402449607849121e+02
1.534910268783569336e+02
1.568286819458007812e+02
1.600325558185577393e+02
1.633584988117218018e+02
1.666796028614044189e+02
1.700221548080444336e+02
1.733082878589630127e+02
1.766485729217529297e+02
1.799979979991912842e+02
1.833886828422546387e+02
1.867308189868927002e+02
1.900785608291625977e+02
1.934407908916473389e+02
1.967726438045501709e+02
2.001212508678436279e+02
2.035045719146728516e+02
2.068350749015808105e+02
2.102013378143310547e+02
2.135095629692077637e+02
2.167646679878234863e+02
2.200915639400482178e+02
2.234017338752746582e+02
2.267137148380279541e+02
2.300519928932189941e+02
2.334018299579620361e+02
2.367262418270111084e+02
2.400468769073486328e+02
2.433808968067169189e+02
2.467029798030853271e+02
2.500311689376831055e+02
2.533923659324645996e+02
2.567544598579406738e+02
2.600803790092468262e+02
2.634074428081512451e+02
2.667427458763122559e+02
6.097781896591186523e+00
1.163957381248474121e+01
1.769978380203247070e+01
2.336312890052795410e+01
2.870241189002990723e+01
3.458617591857910156e+01
4.041710782051086426e+01
4.589195299148559570e+01
5.215078377723693848e+01
6.093817281723022461e+01
6.713731479644775391e+01
7.362141180038452148e+01
8.013487696647644043e+01
8.707817983627319336e+01
9.352239990234375000e+01
1.000369989871978760e+02
1.079160509109497070e+02
1.155495989322662354e+02
1.217601039409637451e+02
1.301713488101959229e+02
1.369181098937988281e+02
1.438651797771453857e+02
1.508774359226226807e+02
1.577758147716522217e+02
1.650552229881286621e+02
1.717062368392944336e+02
1.783564708232879639e+02
1.849214508533477783e+02
1.916417489051818848e+02
1.979199159145355225e+02
2.041450519561767578e+02
2.117336099147796631e+02
2.189550948143005371e+02
2.255702948570251465e+02
2.325296399593353271e+02
2.390538768768310547e+02
2.450877737998962402e+02
2.516372017860412598e+02
2.579541139602661133e+02
2.646213479042053223e+02
2.712619729042053223e+02
2.779937419891357422e+02
2.844385778903961182e+02
2.914714419841766357e+02
2.984864850044250488e+02
3.053066868782043457e+02
3.117640929222106934e+02
3.184876508712768555e+02
3.256740789413452148e+02
3.326115739345550537e+02
3.387372767925262451e+02
3.461289968490600586e+02
3.528000929355621338e+02
3.591936268806457520e+02
3.657907907962799072e+02
3.723255939483642578e+02
3.788550469875335693e+02
3.856625039577484131e+02
3.926410138607025146e+02
3.994481909275054932e+02
4.066641728878021240e+02
4.131055898666381836e+02
4.206782898902893066e+02
4.273084948062896729e+02
4.337062678337097168e+02
4.405864379405975342e+02
4.467423558235168457e+02
4.532435648441314697e+02
4.599924058914184570e+02
4.694028699398040771e+02
4.758217558860778809e+02
4.829676268100738525e+02
4.897640259265899658e+02
4.976504697799682617e+02
5.040676589012145996e+02
5.104293928146362305e+02
5.172026588916778564e+02
5.240992379188537598e+02
5.307584807872772217e+02
5.373648920059204102e+02
5.459235458374023438e+02
5.524878599643707275e+02
5.586330699920654297e+02
5.647310237884521484e+02
5.711759698390960693e+02
5.777714169025421143e+02
5.842698118686676025e+02
5.909782168865203857e+02
5.974192597866058350e+02
6.044623088836669922e+02
6.113366119861602783e+02
6.175488219261169434e+02
6.242891178131103516e+02
6.306622018814086914e+02
6.377190499305725098e+02
6.469449629783630371e+02
6.533720088005065918e+02
6.602818579673767090e+02
6.667277967929840088e+02
6.738889389038085938e+02
6.806389648914337158e+02
6.877631278038024902e+02
6.944738609790802002e+02
7.006286900043487549e+02
7.070654468536376953e+02
7.130666148662567139e+02
7.199634618759155273e+02
7.259959349632263184e+02
7.318861179351806641e+02
7.387918279170989990e+02
7.453042798042297363e+02
7.519873487949371338e+02
7.582321729660034180e+02
7.646562759876251221e+02
7.705036189556121826e+02
7.761511569023132324e+02
7.820157539844512939e+02
7.874789259433746338e+02
7.938454208374023438e+02
7.997355189323425293e+02
