4.885737895965576172e+00
9.852097034454345703e+00
1.477808785438537598e+01
1.969901394844055176e+01
2.460712385177612305e+01
2.957036089897155762e+01
3.451520895957946777e+01
3.939127683639526367e+01
4.428799200057983398e+01
4.907139992713928223e+01
5.393922305107116699e+01
5.883290696144104004e+01
6.373214697837829590e+01
6.859658503532409668e+01
7.355524182319641113e+01
7.846479701995849609e+01
8.338801789283752441e+01
8.825572705268859863e+01
9.311389684677124023e+01
9.803977084159851074e+01
1.028821508884429932e+02
1.076673009395599365e+02
1.125730099678039551e+02
1.174722599983215332e+02
1.223711938858032227e+02
1.272349350452423096e+02
1.320502419471740723e+02
1.368387930393218994e+02
1.417406759262084961e+02
1.465566358566284180e+02
1.513558340072631836e+02
1.562483060359954834e+02
1.611163609027862549e+02
1.659517879486083984e+02
1.707850060462951660e+02
1.756841690540313721e+02
1.805644400119781494e+02
1.854449658393859863e+02
1.903091878890991211e+02
1.951774399280548096e+02
2.000524239540100098e+02
2.049677908420562744e+02
2.099179649353027344e+02
2.147320580482482910e+02
2.196286230087280273e+02
2.244438848495483398e+02
2.292771480083465576e+02
2.341594748497009277e+02
2.390725138187408447e+02
2.439879930019378662e+02
2.488516099452972412e+02
2.537515640258789062e+02
2.586603708267211914e+02
2.635700268745422363e+02
2.685277619361877441e+02
2.734232308864593506e+02
2.783098869323730469e+02
2.831080639362335205e+02
2.880722169876098633e+02
2.929801650047302246e+02
2.978430650234222412e+02
3.027372548580169678e+02
3.076294488906860352e+02
3.126146450042724609e+02
3.175545239448547363e+02
3.224732048511505127e+02
3.274457268714904785e+02
3.323405368328094482e+02
3.373123519420623779e+02
3.422123088836669922e+02
3.470835838317871094e+02
3.520040040016174316e+02
3.569428310394287109e+02
3.618529360294342041e+02
3.668184649944305420e+02
3.716697819232940674e+02
3.750775599479675293e+02
3.784277079105377197e+02
3.818174889087677002e+02
3.851939339637756348e+02
3.885464639663696289e+02
3.918926849365234375e+02
3.952061820030212402e+02
3.985424649715423584e+02
4.018603880405426025e+02
4.050424919128417969e+02
4.083674688339233398e+02
4.117104468345642090e+02
4.150617580413818359e+02
4.184101510047912598e+02
4.217197158336639404e+02
4.250662498474121094e+02
4.284045279026031494e+02
4.317490990161895752e+02
4.350790858268737793e+02
4.384339239597320557e+02
4.417971658706665039e+02
4.451292250156402588e+02
4.484372658729553223e+02
4.517807550430297852e+02
4.550733139514923096e+02
4.583076038360595703e+02
4.615633039474487305e+02
4.649074399471282959e+02
4.682474999427795410e+02
4.715805740356445312e+02
4.749094288349151611e+02
4.782522728443145752e+02
4.816113469600677490e+02
4.849518239498138428e+02
4.882998969554901123e+02
4.916601459980010986e+02
4.949947798252105713e+02
4.983177230358123779e+02
5.016465678215026855e+02
5.049542050361633301e+02
5.082801918983459473e+02
5.115759818553924561e+02
5.148110558986663818e+02
5.180979418754577637e+02
5.243291418552398682e+02
5.301729478836059570e+02
5.376407847404479980e+02
5.429649698734283447e+02
5.491997747421264648e+02
5.546923537254333496e+02
5.602069427967071533e+02
5.657252638339996338e+02
5.715558936595916748e+02
5.771790137290954590e+02
5.831623656749725342e+02
5.885277857780456543e+02
5.950040256977081299e+02
6.004030287265777588e+02
6.058569748401641846e+02
6.117265188694000244e+02
6.191421868801116943e+02
6.247110958099365234e+02
6.318058106899261475e+02
6.373490056991577148e+02
6.435683927536010742e+02
6.509738698005676270e+02
6.569826788902282715e+02
6.635289897918701172e+02
6.692428326606750488e+02
6.758779377937316895e+02
6.817162158489227295e+02
6.874410216808319092e+02
6.936361687183380127e+02
6.987393498420715332e+02
7.053782918453216553e+02
7.116259148120880127e+02
7.171345016956329346e+02
7.234858908653259277e+02
7.296404716968536377e+02
7.359657828807830811e+02
7.414695177078247070e+02
7.476254136562347412e+02
7.536969847679138184e+02
7.595048198699951172e+02
7.651176497936248779e+02
7.723163917064666748e+02
7.780890526771545410e+02
7.851570477485656738e+02
7.906511547565460205e+02
7.964014937877655029e+02
8.018974418640136719e+02
8.074403347969055176e+02
8.129562866687774658e+02
8.194087517261505127e+02
8.253564698696136475e+02
8.308920338153839111e+02
8.362273867130279541e+02
8.418523867130279541e+02
8.488367338180541992e+02
8.545216927528381348e+02
8.600837926864624023e+02
8.663862106800079346e+02
8.757624406814575195e+02
8.820916926860809326e+02
8.877224857807159424e+02
8.935614018440246582e+02
8.989252107143402100e+02
9.048037068843841553e+02
9.102979948520660400e+02
9.158572697639465332e+02
9.218572356700897217e+02
9.275978226661682129e+02
9.331770577430725098e+02
9.391503527164459229e+02
9.454040987491607666e+02
9.510610017776489258e+02
9.570302438735961914e+02
9.625828187465667725e+02
9.683333017826080322e+02
9.763200488090515137e+02
9.820621178150177002e+02
9.875579397678375244e+02
9.931625728607177734e+02
9.989567067623138428e+02
