9.609200075864792190e-01
9.859000107049942230e-01
9.912000074386596582e-01
9.935800058841705029e-01
9.953200044631957955e-01
9.966000031232833400e-01
9.973000025749206854e-01
9.978200020790100044e-01
9.983400015830993235e-01
9.987600011825561452e-01
9.989400010108947514e-01
9.991200008392333576e-01
9.992000007629394664e-01
9.994600005149841815e-01
9.995400004386901793e-01
9.995600004196166788e-01
9.995800004005431783e-01
9.997200002670287855e-01
9.997400002479552850e-01
9.998200001716613938e-01
9.998200001716613938e-01
9.998000001907348944e-01
9.998600001335143928e-01
9.998800001144408922e-01
9.999000000953673917e-01
9.999400000572205016e-01
9.999200000762938911e-01
9.999400000572205016e-01
9.999200000762938911e-01
9.999200000762938911e-01
9.999200000762938911e-01
9.999400000572205016e-01
9.999600000381470011e-01
9.999600000381470011e-01
9.999600000381470011e-01
9.999600000381470011e-01
9.999600000381470011e-01
9.999600000381470011e-01
9.999600000381470011e-01
9.999600000381470011e-01
9.999600000381470011e-01
9.999600000381470011e-01
9.999600000381470011e-01
9.999600000381470011e-01
9.999600000381470011e-01
9.999600000381470011e-01
9.999600000381470011e-01
9.999800000190735005e-01
9.999800000190735005e-01
9.999800000190735005e-01
9.999800000190735005e-01
9.999600000381470011e-01
9.999800000190735005e-01
9.999800000190735005e-01
9.999800000190735005e-01
9.999800000190735005e-01
9.999800000190735005e-01
9.999800000190735005e-01
9.999800000190735005e-01
9.999600000381470011e-01
9.999800000190735005e-01
9.999800000190735005e-01
9.999600000381470011e-01
9.999800000190735005e-01
9.999800000190735005e-01
9.999800000190735005e-01
9.999800000190735005e-01
9.999800000190735005e-01
9.999800000190735005e-01
9.999800000190735005e-01
9.999800000190735005e-01
9.999800000190735005e-01
9.999800000190735005e-01
9.999800000190735005e-01
9.999800000190735005e-01
9.999800000190735005e-01
9.999800000190735005e-01
9.999800000190735005e-01
9.999800000190735005e-01
9.999800000190735005e-01
9.445800048112868996e-01
7.856200013756752254e-01
9.051599999666214424e-01
9.341000030040741420e-01
9.336000036001205205e-01
9.588000060319900042e-01
9.676200075149535840e-01
9.412000035047530799e-01
9.711000093221664464e-01
9.761000107526779379e-01
9.711400064229964713e-01
9.804000089168548593e-01
9.779000097513198542e-01
9.768400076627731243e-01
9.644200060367583704e-01
9.807200092077255071e-01
9.816800087690353838e-01
9.873200098276138093e-01
9.845400092601775954e-01
9.880800088644027257e-01
9.873000087738037500e-01
9.909800074100494349e-01
9.871000086069107171e-01
9.908800077438354448e-01
9.893400075435638819e-01
9.926000065803527450e-01
9.904400073289870710e-01
9.896600072383880953e-01
9.939400053024292081e-01
9.886600071191787853e-01
9.913800067901611390e-01
9.945600045919418264e-01
9.962000035047531288e-01
9.785200080871582218e-01
9.839200091361999245e-01
9.849400086402892995e-01
9.902600080966948992e-01
9.905000069141387531e-01
9.902000079154967827e-01
9.857000085115432686e-01
9.904400069713592547e-01
9.922400060892104801e-01
9.939200053215027086e-01
9.955600039958953928e-01
9.949600048065185831e-01
9.961200037002563290e-01
9.758400074243545053e-01
9.865000085830688548e-01
9.908800075054168266e-01
9.840000073909759282e-01
9.828400080204009459e-01
9.870200072526931212e-01
9.927400062084198451e-01
9.941400055885314391e-01
9.880400072336197326e-01
9.886600079536438379e-01
9.510200049877166606e-01
9.678800073862076081e-01
9.808000096082687413e-01
9.838800103664397945e-01
9.883400084972381316e-01
9.856000082492828440e-01
9.762600079774856887e-01
9.884000086784362482e-01
9.895400080680847310e-01
9.913000069856643393e-01
9.883800077438354981e-01
9.927800065279006603e-01
9.942200053930282388e-01
9.963200035095214346e-01
9.954200041294097856e-01
9.925600055456161863e-01
9.953600041866302872e-01
9.961400036811828285e-01
9.954600037336349683e-01
9.964000034332275435e-01
9.972400026321410760e-01
9.974800022840499825e-01
9.919000059366226418e-01
9.967200031280517569e-01
9.959800035953522146e-01
9.850000076293945472e-01
9.752200067043303999e-01
9.812600078582763841e-01
9.743800070285797421e-01
9.901000077724456672e-01
9.890000082254409852e-01
9.788600066900253749e-01
9.915000066757202468e-01
9.946800045967102433e-01
9.964200034141540430e-01
9.917400062084198442e-01
9.946200050115585611e-01
9.927200056314468002e-01
9.948200047016143577e-01
9.963200035095214346e-01
9.943600049018860298e-01
9.956600040197371992e-01
9.947800045013427406e-01
9.971400027275085787e-01
9.911600062847137904e-01
9.947600046396255502e-01
9.956200040578842003e-01
9.973000025749206854e-01
9.945400049686431432e-01
9.964800031185150342e-01
9.972600024938583774e-01
9.970600028038024698e-01
9.972000026702880771e-01
9.926000046730041326e-01
9.961600033044815117e-01
9.982600016593933256e-01
9.980400018692016095e-01
9.985800013542175391e-01
9.975000023841857910e-01
9.984400014877319318e-01
9.990200009346008603e-01
9.978200019598006953e-01
9.972400025129318779e-01
9.982000017166137162e-01
