7.860199993439018762e-01
8.883800014257431377e-01
9.021399985551834533e-01
9.118200014829636046e-01
9.164400005340576083e-01
9.226600003242492187e-01
9.243600018024444864e-01
9.342200031280517569e-01
9.345400018692016086e-01
9.377400015592575189e-01
9.383200016021728818e-01
9.432000018358230875e-01
9.421800030469894560e-01
9.436400039196014555e-01
9.485400046110152861e-01
9.481400041580200222e-01
9.508200043439865023e-01
9.525000033378601128e-01
9.545600036382675402e-01
9.563600044250488708e-01
9.565200037956237411e-01
9.588000047206878262e-01
9.585200018882751305e-01
9.607000037431716599e-01
9.630600043535232357e-01
9.619600055217742973e-01
9.641400057077408325e-01
9.664400072097778516e-01
9.656600050926208434e-01
9.666200070381164577e-01
9.661000083684920803e-01
9.685000083446502206e-01
9.693000079393386814e-01
9.683200073242187456e-01
9.688800076246261161e-01
9.722800097465514879e-01
9.711800101995468060e-01
9.711200090646743277e-01
9.714000092744827786e-01
9.735200101137161388e-01
9.749400110244751394e-01
9.748000091314316107e-01
9.745000092983245876e-01
9.754200105667114595e-01
9.769200097322463527e-01
9.746400096416473202e-01
9.750200085639953995e-01
9.778200109004974161e-01
9.771400091648101416e-01
9.777800108194351081e-01
9.777600106000899904e-01
9.787400106191634919e-01
9.792200108766555555e-01
9.811000101566315079e-01
9.800400114059448775e-01
9.807800112962722361e-01
9.810000104904175178e-01
9.814200108051299720e-01
9.814600098133087203e-01
9.822600101232528136e-01
9.838600109815597294e-01
9.821400098800658895e-01
9.835600112676620155e-01
9.838000099658965603e-01
9.833000111579894842e-01
9.841000108718872541e-01
9.833000100851059244e-01
9.837200099229812533e-01
9.855400102138519580e-01
9.842000114917754949e-01
9.847200109958648140e-01
9.848400106430054146e-01
9.849600102901459042e-01
9.863600107431411690e-01
9.854600108861922836e-01
9.860800105333328291e-01
9.867800105810164979e-01
9.870200097560882790e-01
9.854600098133087238e-01
9.868000099658965629e-01
9.872000104188919378e-01
9.874400106668472787e-01
9.863800107240676684e-01
9.872800101041794285e-01
9.876600096225738312e-01
9.880400096178054703e-01
9.879800096750259719e-01
9.879800096750259719e-01
9.894800096750259177e-01
9.886400089263915891e-01
9.888600082397460689e-01
9.890200082063674847e-01
9.893600081205368157e-01
9.903800082206726252e-01
9.896000083684921567e-01
9.890600085258484109e-01
9.888000088930130049e-01
9.898800079822540621e-01
9.904200078248978079e-01
9.905000076293944966e-01
9.901600077152251655e-01
9.902600075006484648e-01
9.909000078439712533e-01
9.910400074720382424e-01
9.906200075149536044e-01
9.907400071620940940e-01
9.911200077533721675e-01
9.907800079584121455e-01
9.911200066804886077e-01
9.918000065088271588e-01
9.907400079965591466e-01
9.912200076580047758e-01
9.919200065135955757e-01
9.922400069236755327e-01
9.921000066995621092e-01
9.911800078153609750e-01
9.922200064659119079e-01
9.921200065612792995e-01
9.921000069379806163e-01
9.924400069713592565e-01
9.921800072193145414e-01
9.923400070667266482e-01
9.931200063228606822e-01
9.928200067281722774e-01
9.932200064659119088e-01
9.930000065565108835e-01
9.927600067853927790e-01
9.928000067472457779e-01
9.932400060892104809e-01
9.936200059652328109e-01
9.937600055932999110e-01
9.936200059652328109e-01
9.937800058126449176e-01
9.937400056123733005e-01
9.941200056076049396e-01
9.940600056648254412e-01
9.936800060272217294e-01
9.944800052642822630e-01
9.944000053405761541e-01
9.938800058364868351e-01
9.938800058364868351e-01
9.941800055503845490e-01
9.955400042533874005e-01
9.944000053405761541e-01
9.949600048065185831e-01
9.947800049781799769e-01
9.944600052833557635e-01
9.951200046539306898e-01
9.953800044059752938e-01
9.952800045013427965e-01
9.955200042724609011e-01
9.948200049400329759e-01
9.956800041198730078e-01
9.955000042915344016e-01
9.961800036430359384e-01
9.960800037384033301e-01
9.958600039482117250e-01
9.958200039863586150e-01
9.954800043106079022e-01
9.962000036239624379e-01
9.959800038337707218e-01
9.958200039863586150e-01
9.960200037956238317e-01
9.962200036048889373e-01
9.965600032806396502e-01
9.966600031852722585e-01
9.961400036811828285e-01
9.965200033187866513e-01
9.965600032806396502e-01
9.969800028800964720e-01
9.971000027656554687e-01
9.964600033760070419e-01
9.968600029945373642e-01
9.969800028800964720e-01
9.963200035095214346e-01
9.970000028610229714e-01
9.972400026321410760e-01
9.969600028991699725e-01
9.968800029754638636e-01
9.969800028800964720e-01
9.968200030326843653e-01
9.972400026321410760e-01
9.973800024986266832e-01
9.973800024986266832e-01
9.973400025367736843e-01
9.973000025749206854e-01
9.974800024032592916e-01
9.974800024032592916e-01
9.978000020980835050e-01
9.976400022506713983e-01
9.975600023269652894e-01
9.978200020790100044e-01
9.978000020980835050e-01
9.978200020790100044e-01
9.975600023269652894e-01
9.983200016021728240e-01
9.976600022315978977e-01
9.980000019073486106e-01
9.975800023078918999e-01
9.977000021934508966e-01
9.978400020599365039e-01
9.978000020980835050e-01
9.980200018882751101e-01
9.977600021362305061e-01
9.980600018501282200e-01
9.979000020027161133e-01
9.979800019264221111e-01
9.981200017929077184e-01
9.979000020027161133e-01
9.984000015258789329e-01
9.981000018119812189e-01
9.981000018119812189e-01
9.981400017738342179e-01
9.984200015068054324e-01
9.980800018310547195e-01
9.985000014305114302e-01
9.986200013160705380e-01
9.982400016784668262e-01
9.986400012969970374e-01
9.986400012969970374e-01
9.986600012779235369e-01
9.986200013160705380e-01
9.986600012779235369e-01
9.985000014305114302e-01
9.984600014686584313e-01
9.983000016212463246e-01
9.989200010299682519e-01
9.987200012207031463e-01
9.984400014877319318e-01
9.985600013732910396e-01
9.988600010871887536e-01
9.988400011062622541e-01
9.989800009727477503e-01
9.990400009155273597e-01
9.992800006866454643e-01
9.988600010871887536e-01
9.989000010490417525e-01
9.987600011825561452e-01
9.989800009727477503e-01
9.989200010299682519e-01
9.989200010299682519e-01
9.989600009918212509e-01
9.989200010299682519e-01
9.986800012588501474e-01
9.990800008773803587e-01
9.988800010681152530e-01
9.991400008201598570e-01
9.991400008201598570e-01
9.988000011444091442e-01
9.989400010108947514e-01
9.989600009918212509e-01
9.991000008583068581e-01
9.993000006675720748e-01
9.991400008201598570e-01
9.991000008583068581e-01
9.990600008964538592e-01
9.989800009727477503e-01
9.993000006675720748e-01
9.993000006675720748e-01
9.988400011062622541e-01
9.990600008964538592e-01
9.994400005340575710e-01
9.992600007057189648e-01
9.993000006675720748e-01
9.991200008392333576e-01
9.992400007247924654e-01
9.992200007438659659e-01
9.992400007247924654e-01
9.991000008583068581e-01
9.994400005340575710e-01
9.994000005722045721e-01
9.995000004768371804e-01
9.993600006103515732e-01
9.993800005912780726e-01
9.992200007438659659e-01
9.992000007629394664e-01
9.994200005531310715e-01
9.994800004959106809e-01
9.992800006866454643e-01
9.992000007629394664e-01
9.993200006484985742e-01
9.993200006484985742e-01
9.993200006484985742e-01
9.993000006675720748e-01
9.992800006866454643e-01
9.994800004959106809e-01
9.995600004196166788e-01
9.994000005722045721e-01
9.994600005149841815e-01
9.993000006675720748e-01
9.994000005722045721e-01
9.994000005722045721e-01
9.995000004768371804e-01
9.993600006103515732e-01
9.994600005149841815e-01
9.996600003242492871e-01
9.993800005912780726e-01
9.992800006866454643e-01
9.995600004196166788e-01
9.994400005340575710e-01
9.995400004386901793e-01
9.996000003814696777e-01
9.995200004577636799e-01
9.994400005340575710e-01
9.993400006294250737e-01
9.994600005149841815e-01
9.995600004196166788e-01
9.997000002861022860e-01
9.994400005340575710e-01
9.995000004768371804e-01
9.994200005531310715e-01
9.997600002288817844e-01
9.997200002670287855e-01
9.996400003433227877e-01
9.995600004196166788e-01
9.997200002670287855e-01
9.996400003433227877e-01
9.997800002098083949e-01
9.997200002670287855e-01
9.996000003814696777e-01
9.996800003051757866e-01
9.996200003623962882e-01
9.996800003051757866e-01
9.996000003814696777e-01
9.997200002670287855e-01
9.997400002479552850e-01
9.997400002479552850e-01
9.996600003242492871e-01
9.996000003814696777e-01
9.997400002479552850e-01
9.996600003242492871e-01
9.996400003433227877e-01
9.997200002670287855e-01
9.997800002098083949e-01
9.997200002670287855e-01
9.997800002098083949e-01
9.996400003433227877e-01
9.996800003051757866e-01
9.996400003433227877e-01
9.995800004005431783e-01
9.997800002098083949e-01
9.997800002098083949e-01
9.996200003623962882e-01
9.998200001716613938e-01
9.997800002098083949e-01
9.997600002288817844e-01
9.998200001716613938e-01
9.997800002098083949e-01
9.997800002098083949e-01
9.998400001525878933e-01
9.997200002670287855e-01
9.999000000953673917e-01
9.997000002861022860e-01
9.998600001335143928e-01
9.997000002861022860e-01
9.996600003242492871e-01
9.996800003051757866e-01
9.997200002670287855e-01
9.997800002098083949e-01
9.998400001525878933e-01
9.998000001907348944e-01
9.996600003242492871e-01
9.997000002861022860e-01
9.997000002861022860e-01
9.996800003051757866e-01
9.996800003051757866e-01
9.998000001907348944e-01
9.997600002288817844e-01
9.998800001144408922e-01
9.998000001907348944e-01
9.997600002288817844e-01
9.997400002479552850e-01
9.998200001716613938e-01
9.998200001716613938e-01
9.999200000762938911e-01
9.998200001716613938e-01
9.998000001907348944e-01
9.997200002670287855e-01
9.997200002670287855e-01
9.999000000953673917e-01
9.998600001335143928e-01
9.998000001907348944e-01
9.998400001525878933e-01
9.998000001907348944e-01
9.999400000572205016e-01
9.999000000953673917e-01
9.998200001716613938e-01
9.999000000953673917e-01
9.999400000572205016e-01
9.999200000762938911e-01
9.997800002098083949e-01
9.998400001525878933e-01
9.998400001525878933e-01
9.999400000572205016e-01
9.999400000572205016e-01
9.998600001335143928e-01
9.998600001335143928e-01
9.999200000762938911e-01
9.999200000762938911e-01
9.999600000381470011e-01
9.999200000762938911e-01
9.997200002670287855e-01
9.999400000572205016e-01
9.998800001144408922e-01
9.999200000762938911e-01
9.998600001335143928e-01
9.999000000953673917e-01
9.998400001525878933e-01
9.998600001335143928e-01
9.999600000381470011e-01
9.999000000953673917e-01
9.999200000762938911e-01
9.998600001335143928e-01
9.999000000953673917e-01
9.999600000381470011e-01
9.998200001716613938e-01
9.999400000572205016e-01
9.999000000953673917e-01
9.999400000572205016e-01
9.999000000953673917e-01
9.999200000762938911e-01
9.999800000190735005e-01
9.999600000381470011e-01
9.999400000572205016e-01
9.998400001525878933e-01
9.999200000762938911e-01
9.999200000762938911e-01
9.999400000572205016e-01
9.999400000572205016e-01
9.999800000190735005e-01
9.999800000190735005e-01
9.999600000381470011e-01
9.999200000762938911e-01
9.999800000190735005e-01
9.999400000572205016e-01
9.999800000190735005e-01
9.999800000190735005e-01
9.999800000190735005e-01
9.999800000190735005e-01
9.999600000381470011e-01
9.999400000572205016e-01
9.999600000381470011e-01
1.000000000000000000e+00
9.999600000381470011e-01
9.999800000190735005e-01
9.999600000381470011e-01
9.999800000190735005e-01
9.999800000190735005e-01
9.999200000762938911e-01
9.999400000572205016e-01
9.999600000381470011e-01
1.000000000000000000e+00
9.999600000381470011e-01
9.999600000381470011e-01
9.999600000381470011e-01
9.999400000572205016e-01
9.999600000381470011e-01
9.999600000381470011e-01
1.000000000000000000e+00
9.999800000190735005e-01
9.999600000381470011e-01
9.999400000572205016e-01
9.999400000572205016e-01
9.999600000381470011e-01
9.999600000381470011e-01
9.999400000572205016e-01
1.000000000000000000e+00
9.999800000190735005e-01
1.000000000000000000e+00
9.999600000381470011e-01
9.999600000381470011e-01
9.999600000381470011e-01
1.000000000000000000e+00
9.999800000190735005e-01
9.999400000572205016e-01
9.999800000190735005e-01
1.000000000000000000e+00
1.000000000000000000e+00
1.000000000000000000e+00
9.999600000381470011e-01
9.999800000190735005e-01
9.999800000190735005e-01
9.999800000190735005e-01
1.000000000000000000e+00
1.000000000000000000e+00
1.000000000000000000e+00
1.000000000000000000e+00
1.000000000000000000e+00
1.000000000000000000e+00
1.000000000000000000e+00
1.000000000000000000e+00
1.000000000000000000e+00
1.000000000000000000e+00
1.000000000000000000e+00
1.000000000000000000e+00
1.000000000000000000e+00
1.000000000000000000e+00
1.000000000000000000e+00
1.000000000000000000e+00
1.000000000000000000e+00
1.000000000000000000e+00
1.000000000000000000e+00
1.000000000000000000e+00
1.000000000000000000e+00
1.000000000000000000e+00
1.000000000000000000e+00
1.000000000000000000e+00
1.000000000000000000e+00
1.000000000000000000e+00
1.000000000000000000e+00
1.000000000000000000e+00
1.000000000000000000e+00
1.000000000000000000e+00
1.000000000000000000e+00
1.000000000000000000e+00
1.000000000000000000e+00
1.000000000000000000e+00
1.000000000000000000e+00
1.000000000000000000e+00
1.000000000000000000e+00
1.000000000000000000e+00
1.000000000000000000e+00
1.000000000000000000e+00
1.000000000000000000e+00
1.000000000000000000e+00
1.000000000000000000e+00
1.000000000000000000e+00
1.000000000000000000e+00
1.000000000000000000e+00
1.000000000000000000e+00
1.000000000000000000e+00
1.000000000000000000e+00
1.000000000000000000e+00
1.000000000000000000e+00
1.000000000000000000e+00
1.000000000000000000e+00
1.000000000000000000e+00
1.000000000000000000e+00
1.000000000000000000e+00
1.000000000000000000e+00
1.000000000000000000e+00
1.000000000000000000e+00
1.000000000000000000e+00
1.000000000000000000e+00
1.000000000000000000e+00
1.000000000000000000e+00
1.000000000000000000e+00
1.000000000000000000e+00
1.000000000000000000e+00
1.000000000000000000e+00
1.000000000000000000e+00
1.000000000000000000e+00
1.000000000000000000e+00
1.000000000000000000e+00
1.000000000000000000e+00
1.000000000000000000e+00
1.000000000000000000e+00
1.000000000000000000e+00
1.000000000000000000e+00
1.000000000000000000e+00
1.000000000000000000e+00
1.000000000000000000e+00
1.000000000000000000e+00
1.000000000000000000e+00
1.000000000000000000e+00
1.000000000000000000e+00
1.000000000000000000e+00
1.000000000000000000e+00
1.000000000000000000e+00
1.000000000000000000e+00
1.000000000000000000e+00
1.000000000000000000e+00
1.000000000000000000e+00
1.000000000000000000e+00
1.000000000000000000e+00
1.000000000000000000e+00
1.000000000000000000e+00
1.000000000000000000e+00
1.000000000000000000e+00
1.000000000000000000e+00
1.000000000000000000e+00
1.000000000000000000e+00
1.000000000000000000e+00
1.000000000000000000e+00
1.000000000000000000e+00
1.000000000000000000e+00
1.000000000000000000e+00
1.000000000000000000e+00
1.000000000000000000e+00
1.000000000000000000e+00
1.000000000000000000e+00
1.000000000000000000e+00
1.000000000000000000e+00
1.000000000000000000e+00
1.000000000000000000e+00
1.000000000000000000e+00
1.000000000000000000e+00
1.000000000000000000e+00
1.000000000000000000e+00
1.000000000000000000e+00
1.000000000000000000e+00
1.000000000000000000e+00
1.000000000000000000e+00
1.000000000000000000e+00
1.000000000000000000e+00
1.000000000000000000e+00
1.000000000000000000e+00
1.000000000000000000e+00
1.000000000000000000e+00
1.000000000000000000e+00
1.000000000000000000e+00
1.000000000000000000e+00
1.000000000000000000e+00
1.000000000000000000e+00
1.000000000000000000e+00
1.000000000000000000e+00
1.000000000000000000e+00
1.000000000000000000e+00
1.000000000000000000e+00
1.000000000000000000e+00
1.000000000000000000e+00
1.000000000000000000e+00
1.000000000000000000e+00
1.000000000000000000e+00
1.000000000000000000e+00
1.000000000000000000e+00
1.000000000000000000e+00
1.000000000000000000e+00
1.000000000000000000e+00
1.000000000000000000e+00
1.000000000000000000e+00
1.000000000000000000e+00
1.000000000000000000e+00
1.000000000000000000e+00
1.000000000000000000e+00
1.000000000000000000e+00
1.000000000000000000e+00
1.000000000000000000e+00
1.000000000000000000e+00
1.000000000000000000e+00
1.000000000000000000e+00
1.000000000000000000e+00
1.000000000000000000e+00
1.000000000000000000e+00
1.000000000000000000e+00
1.000000000000000000e+00
1.000000000000000000e+00
1.000000000000000000e+00
1.000000000000000000e+00
1.000000000000000000e+00
1.000000000000000000e+00
1.000000000000000000e+00
1.000000000000000000e+00
1.000000000000000000e+00
1.000000000000000000e+00
1.000000000000000000e+00
1.000000000000000000e+00
1.000000000000000000e+00
1.000000000000000000e+00
1.000000000000000000e+00
1.000000000000000000e+00
1.000000000000000000e+00
1.000000000000000000e+00
1.000000000000000000e+00
1.000000000000000000e+00
1.000000000000000000e+00
1.000000000000000000e+00
1.000000000000000000e+00
1.000000000000000000e+00
1.000000000000000000e+00
1.000000000000000000e+00
1.000000000000000000e+00
1.000000000000000000e+00
1.000000000000000000e+00
1.000000000000000000e+00
1.000000000000000000e+00
1.000000000000000000e+00
1.000000000000000000e+00
1.000000000000000000e+00
1.000000000000000000e+00
1.000000000000000000e+00
1.000000000000000000e+00
1.000000000000000000e+00
1.000000000000000000e+00
1.000000000000000000e+00
1.000000000000000000e+00
1.000000000000000000e+00
1.000000000000000000e+00
1.000000000000000000e+00
1.000000000000000000e+00
1.000000000000000000e+00
1.000000000000000000e+00
1.000000000000000000e+00
1.000000000000000000e+00
1.000000000000000000e+00
1.000000000000000000e+00
1.000000000000000000e+00
1.000000000000000000e+00
1.000000000000000000e+00
1.000000000000000000e+00
1.000000000000000000e+00
1.000000000000000000e+00
1.000000000000000000e+00
1.000000000000000000e+00
1.000000000000000000e+00
1.000000000000000000e+00
1.000000000000000000e+00
1.000000000000000000e+00
1.000000000000000000e+00
1.000000000000000000e+00
1.000000000000000000e+00
1.000000000000000000e+00
1.000000000000000000e+00
1.000000000000000000e+00
1.000000000000000000e+00
1.000000000000000000e+00
1.000000000000000000e+00
1.000000000000000000e+00
1.000000000000000000e+00
1.000000000000000000e+00
1.000000000000000000e+00
1.000000000000000000e+00
1.000000000000000000e+00
1.000000000000000000e+00
1.000000000000000000e+00
1.000000000000000000e+00
1.000000000000000000e+00
1.000000000000000000e+00
1.000000000000000000e+00
1.000000000000000000e+00
1.000000000000000000e+00
1.000000000000000000e+00
1.000000000000000000e+00
1.000000000000000000e+00
1.000000000000000000e+00
1.000000000000000000e+00
1.000000000000000000e+00
1.000000000000000000e+00
1.000000000000000000e+00
1.000000000000000000e+00
1.000000000000000000e+00
1.000000000000000000e+00
1.000000000000000000e+00
1.000000000000000000e+00
1.000000000000000000e+00
1.000000000000000000e+00
1.000000000000000000e+00
1.000000000000000000e+00
1.000000000000000000e+00
1.000000000000000000e+00
1.000000000000000000e+00
1.000000000000000000e+00
1.000000000000000000e+00
1.000000000000000000e+00
1.000000000000000000e+00
1.000000000000000000e+00
1.000000000000000000e+00
1.000000000000000000e+00
1.000000000000000000e+00
1.000000000000000000e+00
1.000000000000000000e+00
1.000000000000000000e+00
1.000000000000000000e+00
1.000000000000000000e+00
1.000000000000000000e+00
1.000000000000000000e+00
1.000000000000000000e+00
1.000000000000000000e+00
1.000000000000000000e+00
1.000000000000000000e+00
1.000000000000000000e+00
1.000000000000000000e+00
1.000000000000000000e+00
1.000000000000000000e+00
1.000000000000000000e+00
1.000000000000000000e+00
1.000000000000000000e+00
1.000000000000000000e+00
1.000000000000000000e+00
1.000000000000000000e+00
1.000000000000000000e+00
1.000000000000000000e+00
1.000000000000000000e+00
1.000000000000000000e+00
1.000000000000000000e+00
1.000000000000000000e+00
1.000000000000000000e+00
1.000000000000000000e+00
1.000000000000000000e+00
1.000000000000000000e+00
1.000000000000000000e+00
1.000000000000000000e+00
1.000000000000000000e+00
1.000000000000000000e+00
1.000000000000000000e+00
1.000000000000000000e+00
1.000000000000000000e+00
1.000000000000000000e+00
1.000000000000000000e+00
1.000000000000000000e+00
