6.000000000000000000e+03
1.200000000000000000e+04
1.800000000000000000e+04
2.400000000000000000e+04
3.000000000000000000e+04
3.600000000000000000e+04
4.200000000000000000e+04
4.800000000000000000e+04
5.400000000000000000e+04
6.000000000000000000e+04
6.600000000000000000e+04
7.200000000000000000e+04
7.800000000000000000e+04
8.400000000000000000e+04
9.000000000000000000e+04
9.600000000000000000e+04
1.020000000000000000e+05
1.080000000000000000e+05
1.140000000000000000e+05
1.200000000000000000e+05
1.260000000000000000e+05
1.320000000000000000e+05
1.380000000000000000e+05
1.440000000000000000e+05
1.500000000000000000e+05
1.560000000000000000e+05
1.620000000000000000e+05
1.680000000000000000e+05
1.740000000000000000e+05
1.800000000000000000e+05
1.860000000000000000e+05
1.920000000000000000e+05
1.980000000000000000e+05
2.040000000000000000e+05
2.100000000000000000e+05
2.160000000000000000e+05
2.220000000000000000e+05
2.280000000000000000e+05
2.340000000000000000e+05
2.400000000000000000e+05
2.460000000000000000e+05
2.520000000000000000e+05
2.580000000000000000e+05
2.640000000000000000e+05
2.700000000000000000e+05
2.760000000000000000e+05
2.820000000000000000e+05
2.880000000000000000e+05
2.940000000000000000e+05
3.000000000000000000e+05
3.060000000000000000e+05
3.120000000000000000e+05
3.180000000000000000e+05
3.240000000000000000e+05
3.300000000000000000e+05
3.360000000000000000e+05
3.420000000000000000e+05
3.480000000000000000e+05
3.540000000000000000e+05
3.600000000000000000e+05
3.660000000000000000e+05
3.720000000000000000e+05
3.780000000000000000e+05
3.840000000000000000e+05
3.900000000000000000e+05
3.960000000000000000e+05
4.020000000000000000e+05
4.080000000000000000e+05
4.140000000000000000e+05
4.200000000000000000e+05
4.260000000000000000e+05
4.320000000000000000e+05
4.380000000000000000e+05
4.440000000000000000e+05
4.500000000000000000e+05
4.560000000000000000e+05
4.620000000000000000e+05
4.680000000000000000e+05
4.740000000000000000e+05
4.800000000000000000e+05
4.860000000000000000e+05
4.920000000000000000e+05
4.980000000000000000e+05
5.040000000000000000e+05
5.100000000000000000e+05
5.160000000000000000e+05
5.220000000000000000e+05
5.280000000000000000e+05
5.340000000000000000e+05
5.400000000000000000e+05
5.460000000000000000e+05
5.520000000000000000e+05
5.580000000000000000e+05
5.640000000000000000e+05
5.700000000000000000e+05
5.760000000000000000e+05
5.820000000000000000e+05
5.880000000000000000e+05
5.940000000000000000e+05
6.000000000000000000e+05
6.060000000000000000e+05
6.120000000000000000e+05
6.180000000000000000e+05
6.240000000000000000e+05
6.300000000000000000e+05
6.360000000000000000e+05
6.420000000000000000e+05
6.480000000000000000e+05
6.540000000000000000e+05
6.600000000000000000e+05
6.660000000000000000e+05
6.720000000000000000e+05
6.780000000000000000e+05
6.840000000000000000e+05
6.900000000000000000e+05
6.960000000000000000e+05
7.020000000000000000e+05
7.080000000000000000e+05
7.140000000000000000e+05
7.200000000000000000e+05
7.260000000000000000e+05
7.320000000000000000e+05
7.380000000000000000e+05
7.440000000000000000e+05
7.500000000000000000e+05
7.560000000000000000e+05
7.620000000000000000e+05
7.680000000000000000e+05
7.740000000000000000e+05
7.800000000000000000e+05
7.860000000000000000e+05
7.920000000000000000e+05
7.980000000000000000e+05
8.040000000000000000e+05
8.100000000000000000e+05
8.160000000000000000e+05
8.220000000000000000e+05
8.280000000000000000e+05
8.340000000000000000e+05
8.400000000000000000e+05
8.460000000000000000e+05
8.520000000000000000e+05
8.580000000000000000e+05
8.640000000000000000e+05
8.700000000000000000e+05
8.760000000000000000e+05
8.820000000000000000e+05
8.880000000000000000e+05
8.940000000000000000e+05
9.000000000000000000e+05
9.060000000000000000e+05
9.120000000000000000e+05
9.180000000000000000e+05
9.240000000000000000e+05
9.300000000000000000e+05
9.360000000000000000e+05
9.420000000000000000e+05
9.480000000000000000e+05
9.540000000000000000e+05
9.600000000000000000e+05
9.660000000000000000e+05
9.720000000000000000e+05
9.780000000000000000e+05
9.840000000000000000e+05
9.900000000000000000e+05
9.960000000000000000e+05
1.002000000000000000e+06
1.008000000000000000e+06
1.014000000000000000e+06
1.020000000000000000e+06
1.026000000000000000e+06
1.032000000000000000e+06
1.038000000000000000e+06
1.044000000000000000e+06
1.050000000000000000e+06
1.056000000000000000e+06
1.062000000000000000e+06
1.068000000000000000e+06
1.074000000000000000e+06
1.080000000000000000e+06
1.086000000000000000e+06
1.092000000000000000e+06
1.098000000000000000e+06
1.104000000000000000e+06
1.110000000000000000e+06
1.116000000000000000e+06
1.122000000000000000e+06
1.128000000000000000e+06
1.134000000000000000e+06
1.140000000000000000e+06
1.146000000000000000e+06
1.152000000000000000e+06
1.158000000000000000e+06
1.164000000000000000e+06
1.170000000000000000e+06
1.176000000000000000e+06
1.182000000000000000e+06
1.188000000000000000e+06
1.194000000000000000e+06
1.200000000000000000e+06
1.206000000000000000e+06
1.212000000000000000e+06
1.218000000000000000e+06
1.224000000000000000e+06
1.230000000000000000e+06
1.236000000000000000e+06
1.242000000000000000e+06
1.248000000000000000e+06
1.254000000000000000e+06
1.260000000000000000e+06
1.266000000000000000e+06
1.272000000000000000e+06
1.278000000000000000e+06
1.284000000000000000e+06
1.290000000000000000e+06
1.296000000000000000e+06
1.302000000000000000e+06
1.308000000000000000e+06
1.314000000000000000e+06
1.320000000000000000e+06
1.326000000000000000e+06
1.332000000000000000e+06
1.338000000000000000e+06
1.344000000000000000e+06
1.350000000000000000e+06
1.356000000000000000e+06
1.362000000000000000e+06
1.368000000000000000e+06
1.374000000000000000e+06
1.380000000000000000e+06
1.386000000000000000e+06
1.392000000000000000e+06
1.398000000000000000e+06
1.404000000000000000e+06
1.410000000000000000e+06
1.416000000000000000e+06
1.422000000000000000e+06
1.428000000000000000e+06
1.434000000000000000e+06
1.440000000000000000e+06
1.446000000000000000e+06
1.452000000000000000e+06
1.458000000000000000e+06
1.464000000000000000e+06
1.470000000000000000e+06
1.476000000000000000e+06
1.482000000000000000e+06
1.488000000000000000e+06
1.494000000000000000e+06
1.500000000000000000e+06
1.506000000000000000e+06
1.512000000000000000e+06
1.518000000000000000e+06
1.524000000000000000e+06
1.530000000000000000e+06
1.536000000000000000e+06
1.542000000000000000e+06
1.548000000000000000e+06
1.554000000000000000e+06
1.560000000000000000e+06
1.566000000000000000e+06
1.572000000000000000e+06
1.578000000000000000e+06
1.584000000000000000e+06
1.590000000000000000e+06
1.596000000000000000e+06
1.602000000000000000e+06
1.608000000000000000e+06
1.614000000000000000e+06
1.620000000000000000e+06
1.626000000000000000e+06
1.632000000000000000e+06
1.638000000000000000e+06
1.644000000000000000e+06
1.650000000000000000e+06
1.656000000000000000e+06
1.662000000000000000e+06
1.668000000000000000e+06
1.674000000000000000e+06
1.680000000000000000e+06
1.686000000000000000e+06
1.692000000000000000e+06
1.698000000000000000e+06
1.704000000000000000e+06
1.710000000000000000e+06
1.716000000000000000e+06
1.722000000000000000e+06
1.728000000000000000e+06
1.734000000000000000e+06
1.740000000000000000e+06
1.746000000000000000e+06
1.752000000000000000e+06
1.758000000000000000e+06
1.764000000000000000e+06
1.770000000000000000e+06
1.776000000000000000e+06
1.782000000000000000e+06
1.788000000000000000e+06
1.794000000000000000e+06
1.800000000000000000e+06
1.806000000000000000e+06
1.812000000000000000e+06
1.818000000000000000e+06
1.824000000000000000e+06
1.830000000000000000e+06
1.836000000000000000e+06
1.842000000000000000e+06
1.848000000000000000e+06
1.854000000000000000e+06
1.860000000000000000e+06
1.866000000000000000e+06
1.872000000000000000e+06
1.878000000000000000e+06
1.884000000000000000e+06
1.890000000000000000e+06
1.896000000000000000e+06
1.902000000000000000e+06
1.908000000000000000e+06
1.914000000000000000e+06
1.920000000000000000e+06
1.926000000000000000e+06
1.932000000000000000e+06
1.938000000000000000e+06
1.944000000000000000e+06
1.950000000000000000e+06
1.956000000000000000e+06
1.962000000000000000e+06
1.968000000000000000e+06
1.974000000000000000e+06
1.980000000000000000e+06
1.986000000000000000e+06
1.992000000000000000e+06
1.998000000000000000e+06
2.004000000000000000e+06
2.010000000000000000e+06
2.016000000000000000e+06
2.022000000000000000e+06
2.028000000000000000e+06
2.034000000000000000e+06
2.040000000000000000e+06
2.046000000000000000e+06
2.052000000000000000e+06
2.058000000000000000e+06
2.064000000000000000e+06
2.070000000000000000e+06
2.076000000000000000e+06
2.082000000000000000e+06
2.088000000000000000e+06
2.094000000000000000e+06
2.100000000000000000e+06
2.106000000000000000e+06
2.112000000000000000e+06
2.118000000000000000e+06
2.124000000000000000e+06
2.130000000000000000e+06
2.136000000000000000e+06
2.142000000000000000e+06
2.148000000000000000e+06
2.154000000000000000e+06
2.160000000000000000e+06
2.166000000000000000e+06
2.172000000000000000e+06
2.178000000000000000e+06
2.184000000000000000e+06
2.190000000000000000e+06
2.196000000000000000e+06
2.202000000000000000e+06
2.208000000000000000e+06
2.214000000000000000e+06
2.220000000000000000e+06
2.226000000000000000e+06
2.232000000000000000e+06
2.238000000000000000e+06
2.244000000000000000e+06
2.250000000000000000e+06
2.256000000000000000e+06
2.262000000000000000e+06
2.268000000000000000e+06
2.274000000000000000e+06
2.280000000000000000e+06
2.286000000000000000e+06
2.292000000000000000e+06
2.298000000000000000e+06
2.304000000000000000e+06
2.310000000000000000e+06
2.316000000000000000e+06
2.322000000000000000e+06
2.328000000000000000e+06
2.334000000000000000e+06
2.340000000000000000e+06
2.346000000000000000e+06
2.352000000000000000e+06
2.358000000000000000e+06
2.364000000000000000e+06
2.370000000000000000e+06
2.376000000000000000e+06
2.382000000000000000e+06
2.388000000000000000e+06
2.394000000000000000e+06
2.400000000000000000e+06
2.406000000000000000e+06
2.412000000000000000e+06
2.418000000000000000e+06
2.424000000000000000e+06
2.430000000000000000e+06
2.436000000000000000e+06
2.442000000000000000e+06
2.448000000000000000e+06
2.454000000000000000e+06
2.460000000000000000e+06
2.466000000000000000e+06
2.472000000000000000e+06
2.478000000000000000e+06
2.484000000000000000e+06
2.490000000000000000e+06
2.496000000000000000e+06
2.502000000000000000e+06
2.508000000000000000e+06
2.514000000000000000e+06
2.520000000000000000e+06
2.526000000000000000e+06
2.532000000000000000e+06
2.538000000000000000e+06
2.544000000000000000e+06
2.550000000000000000e+06
2.556000000000000000e+06
2.562000000000000000e+06
2.568000000000000000e+06
2.574000000000000000e+06
2.580000000000000000e+06
2.586000000000000000e+06
2.592000000000000000e+06
2.598000000000000000e+06
2.604000000000000000e+06
2.610000000000000000e+06
2.616000000000000000e+06
2.622000000000000000e+06
2.628000000000000000e+06
2.634000000000000000e+06
2.640000000000000000e+06
2.646000000000000000e+06
2.652000000000000000e+06
2.658000000000000000e+06
2.664000000000000000e+06
2.670000000000000000e+06
2.676000000000000000e+06
2.682000000000000000e+06
2.688000000000000000e+06
2.694000000000000000e+06
2.700000000000000000e+06
2.706000000000000000e+06
2.712000000000000000e+06
2.718000000000000000e+06
2.724000000000000000e+06
2.730000000000000000e+06
2.736000000000000000e+06
2.742000000000000000e+06
2.748000000000000000e+06
2.754000000000000000e+06
2.760000000000000000e+06
2.766000000000000000e+06
2.772000000000000000e+06
2.778000000000000000e+06
2.784000000000000000e+06
2.790000000000000000e+06
2.796000000000000000e+06
2.802000000000000000e+06
2.808000000000000000e+06
2.814000000000000000e+06
2.820000000000000000e+06
2.826000000000000000e+06
2.832000000000000000e+06
2.838000000000000000e+06
2.844000000000000000e+06
2.850000000000000000e+06
2.856000000000000000e+06
2.862000000000000000e+06
2.868000000000000000e+06
2.874000000000000000e+06
2.880000000000000000e+06
2.886000000000000000e+06
2.892000000000000000e+06
2.898000000000000000e+06
2.904000000000000000e+06
2.910000000000000000e+06
2.916000000000000000e+06
2.922000000000000000e+06
2.928000000000000000e+06
2.934000000000000000e+06
2.940000000000000000e+06
2.946000000000000000e+06
2.952000000000000000e+06
2.958000000000000000e+06
2.964000000000000000e+06
2.970000000000000000e+06
2.976000000000000000e+06
2.982000000000000000e+06
2.988000000000000000e+06
2.994000000000000000e+06
3.000000000000000000e+06
3.006000000000000000e+06
3.012000000000000000e+06
3.018000000000000000e+06
3.024000000000000000e+06
3.030000000000000000e+06
3.036000000000000000e+06
3.042000000000000000e+06
3.048000000000000000e+06
3.054000000000000000e+06
3.060000000000000000e+06
3.066000000000000000e+06
3.072000000000000000e+06
3.078000000000000000e+06
3.084000000000000000e+06
3.090000000000000000e+06
3.096000000000000000e+06
3.102000000000000000e+06
3.108000000000000000e+06
3.114000000000000000e+06
3.120000000000000000e+06
3.126000000000000000e+06
3.132000000000000000e+06
3.138000000000000000e+06
3.144000000000000000e+06
3.150000000000000000e+06
3.156000000000000000e+06
3.162000000000000000e+06
3.168000000000000000e+06
3.174000000000000000e+06
3.180000000000000000e+06
3.186000000000000000e+06
3.192000000000000000e+06
3.198000000000000000e+06
3.204000000000000000e+06
3.210000000000000000e+06
3.216000000000000000e+06
3.222000000000000000e+06
3.228000000000000000e+06
3.234000000000000000e+06
3.240000000000000000e+06
3.246000000000000000e+06
3.252000000000000000e+06
3.258000000000000000e+06
3.264000000000000000e+06
3.270000000000000000e+06
3.276000000000000000e+06
3.282000000000000000e+06
3.288000000000000000e+06
3.294000000000000000e+06
3.300000000000000000e+06
3.306000000000000000e+06
3.312000000000000000e+06
3.318000000000000000e+06
3.324000000000000000e+06
3.330000000000000000e+06
3.336000000000000000e+06
3.342000000000000000e+06
3.348000000000000000e+06
3.354000000000000000e+06
3.360000000000000000e+06
3.366000000000000000e+06
3.372000000000000000e+06
3.378000000000000000e+06
3.384000000000000000e+06
3.390000000000000000e+06
3.396000000000000000e+06
3.402000000000000000e+06
3.408000000000000000e+06
3.414000000000000000e+06
3.420000000000000000e+06
3.426000000000000000e+06
3.432000000000000000e+06
3.438000000000000000e+06
3.444000000000000000e+06
3.450000000000000000e+06
3.456000000000000000e+06
3.462000000000000000e+06
3.468000000000000000e+06
3.474000000000000000e+06
3.480000000000000000e+06
3.486000000000000000e+06
3.492000000000000000e+06
3.498000000000000000e+06
3.504000000000000000e+06
3.510000000000000000e+06
3.516000000000000000e+06
3.522000000000000000e+06
3.528000000000000000e+06
3.534000000000000000e+06
3.540000000000000000e+06
3.546000000000000000e+06
3.552000000000000000e+06
3.558000000000000000e+06
3.564000000000000000e+06
3.570000000000000000e+06
3.576000000000000000e+06
3.582000000000000000e+06
3.588000000000000000e+06
3.594000000000000000e+06
3.600000000000000000e+06
3.606000000000000000e+06
3.612000000000000000e+06
3.618000000000000000e+06
3.624000000000000000e+06
3.630000000000000000e+06
3.636000000000000000e+06
3.642000000000000000e+06
3.648000000000000000e+06
3.654000000000000000e+06
3.660000000000000000e+06
3.666000000000000000e+06
3.672000000000000000e+06
3.678000000000000000e+06
3.684000000000000000e+06
3.690000000000000000e+06
3.696000000000000000e+06
3.702000000000000000e+06
3.708000000000000000e+06
3.714000000000000000e+06
3.720000000000000000e+06
3.726000000000000000e+06
3.732000000000000000e+06
3.738000000000000000e+06
3.744000000000000000e+06
3.750000000000000000e+06
3.756000000000000000e+06
3.762000000000000000e+06
3.768000000000000000e+06
3.774000000000000000e+06
3.780000000000000000e+06
3.786000000000000000e+06
3.792000000000000000e+06
3.798000000000000000e+06
3.804000000000000000e+06
3.810000000000000000e+06
3.816000000000000000e+06
3.822000000000000000e+06
3.828000000000000000e+06
3.834000000000000000e+06
3.840000000000000000e+06
3.846000000000000000e+06
3.852000000000000000e+06
3.858000000000000000e+06
3.864000000000000000e+06
3.870000000000000000e+06
3.876000000000000000e+06
3.882000000000000000e+06
3.888000000000000000e+06
3.894000000000000000e+06
3.900000000000000000e+06
3.906000000000000000e+06
3.912000000000000000e+06
3.918000000000000000e+06
3.924000000000000000e+06
3.930000000000000000e+06
3.936000000000000000e+06
3.942000000000000000e+06
3.948000000000000000e+06
3.954000000000000000e+06
3.960000000000000000e+06
3.966000000000000000e+06
3.972000000000000000e+06
3.978000000000000000e+06
3.984000000000000000e+06
3.990000000000000000e+06
3.996000000000000000e+06
4.002000000000000000e+06
4.008000000000000000e+06
4.014000000000000000e+06
4.020000000000000000e+06
4.026000000000000000e+06
4.032000000000000000e+06
4.038000000000000000e+06
4.044000000000000000e+06
4.050000000000000000e+06
4.056000000000000000e+06
4.062000000000000000e+06
4.068000000000000000e+06
4.074000000000000000e+06
4.080000000000000000e+06
4.086000000000000000e+06
4.092000000000000000e+06
4.098000000000000000e+06
4.104000000000000000e+06
4.110000000000000000e+06
4.116000000000000000e+06
4.122000000000000000e+06
4.128000000000000000e+06
4.134000000000000000e+06
4.140000000000000000e+06
4.146000000000000000e+06
4.152000000000000000e+06
4.158000000000000000e+06
4.164000000000000000e+06
4.170000000000000000e+06
4.176000000000000000e+06
4.182000000000000000e+06
4.188000000000000000e+06
4.194000000000000000e+06
4.200000000000000000e+06
4.206000000000000000e+06
4.212000000000000000e+06
4.218000000000000000e+06
4.224000000000000000e+06
4.230000000000000000e+06
4.236000000000000000e+06
4.242000000000000000e+06
4.248000000000000000e+06
4.254000000000000000e+06
4.260000000000000000e+06
4.266000000000000000e+06
4.272000000000000000e+06
4.278000000000000000e+06
4.284000000000000000e+06
4.290000000000000000e+06
4.296000000000000000e+06
4.302000000000000000e+06
4.308000000000000000e+06
4.314000000000000000e+06
4.320000000000000000e+06
4.326000000000000000e+06
4.332000000000000000e+06
4.338000000000000000e+06
4.344000000000000000e+06
4.350000000000000000e+06
4.356000000000000000e+06
4.362000000000000000e+06
4.368000000000000000e+06
4.374000000000000000e+06
4.380000000000000000e+06
4.386000000000000000e+06
4.392000000000000000e+06
4.398000000000000000e+06
4.404000000000000000e+06
4.410000000000000000e+06
4.416000000000000000e+06
4.422000000000000000e+06
4.428000000000000000e+06
4.434000000000000000e+06
4.440000000000000000e+06
4.446000000000000000e+06
4.452000000000000000e+06
4.458000000000000000e+06
4.464000000000000000e+06
4.470000000000000000e+06
4.476000000000000000e+06
4.482000000000000000e+06
4.488000000000000000e+06
4.494000000000000000e+06
4.500000000000000000e+06
4.506000000000000000e+06
4.512000000000000000e+06
4.518000000000000000e+06
4.524000000000000000e+06
4.530000000000000000e+06
4.536000000000000000e+06
4.542000000000000000e+06
4.548000000000000000e+06
4.554000000000000000e+06
4.560000000000000000e+06
4.566000000000000000e+06
4.572000000000000000e+06
4.578000000000000000e+06
4.584000000000000000e+06
4.590000000000000000e+06
4.596000000000000000e+06
4.602000000000000000e+06
4.608000000000000000e+06
4.614000000000000000e+06
4.620000000000000000e+06
4.626000000000000000e+06
4.632000000000000000e+06
4.638000000000000000e+06
4.644000000000000000e+06
4.650000000000000000e+06
4.656000000000000000e+06
4.662000000000000000e+06
4.668000000000000000e+06
4.674000000000000000e+06
4.680000000000000000e+06
4.686000000000000000e+06
4.692000000000000000e+06
4.698000000000000000e+06
4.704000000000000000e+06
4.710000000000000000e+06
4.716000000000000000e+06
4.722000000000000000e+06
4.728000000000000000e+06
4.734000000000000000e+06
4.740000000000000000e+06
4.746000000000000000e+06
4.752000000000000000e+06
4.758000000000000000e+06
4.764000000000000000e+06
4.770000000000000000e+06
4.776000000000000000e+06
4.782000000000000000e+06
4.788000000000000000e+06
4.794000000000000000e+06
4.800000000000000000e+06
4.806000000000000000e+06
4.812000000000000000e+06
4.818000000000000000e+06
4.824000000000000000e+06
4.830000000000000000e+06
4.836000000000000000e+06
4.842000000000000000e+06
4.848000000000000000e+06
4.854000000000000000e+06
4.860000000000000000e+06
4.866000000000000000e+06
4.872000000000000000e+06
4.878000000000000000e+06
4.884000000000000000e+06
4.890000000000000000e+06
4.896000000000000000e+06
4.902000000000000000e+06
4.908000000000000000e+06
4.914000000000000000e+06
4.920000000000000000e+06
4.926000000000000000e+06
4.932000000000000000e+06
4.938000000000000000e+06
4.944000000000000000e+06
4.950000000000000000e+06
4.956000000000000000e+06
4.962000000000000000e+06
4.968000000000000000e+06
4.974000000000000000e+06
4.980000000000000000e+06
4.986000000000000000e+06
4.992000000000000000e+06
4.998000000000000000e+06
5.004000000000000000e+06
5.010000000000000000e+06
5.016000000000000000e+06
5.022000000000000000e+06
5.028000000000000000e+06
5.034000000000000000e+06
5.040000000000000000e+06
5.046000000000000000e+06
5.052000000000000000e+06
5.058000000000000000e+06
5.064000000000000000e+06
5.070000000000000000e+06
5.076000000000000000e+06
5.082000000000000000e+06
5.088000000000000000e+06
5.094000000000000000e+06
5.100000000000000000e+06
5.106000000000000000e+06
5.112000000000000000e+06
5.118000000000000000e+06
5.124000000000000000e+06
5.130000000000000000e+06
5.136000000000000000e+06
5.142000000000000000e+06
5.148000000000000000e+06
5.154000000000000000e+06
5.160000000000000000e+06
5.166000000000000000e+06
5.172000000000000000e+06
5.178000000000000000e+06
5.184000000000000000e+06
5.190000000000000000e+06
5.196000000000000000e+06
5.202000000000000000e+06
5.208000000000000000e+06
5.214000000000000000e+06
5.220000000000000000e+06
5.226000000000000000e+06
5.232000000000000000e+06
5.238000000000000000e+06
5.244000000000000000e+06
5.250000000000000000e+06
5.256000000000000000e+06
5.262000000000000000e+06
5.268000000000000000e+06
5.274000000000000000e+06
5.280000000000000000e+06
5.286000000000000000e+06
5.292000000000000000e+06
5.298000000000000000e+06
5.304000000000000000e+06
5.310000000000000000e+06
5.316000000000000000e+06
5.322000000000000000e+06
5.328000000000000000e+06
5.334000000000000000e+06
5.340000000000000000e+06
5.346000000000000000e+06
5.352000000000000000e+06
5.358000000000000000e+06
5.364000000000000000e+06
5.370000000000000000e+06
5.376000000000000000e+06
5.382000000000000000e+06
5.388000000000000000e+06
5.394000000000000000e+06
5.400000000000000000e+06
5.406000000000000000e+06
5.412000000000000000e+06
5.418000000000000000e+06
5.424000000000000000e+06
5.430000000000000000e+06
5.436000000000000000e+06
5.442000000000000000e+06
5.448000000000000000e+06
5.454000000000000000e+06
5.460000000000000000e+06
5.466000000000000000e+06
5.472000000000000000e+06
5.478000000000000000e+06
5.484000000000000000e+06
5.490000000000000000e+06
5.496000000000000000e+06
5.502000000000000000e+06
5.508000000000000000e+06
5.514000000000000000e+06
5.520000000000000000e+06
5.526000000000000000e+06
5.532000000000000000e+06
5.538000000000000000e+06
5.544000000000000000e+06
5.550000000000000000e+06
5.556000000000000000e+06
5.562000000000000000e+06
5.568000000000000000e+06
5.574000000000000000e+06
5.580000000000000000e+06
5.586000000000000000e+06
5.592000000000000000e+06
5.598000000000000000e+06
5.604000000000000000e+06
5.610000000000000000e+06
5.616000000000000000e+06
5.622000000000000000e+06
5.628000000000000000e+06
5.634000000000000000e+06
5.640000000000000000e+06
5.646000000000000000e+06
5.652000000000000000e+06
5.658000000000000000e+06
5.664000000000000000e+06
5.670000000000000000e+06
5.676000000000000000e+06
5.682000000000000000e+06
5.688000000000000000e+06
5.694000000000000000e+06
5.700000000000000000e+06
5.706000000000000000e+06
5.712000000000000000e+06
5.718000000000000000e+06
5.724000000000000000e+06
5.730000000000000000e+06
5.736000000000000000e+06
5.742000000000000000e+06
5.748000000000000000e+06
5.754000000000000000e+06
5.760000000000000000e+06
5.766000000000000000e+06
5.772000000000000000e+06
5.778000000000000000e+06
5.784000000000000000e+06
5.790000000000000000e+06
5.796000000000000000e+06
5.802000000000000000e+06
5.808000000000000000e+06
5.814000000000000000e+06
5.820000000000000000e+06
5.826000000000000000e+06
5.832000000000000000e+06
5.838000000000000000e+06
5.844000000000000000e+06
5.850000000000000000e+06
5.856000000000000000e+06
5.862000000000000000e+06
5.868000000000000000e+06
5.874000000000000000e+06
5.880000000000000000e+06
5.886000000000000000e+06
5.892000000000000000e+06
5.898000000000000000e+06
5.904000000000000000e+06
5.910000000000000000e+06
5.916000000000000000e+06
5.922000000000000000e+06
5.928000000000000000e+06
5.934000000000000000e+06
5.940000000000000000e+06
5.946000000000000000e+06
5.952000000000000000e+06
5.958000000000000000e+06
5.964000000000000000e+06
5.970000000000000000e+06
5.976000000000000000e+06
5.982000000000000000e+06
5.988000000000000000e+06
5.994000000000000000e+06
6.000000000000000000e+06
