1.204255604565143578e+00
5.477175112366676757e-01
4.370073341727256921e-01
3.907249503433704585e-01
3.633247047066688329e-01
3.388805905580520861e-01
3.202659161984920400e-01
3.077046232819556915e-01
3.066782763153314550e-01
2.883780748844146924e-01
2.747724359184503529e-01
2.767785990387201522e-01
2.655704417675733842e-01
2.658700712323188720e-01
2.594777456372976410e-01
2.415316084623336801e-01
2.404863682836294037e-01
2.395558279156684844e-01
2.305983377248048694e-01
2.208240879923105138e-01
2.248911889642477013e-01
2.151499137133359996e-01
2.153165943920612446e-01
2.080987125784158620e-01
2.037947342395782513e-01
1.996868625879287817e-01
1.984186675325036175e-01
2.018139968216419167e-01
1.847361285015940713e-01
1.868120876103639694e-01
1.833864599168300580e-01
1.827653645500540713e-01
1.798169668093323736e-01
1.754626655280590031e-01
1.715381587296724297e-01
1.740518033802509190e-01
1.669066083580255377e-01
1.605011793300509526e-01
1.566493571177124955e-01
1.586932171732187147e-01
1.546552033349871680e-01
1.497554941326379729e-01
1.536039068773388805e-01
1.516199208348989469e-01
1.476872897073626401e-01
1.459407983645796825e-01
1.444319185763597579e-01
1.417595411464571964e-01
1.402358915135264450e-01
1.362637014463543850e-01
1.358797291666269391e-01
1.341108881533145947e-01
1.330271187424659773e-01
1.320132484957575736e-01
1.305505636259913504e-01
1.282323251441121192e-01
1.252192791029810848e-01
1.241727857589721706e-01
1.219005146548152035e-01
1.233722893968224460e-01
1.240320259258151092e-01
1.166302235722541797e-01
1.136926223449409024e-01
1.127728908210992864e-01
1.160091258883476223e-01
1.133116195425391132e-01
1.095534481219947315e-01
1.136794852279126578e-01
1.066826030425727379e-01
1.064541414082050275e-01
1.072698909118771499e-01
1.081749280951917191e-01
1.052279805690050085e-01
1.027659753859043179e-01
1.051053313948214080e-01
1.008201298378407912e-01
9.805231169983744111e-02
1.032812378406524623e-01
1.033981897346675366e-01
9.829825294017792425e-02
9.927577899023889985e-02
9.901439833268523005e-02
9.602591248974204352e-02
9.482978662475943787e-02
9.728162712976336224e-02
9.604656113684177654e-02
9.398179228603839586e-02
9.318872299417853278e-02
9.122761318832635358e-02
8.818450920656323300e-02
9.222264496609568207e-02
9.458522892370820057e-02
8.588439508154988022e-02
8.400843021646141329e-02
8.734462748840451929e-02
8.825017943978309687e-02
8.553993481770158502e-02
8.489872100576757730e-02
8.135535753518342850e-02
8.275556029751897358e-02
