3.333266019821166992e+00
6.717077016830444336e+00
1.003447389602661133e+01
1.323595404624938965e+01
1.677433395385742188e+01
2.014870595932006836e+01
2.399205493927001953e+01
2.779951286315917969e+01
3.179895591735839844e+01
3.576064896583557129e+01
4.137635493278503418e+01
4.751478290557861328e+01
5.375716900825500488e+01
6.007623505592346191e+01
6.619246006011962891e+01
7.241493105888366699e+01
7.863733887672424316e+01
8.481613302230834961e+01
9.105165791511535645e+01
9.735277891159057617e+01
1.035063848495483398e+02
1.097266190052032471e+02
1.159366459846496582e+02
1.220333359241485596e+02
1.282537188529968262e+02
1.343804218769073486e+02
1.406928560733795166e+02
1.469010908603668213e+02
1.531621170043945312e+02
1.593382799625396729e+02
1.655991690158843994e+02
1.718042218685150146e+02
1.780459320545196533e+02
1.843008959293365479e+02
1.903196439743041992e+02
1.964438779354095459e+02
2.025774340629577637e+02
2.087695698738098145e+02
2.150763220787048340e+02
2.215463850498199463e+02
2.276429028511047363e+02
2.339955430030822754e+02
2.401716940402984619e+02
2.463548848628997803e+02
2.525990409851074219e+02
2.588257110118865967e+02
2.650005888938903809e+02
2.711898138523101807e+02
2.772667710781097412e+02
2.834557669162750244e+02
2.898531088829040527e+02
2.962713909149169922e+02
3.025743470191955566e+02
3.088253350257873535e+02
3.150219938755035400e+02
3.212646629810333252e+02
3.276153440475463867e+02
3.337619419097900391e+02
3.400441999435424805e+02
3.463901019096374512e+02
3.527486050128936768e+02
3.589900510311126709e+02
3.653479409217834473e+02
3.715845549106597900e+02
3.777802529335021973e+02
3.839652550220489502e+02
3.902694709300994873e+02
3.963992750644683838e+02
4.026436660289764404e+02
4.089881470203399658e+02
4.151125030517578125e+02
4.213022789955139160e+02
4.276228358745574951e+02
4.339172818660736084e+02
4.402479860782623291e+02
4.463531079292297363e+02
4.525626099109649658e+02
4.587408890724182129e+02
4.649377088546752930e+02
4.711507999897003174e+02
4.774438469409942627e+02
4.836161530017852783e+02
4.898807408809661865e+02
4.961381208896636963e+02
5.023225579261779785e+02
5.085895378589630127e+02
5.148472619056701660e+02
5.210263819694519043e+02
5.272975299358367920e+02
5.335485420227050781e+02
5.398363308906555176e+02
5.460890040397644043e+02
5.524219310283660889e+02
5.587041249275207520e+02
5.647980399131774902e+02
5.710230870246887207e+02
5.772944769859313965e+02
5.834873189926147461e+02
5.897359628677368164e+02
5.959757759571075439e+02
6.022832629680633545e+02
6.084290959835052490e+02
6.145082139968872070e+02
6.206785340309143066e+02
6.267776088714599609e+02
6.329693200588226318e+02
6.392924380302429199e+02
6.453699879646301270e+02
6.515986149311065674e+02
6.577705869674682617e+02
6.639848558902740479e+02
6.701940779685974121e+02
6.765208060741424561e+02
6.828564178943634033e+02
6.892328009605407715e+02
6.954512100219726562e+02
7.016604919433593750e+02
7.078598120212554932e+02
7.141027619838714600e+02
7.202993478775024414e+02
7.264402580261230469e+02
7.326749680042266846e+02
7.387203850746154785e+02
7.449796199798583984e+02
7.513056640625000000e+02
7.575458190441131592e+02
7.638623449802398682e+02
7.701529579162597656e+02
7.763705840110778809e+02
7.827314860820770264e+02
7.891261839866638184e+02
7.953277819156646729e+02
8.016458530426025391e+02
8.078333740234375000e+02
8.140289409160614014e+02
8.202647399902343750e+02
8.264499368667602539e+02
8.326002559661865234e+02
8.387835450172424316e+02
8.451260800361633301e+02
8.514329159259796143e+02
8.577385609149932861e+02
8.640950078964233398e+02
8.703104460239410400e+02
8.764576990604400635e+02
8.827699959278106689e+02
8.890429918766021729e+02
8.953343479633331299e+02
9.015264198780059814e+02
9.078913938999176025e+02
9.141632130146026611e+02
9.203453249931335449e+02
9.267145168781280518e+02
9.329655890464782715e+02
9.392196059226989746e+02
9.454818210601806641e+02
9.516896150112152100e+02
9.579236700534820557e+02
9.641909549236297607e+02
9.703580238819122314e+02
9.766154210567474365e+02
9.828554098606109619e+02
9.890978538990020752e+02
9.952622818946838379e+02
1.001384576082229614e+03
1.007649258852005005e+03
1.013774263858795166e+03
1.019931515932083130e+03
1.026125896930694580e+03
1.032372945070266724e+03
1.038584842920303345e+03
1.044802113056182861e+03
1.050956767082214355e+03
1.057032830953598022e+03
1.063237931966781616e+03
1.069386684894561768e+03
1.075675590038299561e+03
1.081916251897811890e+03
1.088200670003890991e+03
1.094467592000961304e+03
1.100845906972885132e+03
1.106996281862258911e+03
1.113243680953979492e+03
1.119461556911468506e+03
1.125625166893005371e+03
1.131793408870697021e+03
1.138051420927047729e+03
1.144270211935043335e+03
1.150540750026702881e+03
1.156938171863555908e+03
1.163196367025375366e+03
1.169544594049453735e+03
1.175757272958755493e+03
1.182038938999176025e+03
1.188158041000366211e+03
1.194246439933776855e+03
1.200422337055206299e+03
1.206687871932983398e+03
1.212896185874938965e+03
1.219159168004989624e+03
