8.186599990278482508e-01
9.238000026941299847e-01
9.411600011587143433e-01
9.511400029659271560e-01
9.573600027561187664e-01
9.628000043630600135e-01
9.666200059652328980e-01
9.708400082588195534e-01
9.734800099134445217e-01
9.767800091505051130e-01
9.787800104618072927e-01
9.808200105428696025e-01
9.827800107002258034e-01
9.842000116109848040e-01
9.850600105524063288e-01
9.869600096940994716e-01
9.885400094985962172e-01
9.887000085115432713e-01
9.901200087070465283e-01
9.908000073432922106e-01
9.917400076389312202e-01
9.922200071811676514e-01
9.932600063085555986e-01
9.937800058126449176e-01
9.942200055122375479e-01
9.951200044155120716e-01
9.954000040292739770e-01
9.959600036144256041e-01
9.966200032234191486e-01
9.962400035858154368e-01
9.966000032424926491e-01
9.974200024604796821e-01
9.974400024414062926e-01
9.977600021362305061e-01
9.980400017499924115e-01
9.981200017929077184e-01
9.982400016784668262e-01
9.987600011825561452e-01
9.985600013732910396e-01
9.989800009727477503e-01
9.989000010490417525e-01
9.991600008010864675e-01
9.989600009918212509e-01
9.992600007057189648e-01
9.992600007057189648e-01
9.993400006294250737e-01
9.994200005531310715e-01
9.994600005149841815e-01
9.993800005912780726e-01
9.996600003242492871e-01
9.996800003051757866e-01
9.996800003051757866e-01
9.997200002670287855e-01
9.998200001716613938e-01
9.997400002479552850e-01
9.998200001716613938e-01
9.998800001144408922e-01
9.998600001335143928e-01
9.998200001716613938e-01
9.998600001335143928e-01
9.999200000762938911e-01
9.999200000762938911e-01
9.999400000572205016e-01
9.998800001144408922e-01
9.998800001144408922e-01
9.998600001335143928e-01
9.999400000572205016e-01
9.999400000572205016e-01
9.999600000381470011e-01
1.000000000000000000e+00
9.999400000572205016e-01
9.999800000190735005e-01
9.999600000381470011e-01
9.999800000190735005e-01
9.999200000762938911e-01
9.999800000190735005e-01
1.000000000000000000e+00
1.000000000000000000e+00
9.999800000190735005e-01
9.999400000572205016e-01
9.999600000381470011e-01
9.999800000190735005e-01
9.999800000190735005e-01
9.999800000190735005e-01
1.000000000000000000e+00
1.000000000000000000e+00
9.999800000190735005e-01
1.000000000000000000e+00
9.999800000190735005e-01
1.000000000000000000e+00
9.999600000381470011e-01
9.999800000190735005e-01
9.999800000190735005e-01
1.000000000000000000e+00
1.000000000000000000e+00
1.000000000000000000e+00
9.999800000190735005e-01
1.000000000000000000e+00
1.000000000000000000e+00
9.999800000190735005e-01
1.000000000000000000e+00
9.999800000190735005e-01
1.000000000000000000e+00
1.000000000000000000e+00
1.000000000000000000e+00
1.000000000000000000e+00
1.000000000000000000e+00
1.000000000000000000e+00
1.000000000000000000e+00
1.000000000000000000e+00
1.000000000000000000e+00
1.000000000000000000e+00
1.000000000000000000e+00
1.000000000000000000e+00
9.999800000190735005e-01
1.000000000000000000e+00
1.000000000000000000e+00
9.999800000190735005e-01
1.000000000000000000e+00
1.000000000000000000e+00
1.000000000000000000e+00
9.999800000190735005e-01
1.000000000000000000e+00
1.000000000000000000e+00
1.000000000000000000e+00
1.000000000000000000e+00
1.000000000000000000e+00
1.000000000000000000e+00
1.000000000000000000e+00
1.000000000000000000e+00
1.000000000000000000e+00
1.000000000000000000e+00
1.000000000000000000e+00
1.000000000000000000e+00
1.000000000000000000e+00
9.999800000190735005e-01
1.000000000000000000e+00
1.000000000000000000e+00
1.000000000000000000e+00
1.000000000000000000e+00
1.000000000000000000e+00
1.000000000000000000e+00
1.000000000000000000e+00
1.000000000000000000e+00
1.000000000000000000e+00
1.000000000000000000e+00
1.000000000000000000e+00
1.000000000000000000e+00
1.000000000000000000e+00
1.000000000000000000e+00
1.000000000000000000e+00
1.000000000000000000e+00
1.000000000000000000e+00
1.000000000000000000e+00
1.000000000000000000e+00
1.000000000000000000e+00
1.000000000000000000e+00
1.000000000000000000e+00
1.000000000000000000e+00
1.000000000000000000e+00
1.000000000000000000e+00
1.000000000000000000e+00
1.000000000000000000e+00
1.000000000000000000e+00
9.999800000190735005e-01
1.000000000000000000e+00
1.000000000000000000e+00
1.000000000000000000e+00
1.000000000000000000e+00
1.000000000000000000e+00
1.000000000000000000e+00
1.000000000000000000e+00
1.000000000000000000e+00
1.000000000000000000e+00
1.000000000000000000e+00
1.000000000000000000e+00
1.000000000000000000e+00
1.000000000000000000e+00
1.000000000000000000e+00
1.000000000000000000e+00
1.000000000000000000e+00
1.000000000000000000e+00
1.000000000000000000e+00
1.000000000000000000e+00
1.000000000000000000e+00
1.000000000000000000e+00
1.000000000000000000e+00
1.000000000000000000e+00
1.000000000000000000e+00
1.000000000000000000e+00
1.000000000000000000e+00
1.000000000000000000e+00
1.000000000000000000e+00
1.000000000000000000e+00
1.000000000000000000e+00
1.000000000000000000e+00
1.000000000000000000e+00
1.000000000000000000e+00
1.000000000000000000e+00
1.000000000000000000e+00
