1.026025040566921342e+00
3.010221326798200869e-01
2.317821367084980100e-01
1.952896142303943705e-01
1.690937579870223917e-01
1.493941307738423374e-01
1.347027706056833363e-01
1.207240222468972252e-01
1.117503812164068189e-01
1.026635428182780807e-01
9.427847558259963567e-02
8.785379001870750881e-02
8.217916858196258612e-02
7.607426507025957796e-02
7.088264492712914588e-02
6.695073726400732617e-02
6.165615514852106765e-02
5.885322234965861127e-02
5.508379378356039607e-02
5.165424636378884021e-02
4.936675573512911558e-02
4.698963153548538912e-02
4.322174024954437976e-02
4.200972977280616888e-02
3.944496153667569061e-02
3.733004473056644040e-02
3.452287916280329105e-02
3.286613866779953402e-02
3.137850167509168703e-02
3.005378485657274681e-02
2.907632235903293005e-02
2.807280108239501581e-02
2.621045548282563767e-02
2.499941918067634036e-02
2.409382754890248071e-02
2.269207746442407359e-02
2.215591494645923268e-02
2.160943781305104533e-02
2.022065926436334912e-02
1.902237836550921268e-02
1.839768785377964358e-02
1.735737938433885505e-02
1.662339954543858717e-02
1.681869018729776136e-02
1.556321912445127881e-02
1.516388370795175404e-02
1.477620564680546568e-02
1.394508735742419972e-02
1.367642388073727483e-02
1.302032614033669239e-02
1.270722519373521271e-02
1.236886945320293286e-02
1.179795060120522945e-02
1.152698531094938431e-02
1.099971370445564436e-02
1.066569392150268011e-02
1.008592776255682125e-02
1.053805848909541987e-02
9.929808741435407898e-03
9.961609597085044343e-03
9.036442560376599722e-03
9.002606355585158343e-03
8.553572637494653158e-03
8.433918829075992205e-03
8.651463468326256109e-03
8.231131417211145010e-03
8.059126391541212436e-03
7.916919225361198145e-03
7.641918764449655635e-03
7.289881168864667700e-03
7.301536103244870950e-03
6.968624848872423394e-03
6.822846450842917285e-03
6.567500461824238127e-03
6.701919025974348298e-03
6.545149437151849547e-03
6.295960142160765549e-03
6.270195191958919355e-03
5.938727106084115866e-03
6.112645922694354833e-03
5.662678305990993810e-03
5.588952974416315327e-03
5.581101082963869052e-03
5.357420420506969413e-03
5.509128031320869798e-03
5.352364040678367005e-03
5.183081339811906017e-03
5.364636770798824825e-03
5.077090232865884810e-03
4.767510694335215168e-03
4.814668837934732264e-03
4.941595006966963480e-03
4.525267586926929285e-03
4.633219589712098650e-03
4.253270206740125854e-03
4.367792304488830532e-03
4.501628376543521763e-03
4.526757126790471528e-03
4.202789260423742644e-03
4.104593877214937972e-03
4.073198296246118878e-03
4.066523863701149502e-03
3.831447121570818060e-03
3.868407708825543322e-03
3.914934987435117301e-03
3.973014234565198401e-03
3.775694561190903221e-03
3.640562403132207702e-03
3.681721258792094737e-03
3.487859242770355306e-03
3.583367045270278908e-03
3.391652820748276842e-03
3.501485986576881315e-03
3.408695425139740033e-03
3.286506268777884734e-03
3.360551851161290137e-03
3.328057478996925174e-03
3.397288197651505449e-03
3.257614820380695057e-03
3.100113310385495344e-03
2.985568647680338257e-03
3.139326526084914790e-03
3.009378226008266408e-03
3.072182390023954230e-03
3.025703557534143232e-03
2.859323301119729831e-03
2.736564718303270520e-03
2.875111397414002387e-03
2.641646235017106135e-03
2.807913148251827903e-03
2.658485600491985491e-03
2.692377660889178591e-03
2.701322755950968848e-03
2.794521369563881131e-03
2.767115679976995830e-03
2.646179346367716866e-03
2.617728189565241264e-03
2.542141969315707493e-03
2.540669666312169242e-03
2.664047206111718087e-03
2.390952713554724864e-03
2.347800585033837494e-03
2.357118612679187392e-03
2.358139423537068246e-03
2.440910873992834396e-03
2.382752458972390609e-03
2.341458589886314962e-03
2.222299145068973390e-03
2.059129159082658759e-03
2.167497840302530683e-03
2.222808198101119872e-03
2.176166079298127304e-03
2.297319244418759027e-03
2.110967778018675578e-03
2.262857108667958375e-03
2.063980901439208416e-03
2.074601519561838567e-03
2.188841466675512434e-03
2.023303965223021902e-03
2.096138336404692291e-03
2.105426782392896649e-03
2.147759882092941611e-03
1.989645415218547000e-03
2.006581702735274822e-03
2.126159902691142616e-03
1.938034792139660661e-03
1.907686907274182882e-03
1.889829653257038512e-03
1.874067050986923328e-03
1.780234590172767540e-03
1.940096245030872423e-03
1.861535074654966553e-03
1.907679600466508345e-03
1.865325647348072425e-03
1.932940619764849646e-03
1.838847490318585220e-03
1.826412767171859807e-03
1.774838538083713590e-03
1.782547340320888869e-03
1.739345936337485842e-03
1.645416350336745314e-03
1.952022167242830567e-03
1.672418659931281665e-03
1.575955948675982583e-03
1.639905048883520157e-03
1.725695011264179006e-03
1.744752356316894197e-03
1.689755516534205632e-03
1.660874855966539953e-03
1.639943835034500790e-03
1.648893015633802863e-03
1.687801059451885530e-03
1.645187232526950597e-03
1.533278079878073238e-03
1.589759017166215982e-03
1.555045271903509382e-03
1.500548460229765525e-03
1.610504357377067191e-03
1.543170784541871314e-03
1.545065649726893794e-03
