4.065893173217773438e+00
8.833913087844848633e+00
1.374364614486694336e+01
1.879983997344970703e+01
2.367745113372802734e+01
2.872354817390441895e+01
3.377818012237548828e+01
3.890480709075927734e+01
4.387525606155395508e+01
4.893614912033081055e+01
5.385217905044555664e+01
5.874903917312622070e+01
6.366732215881347656e+01
6.865427613258361816e+01
7.372292304039001465e+01
7.881107211112976074e+01
8.394496893882751465e+01
8.907372498512268066e+01
9.400367617607116699e+01
9.890168309211730957e+01
1.037994980812072754e+02
1.087919061183929443e+02
1.139249510765075684e+02
1.189721570014953613e+02
1.238432760238647461e+02
1.289943490028381348e+02
1.338932681083679199e+02
1.387268290519714355e+02
1.436526930332183838e+02
1.486562671661376953e+02
1.536711871623992920e+02
1.586761579513549805e+02
1.635156710147857666e+02
1.685487539768218994e+02
1.734551401138305664e+02
1.783096210956573486e+02
1.831670250892639160e+02
1.881726310253143311e+02
1.931998109817504883e+02
1.982994000911712646e+02
2.032513160705566406e+02
2.082638671398162842e+02
2.132080490589141846e+02
2.181254460811614990e+02
2.229983341693878174e+02
2.279627759456634521e+02
2.329867689609527588e+02
2.380536141395568848e+02
2.430597460269927979e+02
2.480624880790710449e+02
2.529942970275878906e+02
2.579051721096038818e+02
2.627867960929870605e+02
2.677873330116271973e+02
2.728026430606842041e+02
2.778715541362762451e+02
2.827454650402069092e+02
2.877709381580352783e+02
2.926909670829772949e+02
2.975582411289215088e+02
3.024137279987335205e+02
3.074055991172790527e+02
3.123774471282958984e+02
3.174818961620330811e+02
3.224737601280212402e+02
3.276112251281738281e+02
3.325807900428771973e+02
3.373905720710754395e+02
3.422709169387817383e+02
3.473583991527557373e+02
3.524297590255737305e+02
3.573642230033874512e+02
3.622238769531250000e+02
3.672833900451660156e+02
3.721627211570739746e+02
3.769830391407012939e+02
3.817926890850067139e+02
3.868344471454620361e+02
3.918345460891723633e+02
3.968370089530944824e+02
4.017202761173248291e+02
4.069301760196685791e+02
4.118081681728363037e+02
4.166466100215911865e+02
4.215033619403839111e+02
4.265087010860443115e+02
4.315973720550537109e+02
4.366364581584930420e+02
4.415520520210266113e+02
4.466192541122436523e+02
4.515076730251312256e+02
4.563999111652374268e+02
4.612927491664886475e+02
4.662553131580352783e+02
4.712609491348266602e+02
4.762825541496276855e+02
4.811939389705657959e+02
4.863619110584259033e+02
4.912916669845581055e+02
4.962180440425872803e+02
5.010769441127777100e+02
5.060042581558227539e+02
5.110291349887847900e+02
5.159719390869140625e+02
5.208825480937957764e+02
5.259837620258331299e+02
5.309666149616241455e+02
5.358564469814300537e+02
5.407528281211853027e+02
5.456905579566955566e+02
5.507405500411987305e+02
5.557912571430206299e+02
5.608142070770263672e+02
5.658461921215057373e+02
5.707067570686340332e+02
5.755903170108795166e+02
5.805125010013580322e+02
5.856108460426330566e+02
5.906654260158538818e+02
5.956096100807189941e+02
6.004847800731658936e+02
6.055934860706329346e+02
6.104751350879669189e+02
6.153446540832519531e+02
6.202970001697540283e+02
6.252848811149597168e+02
6.302525451183319092e+02
6.353217101097106934e+02
6.402832961082458496e+02
6.453851079940795898e+02
6.503648450374603271e+02
6.552402291297912598e+02
6.601249620914459229e+02
6.651302881240844727e+02
6.701288001537322998e+02
6.751829690933227539e+02
6.800732090473175049e+02
6.851722400188446045e+02
6.900494179725646973e+02
6.949105279445648193e+02
6.998354060649871826e+02
7.048702950477600098e+02
7.099991121292114258e+02
7.149702429771423340e+02
7.199144511222839355e+02
7.249579591751098633e+02
7.298458900451660156e+02
7.346991610527038574e+02
7.396337330341339111e+02
7.446460440158843994e+02
7.496207859516143799e+02
7.546247539520263672e+02
7.596258981227874756e+02
7.646195101737976074e+02
7.695031750202178955e+02
7.744065270423889160e+02
7.793353910446166992e+02
7.843251309394836426e+02
7.893079791069030762e+02
7.942438001632690430e+02
7.993161530494689941e+02
8.042695491313934326e+02
8.091191251277923584e+02
8.139743261337280273e+02
8.189486191272735596e+02
8.239668550491333008e+02
8.289358611106872559e+02
8.340572979450225830e+02
8.391768381595611572e+02
8.441521120071411133e+02
8.490514049530029297e+02
8.539193820953369141e+02
8.588916549682617188e+02
8.639221999645233154e+02
8.689456820487976074e+02
8.740236351490020752e+02
8.791742119789123535e+02
8.842443671226501465e+02
8.891748230457305908e+02
8.941324591636657715e+02
8.991539461612701416e+02
9.042491791248321533e+02
9.093606941699981689e+02
9.143127560615539551e+02
9.193397779464721680e+02
9.244200160503387451e+02
9.293357331752777100e+02
9.342513351440429688e+02
9.392659101486206055e+02
9.443323791027069092e+02
9.494060621261596680e+02
9.542591459751129150e+02
9.593767349720001221e+02
9.643187570571899414e+02
9.692709159851074219e+02
9.742446269989013672e+02
9.792557051181793213e+02
9.845059490203857422e+02
9.895460810661315918e+02
9.934527730941772461e+02
