8.178600002601742469e-01
9.246200029850005775e-01
9.404600024223327415e-01
9.502200021743774094e-01
9.575000032186508081e-01
9.632600045204162686e-01
9.674000053405761301e-01
9.714400085210800340e-01
9.738000084161758663e-01
9.761800098419189942e-01
9.789000097513198551e-01
9.806000109910965046e-01
9.821400111913680675e-01
9.842200094461440729e-01
9.860600099563598953e-01
9.866000096797943320e-01
9.884200081825256223e-01
9.892800080776215088e-01
9.902800083160400169e-01
9.910400080680846768e-01
9.920000071525574281e-01
9.920800069570541169e-01
9.936800056695938022e-01
9.933400058746337802e-01
9.946800050735473686e-01
9.945400052070617614e-01
9.955000042915344016e-01
9.958000038862228065e-01
9.964000034332275435e-01
9.966000032424926491e-01
9.968000029325485567e-01
9.969400029182433620e-01
9.977800021171570055e-01
9.975600023269652894e-01
9.979600019454956117e-01
9.981600017547607173e-01
9.981600017547607173e-01
9.984800014495849307e-01
9.987400012016296458e-01
9.988800010681152530e-01
9.991200008392333576e-01
9.992600007057189648e-01
9.990400009155273597e-01
9.992200007438659659e-01
9.993000006675720748e-01
9.994200005531310715e-01
9.993400006294250737e-01
9.994400005340575710e-01
9.994800004959106809e-01
9.996000003814696777e-01
9.995800004005431783e-01
9.996400003433227877e-01
9.997600002288817844e-01
9.998400001525878933e-01
9.997000002861022860e-01
9.998800001144408922e-01
9.998600001335143928e-01
9.997400002479552850e-01
9.999000000953673917e-01
9.998600001335143928e-01
9.999600000381470011e-01
9.997800002098083949e-01
9.999000000953673917e-01
9.999400000572205016e-01
9.999200000762938911e-01
9.999200000762938911e-01
9.999400000572205016e-01
9.999200000762938911e-01
9.999400000572205016e-01
9.999400000572205016e-01
9.999400000572205016e-01
9.999200000762938911e-01
9.999600000381470011e-01
9.999800000190735005e-01
9.999600000381470011e-01
9.999800000190735005e-01
9.999400000572205016e-01
9.999400000572205016e-01
9.999800000190735005e-01
9.999600000381470011e-01
9.999800000190735005e-01
9.999800000190735005e-01
9.999600000381470011e-01
9.999600000381470011e-01
9.999600000381470011e-01
9.999800000190735005e-01
9.999800000190735005e-01
9.999600000381470011e-01
9.999400000572205016e-01
9.999600000381470011e-01
9.999800000190735005e-01
9.999800000190735005e-01
1.000000000000000000e+00
1.000000000000000000e+00
1.000000000000000000e+00
9.999800000190735005e-01
1.000000000000000000e+00
9.999800000190735005e-01
9.999800000190735005e-01
1.000000000000000000e+00
9.999800000190735005e-01
1.000000000000000000e+00
9.999800000190735005e-01
1.000000000000000000e+00
9.999800000190735005e-01
1.000000000000000000e+00
1.000000000000000000e+00
1.000000000000000000e+00
1.000000000000000000e+00
1.000000000000000000e+00
9.999800000190735005e-01
9.999800000190735005e-01
1.000000000000000000e+00
1.000000000000000000e+00
1.000000000000000000e+00
1.000000000000000000e+00
1.000000000000000000e+00
1.000000000000000000e+00
1.000000000000000000e+00
9.999800000190735005e-01
1.000000000000000000e+00
1.000000000000000000e+00
1.000000000000000000e+00
1.000000000000000000e+00
1.000000000000000000e+00
1.000000000000000000e+00
1.000000000000000000e+00
1.000000000000000000e+00
1.000000000000000000e+00
1.000000000000000000e+00
1.000000000000000000e+00
1.000000000000000000e+00
1.000000000000000000e+00
1.000000000000000000e+00
1.000000000000000000e+00
1.000000000000000000e+00
1.000000000000000000e+00
1.000000000000000000e+00
1.000000000000000000e+00
1.000000000000000000e+00
1.000000000000000000e+00
1.000000000000000000e+00
1.000000000000000000e+00
1.000000000000000000e+00
1.000000000000000000e+00
1.000000000000000000e+00
1.000000000000000000e+00
1.000000000000000000e+00
1.000000000000000000e+00
1.000000000000000000e+00
1.000000000000000000e+00
1.000000000000000000e+00
1.000000000000000000e+00
1.000000000000000000e+00
1.000000000000000000e+00
1.000000000000000000e+00
1.000000000000000000e+00
1.000000000000000000e+00
1.000000000000000000e+00
1.000000000000000000e+00
1.000000000000000000e+00
1.000000000000000000e+00
1.000000000000000000e+00
1.000000000000000000e+00
1.000000000000000000e+00
1.000000000000000000e+00
1.000000000000000000e+00
1.000000000000000000e+00
1.000000000000000000e+00
1.000000000000000000e+00
1.000000000000000000e+00
1.000000000000000000e+00
1.000000000000000000e+00
1.000000000000000000e+00
1.000000000000000000e+00
1.000000000000000000e+00
1.000000000000000000e+00
1.000000000000000000e+00
1.000000000000000000e+00
1.000000000000000000e+00
1.000000000000000000e+00
1.000000000000000000e+00
1.000000000000000000e+00
1.000000000000000000e+00
1.000000000000000000e+00
1.000000000000000000e+00
1.000000000000000000e+00
1.000000000000000000e+00
1.000000000000000000e+00
1.000000000000000000e+00
1.000000000000000000e+00
1.000000000000000000e+00
1.000000000000000000e+00
1.000000000000000000e+00
1.000000000000000000e+00
1.000000000000000000e+00
1.000000000000000000e+00
1.000000000000000000e+00
1.000000000000000000e+00
1.000000000000000000e+00
