4.118681907653808594e+00
8.891934871673583984e+00
1.382016682624816895e+01
1.873951292037963867e+01
2.370610380172729492e+01
2.878051090240478516e+01
3.376263785362243652e+01
3.868559288978576660e+01
4.364396500587463379e+01
4.878260993957519531e+01
5.368302798271179199e+01
5.864174294471740723e+01
6.357165288925170898e+01
6.855342888832092285e+01
7.363713788986206055e+01
7.865686082839965820e+01
8.367926788330078125e+01
8.880071878433227539e+01
9.371508598327636719e+01
9.860181593894958496e+01
1.034975409507751465e+02
1.084831559658050537e+02
1.135133810043334961e+02
1.185896039009094238e+02
1.235857989788055420e+02
1.285528228282928467e+02
1.334572718143463135e+02
1.383836579322814941e+02
1.432944879531860352e+02
1.482976839542388916e+02
1.534272778034210205e+02
1.583780999183654785e+02
1.633583979606628418e+02
1.682971308231353760e+02
1.731475229263305664e+02
1.780179388523101807e+02
1.829418950080871582e+02
1.880233569145202637e+02
1.929714748859405518e+02
1.978984179496765137e+02
2.028291018009185791e+02
2.078321168422698975e+02
2.127603349685668945e+02
2.178613109588623047e+02
2.228130629062652588e+02
2.279143729209899902e+02
2.329911339282989502e+02
2.379323718547821045e+02
2.430438230037689209e+02
2.479816157817840576e+02
2.528793478012084961e+02
2.577481288909912109e+02
2.627478499412536621e+02
2.677694718837738037e+02
2.727110068798065186e+02
2.776946909427642822e+02
2.826847259998321533e+02
2.876310148239135742e+02
2.925291039943695068e+02
2.974145958423614502e+02
3.024656398296356201e+02
3.074789710044860840e+02
3.124688649177551270e+02
3.173883149623870850e+02
3.224429769515991211e+02
3.274941849708557129e+02
3.324457008838653564e+02
3.374145109653472900e+02
3.424625508785247803e+02
3.474021978378295898e+02
3.524641289710998535e+02
3.574205160140991211e+02
3.624502758979797363e+02
3.673439779281616211e+02
3.722226948738098145e+02
3.771462919712066650e+02
3.821543338298797607e+02
3.871681869029998779e+02
3.921541669368743896e+02
3.971267259120941162e+02
4.022798938751220703e+02
4.072131648063659668e+02
4.122207419872283936e+02
4.171954798698425293e+02
4.221669387817382812e+02
4.273341619968414307e+02
4.322687659263610840e+02
4.372883977890014648e+02
4.423323450088500977e+02
4.472316257953643799e+02
4.521154468059539795e+02
4.571235139369964600e+02
4.621632738113403320e+02
4.671477158069610596e+02
4.721451408863067627e+02
4.772068359851837158e+02
4.822074408531188965e+02
4.870769979953765869e+02
4.920115158557891846e+02
4.969991087913513184e+02
5.020898869037628174e+02
5.070507578849792480e+02
5.120672338008880615e+02
5.171041829586029053e+02
5.220743157863616943e+02
5.269705309867858887e+02
5.319374558925628662e+02
5.369245288372039795e+02
5.419791579246520996e+02
5.469035768508911133e+02
5.519629809856414795e+02
5.570085999965667725e+02
5.619794628620147705e+02
5.668982977867126465e+02
5.718538818359375000e+02
5.769474699497222900e+02
5.820260808467864990e+02
5.873491668701171875e+02
5.922552947998046875e+02
5.973655757904052734e+02
6.022757968902587891e+02
6.071844339370727539e+02
6.121350078582763672e+02
6.171376359462738037e+02
6.221326589584350586e+02
6.271375977993011475e+02
6.320456309318542480e+02
6.370565109252929688e+02
6.419912037849426270e+02
6.468607687950134277e+02
6.517967309951782227e+02
6.568120069503784180e+02
6.618471858501434326e+02
6.668239347934722900e+02
6.717152068614959717e+02
6.767859427928924561e+02
6.817350749969482422e+02
6.866409158706665039e+02
6.915105597972869873e+02
6.965051968097686768e+02
7.014893338680267334e+02
7.064493927955627441e+02
7.113912658691406250e+02
7.164297609329223633e+02
7.213105278015136719e+02
7.262605869770050049e+02
7.311828849315643311e+02
7.362481179237365723e+02
7.412985877990722656e+02
7.463699429035186768e+02
7.514633359909057617e+02
7.564658529758453369e+02
7.613513460159301758e+02
7.662529377937316895e+02
7.711875908374786377e+02
7.761985869407653809e+02
7.810996389389038086e+02
7.860496008396148682e+02
7.910572907924652100e+02
7.959829409122467041e+02
8.008434419631958008e+02
8.057241878509521484e+02
8.107379748821258545e+02
8.157638189792633057e+02
8.206860308647155762e+02
8.256493070125579834e+02
8.306948878765106201e+02
8.356463658809661865e+02
8.407740337848663330e+02
8.456990528106689453e+02
8.506834058761596680e+02
8.557889089584350586e+02
8.607607789039611816e+02
8.657173089981079102e+02
8.707408258914947510e+02
8.756329228878021240e+02
8.805209197998046875e+02
8.854696350097656250e+02
8.904512088298797607e+02
8.954654278755187988e+02
9.005571339130401611e+02
9.054480819702148438e+02
9.104963018894195557e+02
9.155104119777679443e+02
9.203903160095214844e+02
9.253244028091430664e+02
9.303413469791412354e+02
9.353366048336029053e+02
9.402865579128265381e+02
9.452207689285278320e+02
9.503533589839935303e+02
9.552437949180603027e+02
9.601270539760589600e+02
9.650328869819641113e+02
9.699641418457031250e+02
9.749795398712158203e+02
9.799806427955627441e+02
9.848690760135650635e+02
9.898284578323364258e+02
9.943461308479309082e+02
