8.901399999999994872e-01
9.349200000000005284e-01
9.519600000000011386e-01
9.636200000000029187e-01
9.721200000000035368e-01
9.791400000000048953e-01
9.819800000000042939e-01
9.839000000000034385e-01
9.862000000000037403e-01
9.893600000000042360e-01
9.905200000000033977e-01
9.910800000000035137e-01
9.916400000000036297e-01
9.929000000000032244e-01
9.930400000000029204e-01
9.947000000000028042e-01
9.952400000000025670e-01
9.961000000000019838e-01
9.967800000000017757e-01
9.972200000000013276e-01
