1.835445458777248962e-01
6.629861213639379192e-02
4.234250200726091817e-02
3.046122652245685306e-02
2.138752935081720402e-02
1.689041924290358987e-02
1.258323529129847830e-02
1.002698973286896868e-02
8.119813984842039548e-03
7.104655626113526128e-03
5.986562681500800197e-03
5.361168542061932156e-03
4.759600960183888244e-03
3.823271090281195762e-03
3.400887507013976383e-03
3.158673546568025077e-03
2.822935991222038851e-03
2.644330654002260625e-03
2.283470321504864949e-03
2.258433919691014979e-03
2.221429915342014449e-03
2.031012233463116035e-03
1.681585121521493370e-03
1.807616961246822111e-03
1.611123063223203694e-03
1.593337288213660845e-03
1.534793295693816662e-03
1.433238506753696170e-03
1.239724331040633915e-03
1.231471418752334932e-03
1.176000178878894081e-03
1.175452071387553645e-03
1.032051348272943880e-03
1.039707466756226509e-03
1.065888278360944182e-03
9.684635240264469376e-04
9.567947474424726758e-04
8.699643705913331004e-04
8.518670089979423323e-04
8.613988817669451402e-04
8.020900988776702521e-04
8.991746730462182391e-04
8.460529614967526825e-04
8.100004283478483584e-04
7.322032532974845050e-04
6.761516642291099180e-04
6.443530914257280607e-04
7.996294733020476711e-04
6.906110511117731715e-04
6.546149633359164399e-04
6.458398839022265253e-04
6.275058013270609029e-04
5.826406530031818468e-04
5.927359819761476899e-04
5.708693191772909329e-04
5.847789362815092361e-04
5.395802044440643330e-04
5.376973691600142559e-04
5.194527612184174012e-04
5.599198275594972516e-04
5.334877367131412532e-04
4.614649841023492783e-04
4.672064945043530055e-04
4.940256254121777081e-04
4.773797735979314798e-04
4.466643393898266177e-04
5.321967237177886853e-04
4.247258929317468098e-04
4.258535194530850012e-04
4.118049056778545335e-04
4.256486242156824946e-04
4.410694507605512687e-04
4.479632175862206952e-04
3.714538052881835172e-04
3.968878019659314443e-04
3.635037184321845581e-04
4.232741601517773242e-04
3.919790888030547896e-04
3.458354389840678582e-04
3.531529895008133951e-04
3.775469229585723960e-04
3.188734161885804601e-04
3.425194697665574729e-04
3.378258735137933469e-04
3.113454652484506403e-04
3.665536626904213491e-04
2.861241126374807365e-04
3.367046747189306362e-04
3.227832690718060037e-04
3.093743102035659688e-04
2.785243058242485668e-04
2.626055348991940134e-04
2.560591525107156407e-04
2.479244792884855884e-04
2.627305749301740256e-04
2.619239964769804179e-04
3.157663624842825924e-04
2.424856111720146020e-04
2.431965478172060070e-04
2.659384952385153043e-04
2.444478987999900679e-04
2.340135552767605908e-04
2.099805489960999559e-04
2.486261936064692907e-04
2.235198198468424456e-04
1.980563115212135043e-04
1.872809509695798661e-04
2.696045120101189297e-04
2.422914646704157264e-04
2.118948179449944380e-04
2.121813839876267500e-04
2.609802718507125800e-04
2.166643811651738439e-04
2.050539926349301885e-04
2.303295463607355539e-04
2.222955679681035775e-04
2.117341786106408065e-04
2.067160125479858886e-04
1.987230889480997686e-04
2.186913923396787275e-04
1.797473683309362929e-04
1.785085144238109957e-04
2.178942092250508837e-04
2.142454785280278916e-04
1.812946989593911006e-04
1.807769494553213084e-04
1.668136839198268624e-04
1.776161095294810405e-04
1.898905926773295633e-04
1.910772969458776095e-04
1.860720633158052795e-04
1.841959783341735554e-04
1.659664020462514643e-04
1.982404891768965261e-04
1.744300747450324785e-04
2.159134335179260160e-04
1.711582711977826046e-04
1.844657320307305779e-04
1.702149348857346842e-04
1.556609240033140042e-04
1.913464586668851602e-04
1.534013629134278831e-04
1.809140260638741860e-04
1.807060109822487077e-04
1.679779584192147136e-04
1.474973008898814385e-04
1.547160698391962757e-04
1.528124971919169232e-04
1.556979279521328828e-04
1.427506210002320590e-04
1.331166309209948012e-04
1.662922026771411694e-04
1.539086977227270786e-04
1.352696282701799761e-04
1.518095446899678897e-04
1.413917317404411777e-04
1.523893537305411766e-04
1.479025743919919450e-04
1.292866194289672341e-04
1.250944796665862547e-04
1.510101867461344314e-04
1.421960546995251339e-04
1.520477183403272608e-04
1.188620165194151910e-04
1.536896475354296938e-04
1.577470638949307613e-04
1.420002902996202350e-04
1.441233966215804566e-04
1.285631248392746825e-04
1.395125553153775324e-04
1.509094470857235196e-04
1.160612555995612635e-04
1.242366984042746604e-04
1.135217733317404003e-04
1.292369973780296334e-04
1.316493312924649098e-04
1.409221628982777427e-04
1.543586579882685276e-04
1.228576095418247897e-04
1.159205898147774914e-04
1.117999389753094843e-04
1.265390865828521915e-04
1.430199286260176424e-04
1.216678267410316040e-04
1.381554288764164171e-04
1.097307694817573054e-04
1.585166567720079926e-04
1.195505777805010476e-04
1.266432625743618711e-04
1.024585138784459541e-04
1.139745741375008915e-04
1.192865204739064147e-04
1.238886152677878393e-04
1.231725084599020093e-04
1.239946635541855488e-04
1.148902428867586449e-04
1.068350686746271044e-04
9.996518819116318312e-05
1.075183356842899178e-04
1.101313993349322073e-04
