2.904235839843750000e+00
5.799204826354980469e+00
8.742059946060180664e+00
1.168984484672546387e+01
1.466590595245361328e+01
1.764084601402282715e+01
2.065697383880615234e+01
2.363373899459838867e+01
2.661142897605895996e+01
2.963327884674072266e+01
3.257395887374877930e+01
3.547378993034362793e+01
3.838405585289001465e+01
4.127881693840026855e+01
4.417349195480346680e+01
4.711091685295104980e+01
5.005515098571777344e+01
5.305485200881958008e+01
5.605686783790588379e+01
5.906298804283142090e+01
6.204679894447326660e+01
6.503232502937316895e+01
6.807727098464965820e+01
7.102707099914550781e+01
7.392518997192382812e+01
7.682457494735717773e+01
7.972307801246643066e+01
8.261665081977844238e+01
8.554734587669372559e+01
8.847847294807434082e+01
9.147583603858947754e+01
9.449641394615173340e+01
9.750518894195556641e+01
1.004988098144531250e+02
1.034755179882049561e+02
1.064841809272766113e+02
1.094528868198394775e+02
1.123524038791656494e+02
1.152328228950500488e+02
1.181113269329071045e+02
1.209930949211120605e+02
1.239226748943328857e+02
1.268528759479522705e+02
1.298258450031280518e+02
1.328201038837432861e+02
1.357838468551635742e+02
1.387601089477539062e+02
1.417087688446044922e+02
1.447095270156860352e+02
1.476737959384918213e+02
1.505639088153839111e+02
1.534625940322875977e+02
1.563493268489837646e+02
1.592364149093627930e+02
1.621697378158569336e+02
1.650949318408966064e+02
1.680581688880920410e+02
1.710344138145446777e+02
1.739955439567565918e+02
1.769973218441009521e+02
1.799612410068511963e+02
1.829638698101043701e+02
1.859268269538879395e+02
1.888371269702911377e+02
1.917223248481750488e+02
1.946132409572601318e+02
1.974974548816680908e+02
2.004064338207244873e+02
2.033381559848785400e+02
2.063368718624114990e+02
2.093409919738769531e+02
2.123238739967346191e+02
2.153324148654937744e+02
2.182855210304260254e+02
2.212799110412597656e+02
2.242421629428863525e+02
2.271337440013885498e+02
2.300184650421142578e+02
2.329086248874664307e+02
2.358054180145263672e+02
2.387225399017333984e+02
2.416484448909759521e+02
2.446199529170989990e+02
2.475847499370574951e+02
2.505555398464202881e+02
2.535614988803863525e+02
2.565426588058471680e+02
2.595908648967742920e+02
2.625818278789520264e+02
2.654871699810028076e+02
2.683972339630126953e+02
2.713036639690399170e+02
2.742106618881225586e+02
2.771322228908538818e+02
2.800855188369750977e+02
2.830587069988250732e+02
2.860259459018707275e+02
2.890031929016113281e+02
2.920047669410705566e+02
2.949796090126037598e+02
2.980126998424530029e+02
3.009896299839019775e+02
3.039056029319763184e+02
3.067987480163574219e+02
3.096842548847198486e+02
3.125777478218078613e+02
3.154889948368072510e+02
3.184011378288269043e+02
3.213617599010467529e+02
3.243230979442596436e+02
3.272992138862609863e+02
3.303037350177764893e+02
3.332729539871215820e+02
3.362567119598388672e+02
3.392657940387725830e+02
3.421676239967346191e+02
3.450639228820800781e+02
3.479540619850158691e+02
3.508392238616943359e+02
3.537309839725494385e+02
3.566520769596099854e+02
3.595985939502716064e+02
3.625610809326171875e+02
3.655324878692626953e+02
3.685371549129486084e+02
3.715377109050750732e+02
3.745103068351745605e+02
3.775111749172210693e+02
3.804382288455963135e+02
3.833269360065460205e+02
3.862188568115234375e+02
3.891127898693084717e+02
3.920086538791656494e+02
3.949362089633941650e+02
3.978685548305511475e+02
4.008345208168029785e+02
4.038161909580230713e+02
4.067786250114440918e+02
4.097831640243530273e+02
4.127516899108886719e+02
4.157546520233154297e+02
4.187201378345489502e+02
4.216149609088897705e+02
4.245004880428314209e+02
4.273920209407806396e+02
4.302810378074645996e+02
4.331879658699035645e+02
4.361160600185394287e+02
4.390860469341278076e+02
4.420477838516235352e+02
4.450250518321990967e+02
4.480259249210357666e+02
4.509982399940490723e+02
4.539975700378417969e+02
4.569707698822021484e+02
4.598786518573760986e+02
4.627697129249572754e+02
4.656592698097229004e+02
4.685516610145568848e+02
4.714796988964080811e+02
4.743951649665832520e+02
4.773886628150939941e+02
4.803693819046020508e+02
4.833560109138488770e+02
4.863861980438232422e+02
4.893580188751220703e+02
4.923380358219146729e+02
4.953476300239562988e+02
4.982808339595794678e+02
5.011748058795928955e+02
5.040638058185577393e+02
5.069513738155364990e+02
5.098407478332519531e+02
5.127820208072662354e+02
5.157038619518280029e+02
5.186605110168457031e+02
5.216403009891510010e+02
5.246141848564147949e+02
5.276057238578796387e+02
5.305747299194335938e+02
5.336182458400726318e+02
5.365846059322357178e+02
5.394832358360290527e+02
5.423672268390655518e+02
5.452467989921569824e+02
5.481283638477325439e+02
5.510547628402709961e+02
5.539979519844055176e+02
5.569621229171752930e+02
5.599637029170989990e+02
5.629281158447265625e+02
5.659512560367584229e+02
5.689218869209289551e+02
5.719333288669586182e+02
5.748813438415527344e+02
5.777697319984436035e+02
5.806522300243377686e+02
5.835367138385772705e+02
5.864142429828643799e+02
5.893214209079742432e+02
