1.637717008590698242e+01
3.452575397491455078e+01
5.192132806777954102e+01
6.965297913551330566e+01
8.709206414222717285e+01
1.040002391338348389e+02
1.216379749774932861e+02
1.388975889682769775e+02
1.566777641773223877e+02
1.743465709686279297e+02
1.916924800872802734e+02
2.092328481674194336e+02
2.266703240871429443e+02
2.449743440151214600e+02
2.625544791221618652e+02
2.804809310436248779e+02
2.981438870429992676e+02
3.157301151752471924e+02
3.380084450244903564e+02
3.631209580898284912e+02
3.942680940628051758e+02
4.310975451469421387e+02
4.681751389503479004e+02
5.054069139957427979e+02
5.427035119533538818e+02
5.809087669849395752e+02
6.191658961772918701e+02
6.570043549537658691e+02
6.945507149696350098e+02
7.325035500526428223e+02
7.722001769542694092e+02
8.107881879806518555e+02
8.550580530166625977e+02
8.975631430149078369e+02
9.468059520721435547e+02
1.008788676023483276e+03
1.106784749031066895e+03
1.204948007106781006e+03
1.297396919012069702e+03
1.392634935140609741e+03
1.489325376987457275e+03
1.585544136047363281e+03
1.681579590082168579e+03
1.774801823139190674e+03
1.873137398004531860e+03
1.969858700990676880e+03
2.067836730003356934e+03
2.164534494161605835e+03
2.259365442037582397e+03
2.358134417057037354e+03
2.457405208110809326e+03
2.549094975948333740e+03
2.650617793083190918e+03
2.747050716161727905e+03
2.845834077119827271e+03
2.933518484115600586e+03
3.031678877115249634e+03
3.129807052135467529e+03
3.213380797147750854e+03
3.309599347114562988e+03
3.399649031162261963e+03
3.490613216161727905e+03
3.583216192007064819e+03
3.678955669164657593e+03
3.768950688123703003e+03
3.861554398059844971e+03
3.953928958177566528e+03
4.029687695980072021e+03
4.108683304071426392e+03
4.192177057027816772e+03
4.277232964038848877e+03
4.360003128051757812e+03
4.425187904119491577e+03
4.499629508972167969e+03
4.559163593053817749e+03
4.617082931995391846e+03
4.675064664125442505e+03
4.722295299053192139e+03
4.766330816984176636e+03
4.810851875066757202e+03
4.856054481983184814e+03
4.898967641115188599e+03
4.937358911991119385e+03
4.975947160005569458e+03
5.014564286947250366e+03
5.052762587070465088e+03
5.090960577011108398e+03
5.129227784156799316e+03
5.168096413135528564e+03
5.219746104001998901e+03
5.290056760072708130e+03
5.352525604009628296e+03
5.424132462024688721e+03
5.490082451105117798e+03
5.560542394161224365e+03
5.624559936046600342e+03
5.693381695985794067e+03
5.759148322105407715e+03
5.832590759038925171e+03
5.897375627994537354e+03
5.965163336992263794e+03
6.029043315172195435e+03
6.099988140106201172e+03
6.166070045948028564e+03
6.234935260057449341e+03
6.299487996101379395e+03
6.367512746095657349e+03
6.438501196146011353e+03
6.502580810070037842e+03
6.574341221094131470e+03
6.642967664003372192e+03
6.714608057022094727e+03
6.780583419084548950e+03
6.852148182153701782e+03
6.916995171070098877e+03
6.987652050018310547e+03
7.035990118980407715e+03
7.081400378942489624e+03
7.126938230991363525e+03
7.173431674003601074e+03
7.219647416114807129e+03
7.265877051115036011e+03
7.312437572956085205e+03
7.359004887104034424e+03
7.405766500949859619e+03
7.453038500070571899e+03
7.498996767044067383e+03
7.543649300098419189e+03
7.588494014978408813e+03
7.633737826108932495e+03
7.678775750160217285e+03
7.723497715950012207e+03
7.769121693134307861e+03
7.814301465034484863e+03
7.860927011966705322e+03
7.906648107051849365e+03
7.952979279994964600e+03
7.997204436063766479e+03
8.043006205081939697e+03
8.089630740165710449e+03
8.136029895067214966e+03
8.181954817056655884e+03
8.228859646081924438e+03
8.274189447164535522e+03
8.319156435966491699e+03
8.364887382030487061e+03
8.410233988046646118e+03
8.455147094964981079e+03
8.500565829992294312e+03
8.547522393941879272e+03
8.594473320007324219e+03
8.640784785032272339e+03
8.688494933128356934e+03
8.734815767049789429e+03
8.780486797094345093e+03
8.825989321947097778e+03
8.872224111080169678e+03
8.917022670984268188e+03
8.958719073057174683e+03
8.999824212074279785e+03
9.040175647020339966e+03
9.080189509153366089e+03
9.119070068120956421e+03
9.157592003107070923e+03
9.195824500083923340e+03
9.234199241161346436e+03
9.272342254161834717e+03
9.310379554986953735e+03
9.348374308109283447e+03
9.387026767015457153e+03
9.425562842130661011e+03
9.464235280990600586e+03
9.502495155096054077e+03
9.540746405124664307e+03
9.579295665979385376e+03
9.617791756153106689e+03
9.655844151973724365e+03
9.693841743946075439e+03
9.732479715108871460e+03
9.770765632152557373e+03
9.809248885154724121e+03
9.847698843955993652e+03
9.886131380081176758e+03
9.924913717985153198e+03
9.963120643138885498e+03
1.000117638802528381e+04
1.003939978313446045e+04
1.007749173212051392e+04
1.011588863897323608e+04
1.015421508216857910e+04
1.019249061703681946e+04
1.023157409214973450e+04
1.027020209312438965e+04
1.030872898316383362e+04
1.034747100806236267e+04
1.038630052113533020e+04
1.042483064508438110e+04
1.046308329606056213e+04
1.049986473417282104e+04
1.053437358999252319e+04
