1.875923925675451742e-01
6.888170944899320303e-02
4.351311517134309054e-02
2.964320390019565751e-02
2.253886246122419751e-02
1.657363015948794954e-02
1.304321612021885728e-02
1.031424110475927594e-02
8.902186238905415716e-03
7.026886436389758947e-03
5.681665178854018207e-03
5.216332717565819871e-03
4.444273266126401618e-03
3.819509178167208863e-03
3.761005731590557656e-03
3.405659725889563418e-03
2.955995831929612763e-03
2.913246054493356420e-03
2.440476868476253169e-03
2.143390086770523284e-03
1.924396165006328355e-03
1.893842278717784277e-03
1.851560194423655051e-03
1.883620089065516376e-03
1.772372873791027738e-03
1.587447717902250527e-03
1.571032815205399046e-03
1.371604281957843367e-03
1.277535008557606445e-03
1.215591010768548620e-03
1.202909305444336543e-03
1.219723725196672709e-03
1.080158080250839727e-03
1.054544802842428963e-03
9.408802367688622785e-04
9.795169529825216090e-04
1.089501017442671537e-03
9.310111836093711230e-04
9.854048130364390090e-04
8.280107887694612137e-04
9.989082208776381856e-04
8.279330779478186533e-04
8.181004832877079120e-04
7.360842251218855650e-04
7.417453788366401525e-04
6.232860158925177928e-04
6.909070208057528899e-04
6.645970425888663054e-04
6.661416714923689558e-04
6.598868082946864359e-04
7.187737150379689636e-04
5.818893485266017152e-04
5.482664789742557098e-04
5.802717720143846453e-04
5.685279845492914727e-04
5.395414226077264183e-04
5.804295493799145351e-04
4.805739560542861212e-04
5.642366635729558844e-04
4.749544750302447742e-04
5.161982025019824609e-04
4.327928549319040108e-04
4.811017606625682527e-04
4.251373924344079599e-04
4.349017562199151000e-04
4.339766865305136789e-04
4.239970330818323171e-04
3.917093653581105324e-04
3.733733491244493256e-04
4.149726246978389195e-04
3.695222034548351227e-04
3.474450217181584044e-04
3.492139395166304742e-04
3.766663783608237390e-04
3.909480740003346260e-04
3.766457849560538203e-04
3.827692762279184487e-04
3.386220221582334302e-04
3.554015286863432201e-04
3.492434393992880628e-04
3.396338302336516764e-04
3.333631361019797701e-04
3.158243162688450199e-04
3.573693326216016621e-04
3.172682596414233775e-04
3.055122681107605063e-04
3.761395328037906685e-04
2.950799703612574498e-04
2.632062819102429663e-04
3.115795676494599142e-04
3.058706381525553458e-04
2.769488531776005138e-04
2.789956499764230336e-04
2.839490214773832144e-04
2.685399307229090465e-04
2.737779088638489858e-04
2.681838091448298777e-04
2.590673288832477075e-04
2.940695334000338244e-04
3.165155650312954211e-04
2.440972826370852897e-04
2.911595447803847392e-04
2.702953123480256311e-04
2.618239915900631015e-04
2.713027331337798252e-04
2.334667809427628399e-04
2.367626773338997773e-04
2.318910565954865907e-04
2.178341736798756860e-04
2.146594282057776590e-04
2.275247736506571541e-04
2.265253993464284475e-04
2.541558935590728665e-04
2.263659491109137954e-04
2.233127548315678621e-04
2.432198535825591578e-04
2.516591805724601935e-04
2.146215547472820641e-04
2.296380226835026449e-04
2.573292318847961841e-04
2.225263310792797587e-04
1.876049393904395289e-04
2.044696235134324644e-04
1.960667204475612308e-04
2.091739527313620894e-04
2.271269091870635741e-04
1.836756623561086599e-04
1.938480276658083291e-04
1.966267303105269078e-04
2.084158815068803917e-04
1.920743025366391642e-04
1.926801329900627066e-04
2.022813267722085590e-04
1.871530465250543867e-04
2.099215954003739266e-04
1.836889054757193541e-04
1.638340722965949705e-04
1.679435855548945175e-04
1.720460242668195913e-04
1.759423974544915771e-04
2.053248462416377193e-04
1.586078618056490145e-04
1.548252663815219388e-04
1.571049229933123466e-04
1.662916518325800968e-04
1.920189659376774090e-04
1.567469145102222763e-04
1.404819251456501639e-04
1.652807139835204078e-04
1.574799658410483893e-04
1.322087720363924763e-04
1.951891821954632156e-04
1.400836060347501277e-04
1.486884377154637927e-04
1.450082673509314236e-04
1.274541770453652015e-04
1.853993382974295032e-04
1.383462890389637362e-04
1.531129791765124489e-04
1.520990948592952998e-04
1.493254557717591576e-04
1.542519586746493468e-04
1.998132726330368258e-04
1.563198968397045839e-04
1.257788378752593551e-04
1.322867177932494128e-04
1.459492858448356838e-04
1.372639915352920131e-04
1.428259370150044487e-04
1.326551634865609280e-04
1.239340099800756542e-04
1.266936681349761795e-04
1.102033563220174937e-04
1.392131273260019929e-04
1.625447649294073935e-04
1.436712328068097194e-04
1.242027062253328129e-04
1.243873164421529446e-04
1.384016459778649680e-04
1.242707284854987050e-04
1.388584122978499995e-04
1.211071557136165252e-04
1.192227240899228457e-04
1.005597944604232942e-04
1.168370799477997973e-04
1.101375921698490918e-04
1.047960335190509831e-04
1.153517393813672219e-04
1.818133684846543450e-04
1.305694976526865594e-04
1.586640953810274416e-04
1.393667889660718973e-04
1.255782116713817260e-04
1.172451009624637648e-04
1.231103289101156473e-04
1.116570215226602190e-04
1.061750022345222519e-04
1.211871743726078415e-04
1.130718188196624393e-04
1.058719864877275549e-04
