1.839215779602527689e-01
6.753083150833845416e-02
4.373247490637004187e-02
2.985261829011142190e-02
2.125852863769978410e-02
1.625867970427498366e-02
1.258915466396138064e-02
1.031380925164557955e-02
8.268680932465940006e-03
7.018414946040138318e-03
6.080987924477085534e-03
4.869281839928589831e-03
4.554605021839961028e-03
3.736964669311418959e-03
3.334138967678882282e-03
3.332300924055744094e-03
3.380910374573431725e-03
2.713924565352499561e-03
2.465396979881916400e-03
2.284783808136126027e-03
2.276402756571769929e-03
2.111531840957468417e-03
1.894734910456463608e-03
1.698600952746346640e-03
1.792870122066233217e-03
1.588721974228974373e-03
1.646489213453605814e-03
1.309665340872015731e-03
1.360358332400210101e-03
1.098037698917323814e-03
1.113765815476654153e-03
1.146706661587813770e-03
1.046823262047837533e-03
1.015216236904962002e-03
9.847572327998932451e-04
9.723678703448967618e-04
9.716176859219558763e-04
8.962115333852125731e-04
8.900784984434722451e-04
8.847831234015757305e-04
8.466593991324771092e-04
7.880729066382627422e-04
8.560242140229092469e-04
8.131874835526105424e-04
7.682754278066567574e-04
7.250112284673378366e-04
6.776648763916454750e-04
7.117920101591153478e-04
6.881685291155008322e-04
6.752956866839667600e-04
5.900281851209001997e-04
6.049610788249992592e-04
5.499725537010817554e-04
5.064637105533619909e-04
5.850917142670368325e-04
5.822772389510646324e-04
5.547131392086157445e-04
5.366656270925886573e-04
5.200830439571291295e-04
5.036844417118117780e-04
5.022107327531557912e-04
4.516780468402430636e-04
4.595802075782558140e-04
5.456478613559738672e-04
4.084725933680602005e-04
4.304155243880813703e-04
4.158967835173825564e-04
4.010335367929656215e-04
4.956886683357879589e-04
4.389256339418352816e-04
4.093917237769346506e-04
4.218951715229195504e-04
4.405831624608254251e-04
3.641993824421660983e-04
4.018667109558009764e-04
4.036241997891920771e-04
3.733555349099333155e-04
4.790662978703039946e-04
3.841443485434865531e-04
4.147746600101527288e-04
3.516059122193837495e-04
3.302487991968519263e-04
3.820541259228775921e-04
3.187620885000797097e-04
3.488857182674109936e-04
3.698409898715908600e-04
3.313811942025494993e-04
3.329480826250801290e-04
2.721503837929049288e-04
2.958095184403646536e-04
2.815557177927985170e-04
3.315421775878348910e-04
3.200695721316151160e-04
2.566891438073070947e-04
3.016094175181933501e-04
2.610368370587821236e-04
2.655602223858295578e-04
2.267893448806717097e-04
2.346711033096653370e-04
2.790276088962855483e-04
2.295336777970078367e-04
2.431970507968799226e-04
3.394395383002119957e-04
2.707809091916715274e-04
2.358191450402955425e-04
2.018144923349609698e-04
2.169674078722891775e-04
2.394979746604803902e-04
2.234304223457002087e-04
2.290964445455756472e-04
1.920204571797512450e-04
2.182842341499053966e-04
1.865968625352252370e-04
2.122610014266683735e-04
2.345847387368848991e-04
2.232378839325974639e-04
2.107510292044025837e-04
2.151191455523075908e-04
2.103907792952668500e-04
1.948351122009626057e-04
2.075399142413516433e-04
1.956692172479961359e-04
2.071596459682041385e-04
2.174154718995851003e-04
2.548177855951507908e-04
2.301228576652647397e-04
1.911318932652647995e-04
1.945921333572187104e-04
1.777086051570222580e-04
2.093610282390727590e-04
2.149687377386726476e-04
2.300958803243702158e-04
1.897091131522756716e-04
1.910534869093680785e-04
1.764388568681169952e-04
1.906990773459256287e-04
1.772067428464652050e-04
1.840232070480851754e-04
1.688114523713011379e-04
1.604969610598345683e-04
1.697585303591040427e-04
1.647001920155162177e-04
1.698375570776988785e-04
1.622131654148688414e-04
1.520444963098270812e-04
1.341236236949043873e-04
1.887032400645694051e-04
1.871598772268043818e-04
1.588102504028938739e-04
1.444464166706893582e-04
1.630100881593534606e-04
1.537431061133247463e-04
1.458258619004482095e-04
1.459566476769396238e-04
1.599939227562572393e-04
1.474710022375802499e-04
1.625583983150136061e-04
1.393967401272675432e-04
1.446187822330102758e-04
1.442049952856905239e-04
1.197354383948550093e-04
1.764042150261957561e-04
1.565972658645478166e-04
1.463622876126464598e-04
1.381915414021932513e-04
1.347723550770751812e-04
1.387820864238165086e-04
1.522470570798759493e-04
1.395198531772621326e-04
1.289895419540698727e-04
1.250315382585540775e-04
1.735864144866354855e-04
1.343572312889591640e-04
1.232862546585238267e-04
1.587445322711573763e-04
1.473586867923586282e-04
1.375307715225062481e-04
1.376063980815160983e-04
1.562290812762512436e-04
1.356122074321319793e-04
1.330287491800845475e-04
1.137625026258319864e-04
1.187539430475226200e-04
1.100575225154898400e-04
1.212634003559287554e-04
1.186201217624329672e-04
1.098681443800160256e-04
1.198689768461917975e-04
1.145985438761272296e-04
1.109877513044921161e-04
1.087321874556437286e-04
1.112510220086733220e-04
1.092465493420604651e-04
1.140371573546872290e-04
1.036725810790812885e-04
1.066922860627528323e-04
1.368829056591494087e-04
9.967467670685436533e-05
1.062798112798191114e-04
9.589632212191645283e-05
