1.027737921565771151e+00
3.011561221778392694e-01
2.315665497630834679e-01
1.931017536073923180e-01
1.678705805018544106e-01
1.482492505908012403e-01
1.325573538467288148e-01
1.223343391865491930e-01
1.107408211976289719e-01
1.016173351891338783e-01
9.528398547321557943e-02
8.737753131613135160e-02
8.205632185190915584e-02
7.582748235389590030e-02
7.149449855089187733e-02
6.615741089545190690e-02
6.289392839930951773e-02
5.849841119349002971e-02
5.454493005946278728e-02
5.193691786378622222e-02
4.894876492954790270e-02
4.554062565788626754e-02
4.375190801545977837e-02
4.216456201951950672e-02
3.879446865618228768e-02
3.678581301681697197e-02
3.555545745138079250e-02
3.382204746082424773e-02
3.194404284842312230e-02
3.014155285991728175e-02
2.888770555797964476e-02
2.724026446696370743e-02
2.528152085561305440e-02
2.489764203224330980e-02
2.409828884992748499e-02
2.292755312658846523e-02
2.145004816586151830e-02
2.058053396269679189e-02
2.005274479370564369e-02
1.942406579479575082e-02
1.843751871865242573e-02
1.850678802840411558e-02
1.717030312353745244e-02
1.645366802299395165e-02
1.568033302621915995e-02
1.487281827861443133e-02
1.435812913905829165e-02
1.376404207060113495e-02
1.368321349006146152e-02
1.314869670243933725e-02
1.227857997082173851e-02
1.201023680320940923e-02
1.187556284433230816e-02
1.123267517494969114e-02
1.121072494005784410e-02
1.080523152276873650e-02
1.007685077679343517e-02
1.036583370505832213e-02
1.003812377271242479e-02
9.957445456646382698e-03
9.328197514638304072e-03
9.100209708092733482e-03
8.692402902059257266e-03
8.825047763064503004e-03
8.606001145672052821e-03
8.088110499316826518e-03
7.948373265331610746e-03
7.883569341385737381e-03
7.808881262550130230e-03
7.237884616944938697e-03
7.425843851873651161e-03
7.126233034068718379e-03
7.064038956537842771e-03
6.947938328143209510e-03
6.588403429021127272e-03
6.587342004524544305e-03
6.045614393427967657e-03
6.363046168116852710e-03
6.050218679010867934e-03
5.813450044486671679e-03
5.636609986424446356e-03
5.814977960661053998e-03
5.660283674485981284e-03
5.527082267450168784e-03
5.500931447488256222e-03
5.350594329880550143e-03
5.355336393811739766e-03
4.881953403004445427e-03
4.964360652258619638e-03
4.810737018822692362e-03
5.005875425762497215e-03
4.805038250400684753e-03
4.720533884712494951e-03
4.711537515278905498e-03
4.570396196446381738e-03
4.590714016114361661e-03
4.435654122964478689e-03
4.220521085779182884e-03
4.172760224668309315e-03
4.256336263264529421e-03
3.976561907678842663e-03
3.993734262534417469e-03
3.994997767265886374e-03
4.230274986475705823e-03
3.750415402115322809e-03
3.740007527754642125e-03
3.828308038006070831e-03
3.762476775387767723e-03
3.502883553854189980e-03
3.502138989977538440e-03
3.486878369818441608e-03
3.551568889757618450e-03
3.581627655774354945e-03
3.385770749824587155e-03
3.341366590291727518e-03
3.333119627670385124e-03
3.289423644891939849e-03
3.203228692815173525e-03
3.258718313532881373e-03
3.335777302854694287e-03
3.196079126559197691e-03
2.980604570824652716e-03
3.016597606532741335e-03
3.180695086775813408e-03
3.050678968371357738e-03
2.969632836291566640e-03
2.989453537156805570e-03
2.865750999480951369e-03
2.750580995227210404e-03
2.736021871736738723e-03
2.782428323000203825e-03
2.759167444484773943e-03
2.590705508948303645e-03
2.419724988285452006e-03
2.684086081106215518e-03
2.846113522071391268e-03
2.541100548638496742e-03
2.566676459857262886e-03
2.489316635183058592e-03
2.489977857389021748e-03
2.494681587035302208e-03
2.520807588240131861e-03
2.432280632085166965e-03
2.420246139983646665e-03
2.384354787587653936e-03
2.302318617672426473e-03
2.255969677353277664e-03
2.341367271757917399e-03
2.404382681183051419e-03
2.288124918588436973e-03
2.193585994071327056e-03
2.268348694487940572e-03
2.140962783014401741e-03
2.179132985911564919e-03
2.175461242848541685e-03
2.016634608909953497e-03
2.105423227360006620e-03
2.047877678764052807e-03
2.085558414692059281e-03
2.019233876257203568e-03
2.132052760745864473e-03
1.816753029474057254e-03
2.092695284925867073e-03
1.889483992883469847e-03
2.095935150166042087e-03
1.996021370170637799e-03
2.061498133407440193e-03
1.901282450242433629e-03
1.893434846308082254e-03
1.852069931221194581e-03
1.893788095447234733e-03
1.884350260777864711e-03
1.836852645734325098e-03
1.935078216221881994e-03
1.917033269099192644e-03
1.801244024769403131e-03
1.791130540834274219e-03
1.821120382810477185e-03
1.802343448565807199e-03
1.798637767642503665e-03
1.805564943788340402e-03
1.687500618281774284e-03
1.810449440788943322e-03
1.640758476976770987e-03
1.712423147284425785e-03
1.558980694448109652e-03
1.710187681717798046e-03
1.519778376183239781e-03
1.618210340267978642e-03
1.615336008457234030e-03
1.652081004314823144e-03
1.665742870856774934e-03
1.557281280314782657e-03
1.561563588300487072e-03
1.540289336728164907e-03
1.577593040536157728e-03
1.654431584931444470e-03
1.499415849742945315e-03
1.548127032263437201e-03
1.530312065558973650e-03
