3.719362115859985352e+01
7.425425601005554199e+01
1.119290449619293213e+02
1.495230181217193604e+02
1.879744100570678711e+02
2.266440501213073730e+02
2.648427629470825195e+02
3.025620441436767578e+02
3.407450540065765381e+02
3.813533420562744141e+02
4.202021620273590088e+02
4.635790770053863525e+02
5.054662261009216309e+02
5.559983739852905273e+02
6.210115251541137695e+02
7.186811161041259766e+02
8.167647991180419922e+02
9.100106210708618164e+02
1.006545124053955078e+03
1.103372655153274536e+03
1.198119846105575562e+03
1.294302613973617554e+03
1.390367162942886353e+03
1.486223406076431274e+03
1.582388673067092896e+03
1.680323568105697632e+03
1.778178832054138184e+03
1.873976776123046875e+03
1.973084722042083740e+03
2.071736424922943115e+03
2.161910272121429443e+03
2.263402570962905884e+03
2.362116086959838867e+03
2.460632678031921387e+03
2.547534816980361938e+03
2.645009819984436035e+03
2.743059873104095459e+03
2.828513999938964844e+03
2.923762623071670532e+03
3.014898447036743164e+03
3.105963207960128784e+03
3.197178009986877441e+03
3.294443871021270752e+03
3.383900939941406250e+03
3.475723834991455078e+03
3.568899948120117188e+03
3.643573027133941650e+03
3.724292462110519409e+03
3.809133985042572021e+03
3.891768059015274048e+03
3.974098279953002930e+03
4.041044333934783936e+03
4.113556339979171753e+03
4.174796299934387207e+03
4.235170026063919067e+03
4.291168501138687134e+03
4.339575022935867310e+03
4.387067244052886963e+03
4.436571815013885498e+03
4.485692685127258301e+03
4.525295951128005981e+03
4.563582927942276001e+03
4.602442703008651733e+03
4.640896790981292725e+03
4.679437551021575928e+03
4.717880679130554199e+03
4.756644423961639404e+03
4.801521861076354980e+03
4.863528569936752319e+03
4.933004339933395386e+03
5.000507513999938965e+03
5.071701138973236084e+03
5.138956555128097534e+03
5.209360558032989502e+03
5.275880911111831665e+03
5.345288907051086426e+03
5.415118981122970581e+03
5.487040750980377197e+03
5.552451261997222900e+03
5.621904072999954224e+03
5.689312894105911255e+03
5.760321818113327026e+03
5.826910993099212646e+03
5.896629943132400513e+03
5.961119086027145386e+03
6.034525836944580078e+03
6.101235942125320435e+03
6.171196578025817871e+03
6.241765350103378296e+03
6.315911548137664795e+03
6.381639297962188721e+03
6.456281787157058716e+03
6.521695130109786987e+03
6.594320843935012817e+03
6.645763092994689941e+03
6.694256742954254150e+03
6.743850984096527100e+03
6.793310467958450317e+03
6.843037496089935303e+03
6.892435888051986694e+03
6.940783165931701660e+03
6.988672765016555786e+03
7.037851001977920532e+03
7.088171937942504883e+03
7.137851944923400879e+03
7.186702983140945435e+03
7.235524472951889038e+03
7.283257065057754517e+03
7.330495708942413330e+03
7.378755306959152222e+03
7.427932192087173462e+03
7.477640181064605713e+03
7.526431846141815186e+03
7.575650031089782715e+03
7.623745336055755615e+03
7.671997267961502075e+03
7.720135535001754761e+03
7.769000920057296753e+03
7.818751763105392456e+03
7.868524711132049561e+03
7.917625898122787476e+03
7.967381448984146118e+03
8.015312468051910400e+03
8.062858602046966553e+03
8.111144807100296021e+03
8.161378975152969360e+03
8.211732942104339600e+03
8.261597295999526978e+03
8.311093564033508301e+03
8.358703422069549561e+03
8.406867320060729980e+03
8.454938817024230957e+03
8.504913177967071533e+03
8.550939053058624268e+03
8.593812536954879761e+03
8.636133929967880249e+03
8.678107053041458130e+03
8.718546174049377441e+03
8.757324871063232422e+03
8.795965466976165771e+03
8.834530094146728516e+03
8.873290677070617676e+03
8.912004991054534912e+03
8.950784914970397949e+03
8.989598125934600830e+03
9.028338279008865356e+03
9.066725991964340210e+03
9.105196761131286621e+03
9.143679213047027588e+03
9.182183876991271973e+03
9.220752310991287231e+03
9.259077533006668091e+03
9.297389083147048950e+03
9.336060687065124512e+03
9.374975754022598267e+03
9.413759586095809937e+03
9.452438244104385376e+03
9.491147002935409546e+03
9.529879912137985229e+03
9.568249736070632935e+03
9.606929793119430542e+03
9.645208626985549927e+03
9.683769325971603394e+03
9.722473957061767578e+03
9.761291137933731079e+03
9.800248579025268555e+03
9.839405013084411621e+03
9.878466267108917236e+03
9.917216066122055054e+03
9.956191215991973877e+03
9.995405431032180786e+03
1.003435767292976379e+04
1.007300842094421387e+04
1.011003322815895081e+04
1.014506282711029053e+04
1.017525728297233582e+04
1.020494705605506897e+04
1.023367077207565308e+04
1.025825232005119324e+04
1.028366097307205200e+04
1.030784434294700623e+04
1.033370446014404297e+04
1.035842726898193359e+04
1.038335580110549927e+04
1.040864434313774109e+04
1.043315501499176025e+04
1.045902088809013367e+04
1.048357502102851868e+04
1.050887952804565430e+04
1.053397295594215393e+04
1.055834682202339172e+04
1.058436493897438049e+04
1.060866953611373901e+04
1.063124052214622498e+04
1.065012106513977051e+04
1.066746625900268555e+04
1.068063069701194763e+04
1.069242948007583618e+04
1.070246559214591980e+04
1.071250282812118530e+04
