8.168600010909140563e-01
9.247200022935867514e-01
9.411400018930434763e-01
9.504400001764297112e-01
9.576400024890899809e-01
9.623800048828125009e-01
9.679600062370300462e-01
9.712400076389312575e-01
9.740400091409683325e-01
9.767800092697143111e-01
9.786400103569030673e-01
9.806600106954574958e-01
9.821800101995468157e-01
9.837800108194351134e-01
9.856000099182128382e-01
9.868400086164474949e-01
9.877800092697143208e-01
9.888200080394744518e-01
9.898600090742111224e-01
9.910000079870223688e-01
9.918800070285797021e-01
9.924600067138671378e-01
9.932400063276290991e-01
9.934400060176848957e-01
9.943200052976608472e-01
9.947800048589706678e-01
9.955400042533874005e-01
9.959600038528442223e-01
9.964400033950805424e-01
9.967400031089782564e-01
9.973200025558471848e-01
9.974200024604796821e-01
9.973400025367736843e-01
9.976400022506713983e-01
9.978800020217895028e-01
9.982400016784668262e-01
9.984000015258789329e-01
9.986600012779235369e-01
9.987200012207031463e-01
9.987000012397766469e-01
9.989800009727477503e-01
9.990600008964538592e-01
9.991600008010864675e-01
9.992000007629394664e-01
9.994200005531310715e-01
9.995200004577636799e-01
9.993200006484985742e-01
9.995400004386901793e-01
9.996000003814696777e-01
9.995400004386901793e-01
9.996600003242492871e-01
9.996400003433227877e-01
9.997000002861022860e-01
9.997400002479552850e-01
9.998200001716613938e-01
9.998400001525878933e-01
9.997800002098083949e-01
9.998000001907348944e-01
9.998400001525878933e-01
9.998400001525878933e-01
9.999800000190735005e-01
9.999600000381470011e-01
9.999000000953673917e-01
9.998800001144408922e-01
9.999000000953673917e-01
9.998800001144408922e-01
9.998800001144408922e-01
9.998800001144408922e-01
9.999400000572205016e-01
9.999400000572205016e-01
9.999200000762938911e-01
9.999800000190735005e-01
9.999000000953673917e-01
9.999600000381470011e-01
9.999800000190735005e-01
9.999400000572205016e-01
9.999200000762938911e-01
1.000000000000000000e+00
1.000000000000000000e+00
9.999400000572205016e-01
1.000000000000000000e+00
9.999800000190735005e-01
1.000000000000000000e+00
9.999800000190735005e-01
9.999800000190735005e-01
9.999600000381470011e-01
1.000000000000000000e+00
9.999800000190735005e-01
1.000000000000000000e+00
9.999800000190735005e-01
1.000000000000000000e+00
9.999800000190735005e-01
9.999600000381470011e-01
1.000000000000000000e+00
1.000000000000000000e+00
1.000000000000000000e+00
1.000000000000000000e+00
1.000000000000000000e+00
9.999800000190735005e-01
1.000000000000000000e+00
9.999800000190735005e-01
9.999600000381470011e-01
1.000000000000000000e+00
1.000000000000000000e+00
1.000000000000000000e+00
1.000000000000000000e+00
1.000000000000000000e+00
1.000000000000000000e+00
1.000000000000000000e+00
1.000000000000000000e+00
1.000000000000000000e+00
1.000000000000000000e+00
1.000000000000000000e+00
1.000000000000000000e+00
1.000000000000000000e+00
1.000000000000000000e+00
1.000000000000000000e+00
1.000000000000000000e+00
1.000000000000000000e+00
1.000000000000000000e+00
1.000000000000000000e+00
1.000000000000000000e+00
1.000000000000000000e+00
1.000000000000000000e+00
1.000000000000000000e+00
1.000000000000000000e+00
1.000000000000000000e+00
1.000000000000000000e+00
1.000000000000000000e+00
1.000000000000000000e+00
1.000000000000000000e+00
1.000000000000000000e+00
1.000000000000000000e+00
1.000000000000000000e+00
1.000000000000000000e+00
1.000000000000000000e+00
1.000000000000000000e+00
9.999800000190735005e-01
1.000000000000000000e+00
1.000000000000000000e+00
1.000000000000000000e+00
1.000000000000000000e+00
1.000000000000000000e+00
1.000000000000000000e+00
1.000000000000000000e+00
1.000000000000000000e+00
1.000000000000000000e+00
1.000000000000000000e+00
1.000000000000000000e+00
1.000000000000000000e+00
1.000000000000000000e+00
1.000000000000000000e+00
1.000000000000000000e+00
1.000000000000000000e+00
1.000000000000000000e+00
1.000000000000000000e+00
9.999800000190735005e-01
1.000000000000000000e+00
1.000000000000000000e+00
1.000000000000000000e+00
1.000000000000000000e+00
1.000000000000000000e+00
1.000000000000000000e+00
1.000000000000000000e+00
1.000000000000000000e+00
1.000000000000000000e+00
1.000000000000000000e+00
1.000000000000000000e+00
1.000000000000000000e+00
1.000000000000000000e+00
1.000000000000000000e+00
1.000000000000000000e+00
1.000000000000000000e+00
1.000000000000000000e+00
1.000000000000000000e+00
1.000000000000000000e+00
1.000000000000000000e+00
1.000000000000000000e+00
1.000000000000000000e+00
1.000000000000000000e+00
1.000000000000000000e+00
1.000000000000000000e+00
1.000000000000000000e+00
1.000000000000000000e+00
1.000000000000000000e+00
1.000000000000000000e+00
1.000000000000000000e+00
1.000000000000000000e+00
1.000000000000000000e+00
1.000000000000000000e+00
1.000000000000000000e+00
1.000000000000000000e+00
1.000000000000000000e+00
1.000000000000000000e+00
1.000000000000000000e+00
1.000000000000000000e+00
1.000000000000000000e+00
1.000000000000000000e+00
1.000000000000000000e+00
1.000000000000000000e+00
