1.736860299110412598e+01
3.525476503372192383e+01
5.263256812095642090e+01
7.041899418830871582e+01
8.773766207695007324e+01
1.049384741783142090e+02
1.227577979564666748e+02
1.397733271121978760e+02
1.576656441688537598e+02
1.751555960178375244e+02
1.929002811908721924e+02
2.103527390956878662e+02
2.278092100620269775e+02
2.459815680980682373e+02
2.635343651771545410e+02
2.815649609565734863e+02
2.991498901844024658e+02
3.176043090820312500e+02
3.407590429782867432e+02
3.675031461715698242e+02
3.993831670284271240e+02
4.370607941150665283e+02
4.742751271724700928e+02
5.114585680961608887e+02
5.488287291526794434e+02
5.864661831855773926e+02
6.247133750915527344e+02
6.629221761226654053e+02
7.011006181240081787e+02
7.390648629665374756e+02
7.792950491905212402e+02
8.172627351284027100e+02
8.606309781074523926e+02
9.062333540916442871e+02
9.542373239994049072e+02
1.029673274040222168e+03
1.125665709018707275e+03
1.222640387058258057e+03
1.316452169179916382e+03
1.414552215099334717e+03
1.512128419160842896e+03
1.603901714086532593e+03
1.698675794124603271e+03
1.799503329992294312e+03
1.894079425096511841e+03
1.992896836996078491e+03
2.085576339960098267e+03
2.182253533124923706e+03
2.281514683008193970e+03
2.381119307041168213e+03
2.481725032091140747e+03
2.570332846164703369e+03
2.667393967151641846e+03
2.766855688095092773e+03
2.863639286994934082e+03
2.955372681140899658e+03
3.050854413032531738e+03
3.146470942020416260e+03
3.235545101165771484e+03
3.329532274007797241e+03
3.419927730083465576e+03
3.510845113039016724e+03
3.602074426174163818e+03
3.697943894147872925e+03
3.789459846973419189e+03
3.879646423101425171e+03
3.969250063180923462e+03
4.043161729097366333e+03
4.125130949020385742e+03
4.211833460092544556e+03
4.296554115056991577e+03
4.370543514013290405e+03
4.442881132125854492e+03
4.511254415035247803e+03
4.571435742139816284e+03
4.629756205081939697e+03
4.682452749967575073e+03
4.728265745162963867e+03
4.772537214040756226e+03
4.818229446172714233e+03
4.864299144983291626e+03
4.905190114974975586e+03
4.943170638084411621e+03
4.981579645156860352e+03
5.020119879961013794e+03
5.058736903190612793e+03
5.097096853017807007e+03
5.135619215965270996e+03
5.176815453052520752e+03
5.235152055025100708e+03
5.300634775161743164e+03
5.368988312959671021e+03
5.435764274120330811e+03
5.506433287143707275e+03
5.572092511177062988e+03
5.641387499094009399e+03
5.706900856018066406e+03
5.777424975156784058e+03
5.845202722072601318e+03
5.914310686111450195e+03
5.977091696023941040e+03
6.045233710050582886e+03
6.113144335031509399e+03
6.180983095169067383e+03
6.248387083053588867e+03
6.314042181015014648e+03
6.384558602094650269e+03
6.450020917177200317e+03
6.519699826955795288e+03
6.586758044958114624e+03
6.660238548040390015e+03
6.727653177022933960e+03
6.798887000083923340e+03
6.863694890022277832e+03
6.934500058174133301e+03
6.997027269124984741e+03
7.045168184041976929e+03
7.091091351032257080e+03
7.137429787158966064e+03
7.183974630117416382e+03
7.230340578079223633e+03
7.276473678112030029e+03
7.323185894966125488e+03
7.368497606992721558e+03
7.414273321151733398e+03
7.460295504093170166e+03
7.505666320085525513e+03
7.550829321146011353e+03
7.596598591089248657e+03
7.642708927154541016e+03
7.688658385992050171e+03
7.733528872013092041e+03
7.779601724147796631e+03
7.825222432136535645e+03
7.871307309150695801e+03
7.917151116132736206e+03
7.963038486957550049e+03
8.007600218057632446e+03
8.053662712097167969e+03
8.099598112106323242e+03
8.145138378143310547e+03
8.190328073024749756e+03
8.235830530166625977e+03
8.280867740154266357e+03
8.327140813112258911e+03
8.373638511180877686e+03
8.419878746032714844e+03
8.465513565063476562e+03
8.512082221984863281e+03
8.558351688146591187e+03
8.605349164009094238e+03
8.652331470966339111e+03
8.698246118068695068e+03
8.743237473011016846e+03
8.788476168155670166e+03
8.833478955030441284e+03
8.879228038072586060e+03
8.924017619132995605e+03
8.965268007993698120e+03
9.006284053087234497e+03
9.047096294164657593e+03
9.087714686155319214e+03
9.126522961139678955e+03
9.165133044958114624e+03
9.203674504995346069e+03
9.242080291986465454e+03
9.280425913095474243e+03
9.318427937984466553e+03
9.356831859111785889e+03
9.394870419979095459e+03
9.432992292165756226e+03
9.471221287965774536e+03
9.509696660995483398e+03
9.548353842020034790e+03
9.587148758172988892e+03
9.625685889959335327e+03
9.663687433958053589e+03
9.701956061124801636e+03
9.740581526041030884e+03
9.778806890010833740e+03
9.817245407104492188e+03
9.855133280992507935e+03
9.893397964954376221e+03
9.931844714164733887e+03
9.970308220148086548e+03
1.000875584411621094e+04
1.004725523114204407e+04
1.008572363018989563e+04
1.012418368697166443e+04
1.016271700215339661e+04
1.020137198019027710e+04
1.024027973699569702e+04
1.027839786696434021e+04
1.031667288517951965e+04
1.035520988798141479e+04
1.039391811704635620e+04
1.043285917401313782e+04
1.047138107800483704e+04
1.050733725714683533e+04
1.054121786499023438e+04
