1.837145819030702176e-01
6.860100678727031054e-02
4.272839272767305074e-02
2.992673957068472945e-02
2.211334393778816021e-02
1.611124118557199711e-02
1.215701737813651602e-02
9.732930976897478589e-03
8.285629095509648018e-03
6.831183461821638443e-03
5.689690241124481344e-03
5.339525032206438385e-03
4.595425315201282813e-03
3.903421738708857339e-03
3.681720244407187936e-03
3.252029903174843539e-03
2.868243183940649092e-03
2.635689318645745727e-03
2.569963722897227951e-03
2.440650194010231429e-03
2.032914744166191591e-03
2.097641898144502262e-03
1.721134658058872400e-03
1.773751144122797958e-03
1.625241348898271094e-03
1.559000216599088114e-03
1.441508435033028897e-03
1.386775679216952894e-03
1.373153326625470164e-03
1.258814788423478657e-03
1.161215806409018067e-03
1.038225174328545131e-03
1.091512014303589340e-03
9.976078496256378207e-04
1.059606072230963010e-03
9.855523431469919403e-04
9.866701605496927194e-04
8.567938883206806938e-04
9.465902999945683327e-04
8.095895711448975341e-04
8.317007424702751442e-04
8.481485180964228173e-04
8.559435833594761364e-04
8.066027351233061001e-04
9.385169536981265723e-04
8.111061489471467403e-04
6.226322202637675366e-04
6.426770285179372790e-04
6.747185308049665365e-04
6.073623442425741875e-04
6.107420628977707064e-04
5.810064899342251479e-04
6.328560383444710447e-04
6.078930051735369211e-04
5.332426250533899752e-04
5.480610964586958176e-04
5.235288417243282510e-04
4.940507470964803846e-04
5.766872344393049812e-04
4.849666462760069178e-04
4.558862297853920678e-04
5.159887668487499668e-04
4.366788039842503999e-04
4.486977665437734603e-04
4.371989824503543843e-04
3.780783178808633498e-04
4.374455568031407685e-04
3.920897555508418139e-04
4.002737746632192405e-04
3.918578700104262901e-04
4.061243856413057304e-04
3.868217921553878096e-04
3.453356314057600871e-04
3.907871700575924357e-04
3.499692495097406100e-04
4.082829055550973711e-04
3.622735512690269336e-04
3.118825613855733697e-04
3.261954838089877622e-04
3.473183199675986378e-04
3.600519270949007530e-04
3.148896709208202026e-04
3.010180429700994942e-04
4.120694274242850809e-04
3.294363149907439999e-04
3.328959481368656131e-04
3.754476255780900881e-04
2.698883131961338244e-04
2.760839411930646669e-04
3.267491992373834121e-04
3.548885938689636432e-04
2.832642735556874106e-04
3.374986881499353504e-04
3.344687285098189139e-04
3.335840195068158097e-04
2.781994519209547300e-04
2.741361521475482689e-04
2.448963162496511220e-04
2.468941069964785155e-04
2.408116611295554345e-04
2.692876965447794815e-04
2.654427805609884685e-04
2.264386812857992356e-04
2.331694360327674043e-04
2.931677526794373794e-04
2.086201755228103076e-04
2.176186139040510101e-04
2.489436932555691125e-04
2.026808329937921391e-04
2.151150888457777836e-04
2.260277600471454287e-04
1.902422947678132929e-04
2.232089663248189044e-04
2.201566364710743013e-04
2.058694900570117250e-04
2.350486011000612089e-04
2.370007909157720988e-04
2.147521891492942835e-04
1.899805876928439819e-04
2.469586575680295711e-04
2.415972985654661848e-04
2.091646754197426961e-04
2.185672345112834626e-04
2.102047036678413841e-04
1.865103467789594991e-04
2.319614154330338230e-04
1.778642412646149655e-04
1.812059549956757034e-04
1.753939196642022476e-04
1.990274243435123994e-04
1.900453310154262109e-04
1.692003732969169438e-04
1.635619617081829260e-04
1.588651730198762356e-04
2.202688016259344412e-04
1.972024296392191941e-04
2.777880686244316080e-04
1.769847178238705869e-04
1.911193535215716197e-04
1.768621448209159897e-04
1.576816329143184586e-04
1.556144117967050977e-04
1.892867782516986981e-04
1.816451993036025656e-04
1.615197551946039240e-04
1.601734503792613369e-04
1.376752952983224419e-04
1.780029542733245799e-04
1.799121492349513632e-04
1.540699765664612741e-04
1.455680274539190475e-04
1.448002663128136215e-04
1.542137468113651314e-04
1.477287611942301715e-04
1.696376189174770720e-04
1.451190603220311472e-04
1.504984524890460370e-04
1.454243606003728943e-04
1.339312682066520126e-04
1.302374013030203079e-04
1.480353717124671773e-04
1.440129353941301839e-04
1.187583048340457048e-04
1.404434988653520194e-04
1.394107993910438333e-04
1.415874971880839550e-04
1.342657997411151856e-04
1.466821819249162150e-04
1.168138127759448219e-04
1.290522377094020995e-04
1.317921330210083399e-04
1.171638333671580810e-04
1.203017475636443146e-04
1.222810983199451660e-04
1.271061504321551079e-04
1.288475431101687848e-04
1.170089523966453285e-04
1.268040918939732260e-04
1.110591596980157249e-04
1.105980321117385753e-04
1.313397018329851582e-04
1.280646220748167335e-04
1.228204398485104444e-04
1.324615544499465713e-04
1.192062257086945427e-04
1.039578990275913395e-04
1.221982987372030095e-04
1.255054104403825397e-04
1.035773353632976125e-04
1.046921502547775123e-04
1.069558784183755089e-04
1.067393505163636240e-04
1.193905999989510700e-04
1.037245008992613302e-04
1.064983717096765708e-04
9.760499992535187890e-05
1.127089236415486129e-04
1.095834052030113465e-04
1.130096024708109260e-04
1.162448835184477547e-04
