3.208126091957092285e+01
6.939952301979064941e+01
1.068387939929962158e+02
1.442364788055419922e+02
1.818859188556671143e+02
2.201828899383544922e+02
2.588234298229217529e+02
2.970846798419952393e+02
3.353578560352325439e+02
3.749788858890533447e+02
4.167119688987731934e+02
4.557988188266754150e+02
4.994522469043731689e+02
5.446171219348907471e+02
5.927263209819793701e+02
6.659532120227813721e+02
7.619583070278167725e+02
8.593797488212585449e+02
9.533680429458618164e+02
1.050047420024871826e+03
1.147479370832443237e+03
1.240129195928573608e+03
1.335675203800201416e+03
1.435344496011734009e+03
1.531014668941497803e+03
1.628996908903121948e+03
1.722671381950378418e+03
1.818272480964660645e+03
1.918665668010711670e+03
2.017958120822906494e+03
2.117317291021347046e+03
2.206157931804656982e+03
2.304146467924118042e+03
2.403840739965438843e+03
2.501159777879714966e+03
2.592058439016342163e+03
2.687703722953796387e+03
2.783371222019195557e+03
2.872679083824157715e+03
2.966649116992950439e+03
3.057985152959823608e+03
3.148295029878616333e+03
3.239906315803527832e+03
3.336184504032135010e+03
3.427392630815505981e+03
3.517402056932449341e+03
3.608091249942779541e+03
3.681339280843734741e+03
3.762740665912628174e+03
3.848403981924057007e+03
3.931408161878585815e+03
4.007131953954696655e+03
4.075420496940612793e+03
4.144288915872573853e+03
4.203589329004287720e+03
4.261629388809204102e+03
4.316038520812988281e+03
4.362375540971755981e+03
4.406492367982864380e+03
4.451372267007827759e+03
4.497177351951599121e+03
4.539856129884719849e+03
4.578331399917602539e+03
4.617155879974365234e+03
4.656012992858886719e+03
4.694826785802841187e+03
4.733417920827865601e+03
4.771764709949493408e+03
4.812788664817810059e+03
4.868258139848709106e+03
4.935496443033218384e+03
5.001920305013656616e+03
5.070825476884841919e+03
5.139228682994842529e+03
5.207109995841979980e+03
5.274318231821060181e+03
5.341973371982574463e+03
5.409088024854660034e+03
5.480407883882522583e+03
5.547733745813369751e+03
5.612285521030426025e+03
5.678038836002349854e+03
5.748221789836883545e+03
5.814807762861251831e+03
5.883752326011657715e+03
5.947817670822143555e+03
6.018079980850219727e+03
6.084250084877014160e+03
6.152792215824127197e+03
6.220376493930816650e+03
6.293172340869903564e+03
6.361019953012466431e+03
6.431742710828781128e+03
6.498127074003219604e+03
6.566899353027343750e+03
6.632247084856033325e+03
6.680791996955871582e+03
6.726911495923995972e+03
6.773485298871994019e+03
6.820011314868927002e+03
6.866606276988983154e+03
6.912649377822875977e+03
6.959493178844451904e+03
7.005788683891296387e+03
7.051611083030700684e+03
7.097765910863876343e+03
7.143239506959915161e+03
7.188056488990783691e+03
7.233678201913833618e+03
7.279855839967727661e+03
7.326077481985092163e+03
7.371038765907287598e+03
7.417195533037185669e+03
7.463104656934738159e+03
7.509334056854248047e+03
7.555060514926910400e+03
7.601503599882125854e+03
7.646124428987503052e+03
7.692180456876754761e+03
7.738475626945495605e+03
7.784137215852737427e+03
7.829434775829315186e+03
7.875060597896575928e+03
7.920129721879959106e+03
7.966470386981964111e+03
8.013077935934066772e+03
8.059480784893035889e+03
8.105165432929992676e+03
8.151955073833465576e+03
8.198299801826477051e+03
8.245382153034210205e+03
8.292381242990493774e+03
8.338360836982727051e+03
8.383441629886627197e+03
8.428759370803833008e+03
8.473818192005157471e+03
8.519698515892028809e+03
8.564577280998229980e+03
8.605933526992797852e+03
8.647166074037551880e+03
8.688193526029586792e+03
8.728959092855453491e+03
8.768032737016677856e+03
8.806914740800857544e+03
8.845701330900192261e+03
8.884358326911926270e+03
8.922663996934890747e+03
8.960798803806304932e+03
8.999402667999267578e+03
9.037838294029235840e+03
9.075908205986022949e+03
9.114347150802612305e+03
9.152754981994628906e+03
9.191476210832595825e+03
9.230348996877670288e+03
9.269265556812286377e+03
9.307729206800460815e+03
9.345978448867797852e+03
9.384686777830123901e+03
9.423343411922454834e+03
9.461843075990676880e+03
9.499993597030639648e+03
9.538297935009002686e+03
9.576823123931884766e+03
9.615358279943466187e+03
9.653846515893936157e+03
9.692583285808563232e+03
9.731137372016906738e+03
9.770141024827957153e+03
9.808974488019943237e+03
9.847867775917053223e+03
9.886932597875595093e+03
9.925344291925430298e+03
9.963991683959960938e+03
1.000246196389198303e+04
1.004105380702018738e+04
1.008013494586944580e+04
1.011868683791160583e+04
1.015417987489700317e+04
1.018709154701232910e+04
1.021482016897201538e+04
1.024331013894081116e+04
1.027038323998451233e+04
1.029489782381057739e+04
1.032042761492729187e+04
1.034501107192039490e+04
1.036969594502449036e+04
1.039518352389335632e+04
1.041958683991432190e+04
1.044498797702789307e+04
1.046951787900924683e+04
1.049447569680213928e+04
1.051982972192764282e+04
1.054450729489326477e+04
1.057025381898880005e+04
1.059442982888221741e+04
1.061975370597839355e+04
1.064410333991050720e+04
1.066510817885398865e+04
1.068390573883056641e+04
