4.983225822448730469e+00
9.885882854461669922e+00
1.492571401596069336e+01
1.984823894500732422e+01
2.488137984275817871e+01
3.004488992691040039e+01
3.506403493881225586e+01
3.994593596458435059e+01
4.502697396278381348e+01
4.995186495780944824e+01
5.482917094230651855e+01
5.975665283203125000e+01
6.474797201156616211e+01
6.978627181053161621e+01
7.482092285156250000e+01
7.996420288085937500e+01
8.508635687828063965e+01
8.996160101890563965e+01
9.488169002532958984e+01
9.982488679885864258e+01
1.048762748241424561e+02
1.099580888748168945e+02
1.149578258991241455e+02
1.199016377925872803e+02
1.250328748226165771e+02
1.299688358306884766e+02
1.348625190258026123e+02
1.397931389808654785e+02
1.447895510196685791e+02
1.498173959255218506e+02
1.548880980014801025e+02
1.597547419071197510e+02
1.648115808963775635e+02
1.697070949077606201e+02
1.745956850051879883e+02
1.795115900039672852e+02
1.845807008743286133e+02
1.896154308319091797e+02
1.946375069618225098e+02
1.995981228351593018e+02
2.046860229969024658e+02
2.095896759033203125e+02
2.144542739391326904e+02
2.193541238307952881e+02
2.243834729194641113e+02
2.294060118198394775e+02
2.343630499839782715e+02
2.394724450111389160e+02
2.444919378757476807e+02
2.493693687915802002e+02
2.542358398437500000e+02
2.591804938316345215e+02
2.640993549823760986e+02
2.690992238521575928e+02
2.741418550014495850e+02
2.790158247947692871e+02
2.841493239402770996e+02
2.890734260082244873e+02
2.939456729888916016e+02
2.988624238967895508e+02
3.038031778335571289e+02
3.088125929832458496e+02
3.138207290172576904e+02
3.187752737998962402e+02
3.239525978565216064e+02
3.288417608737945557e+02
3.336919858455657959e+02
3.385598978996276855e+02
3.436269199848175049e+02
3.486829819679260254e+02
3.535948348045349121e+02
3.584347488880157471e+02
3.634742248058319092e+02
3.682991549968719482e+02
3.731481029987335205e+02
3.780801529884338379e+02
3.831498188972473145e+02
3.881552820205688477e+02
3.931445379257202148e+02
3.981026489734649658e+02
4.031877698898315430e+02
4.080923969745635986e+02
4.129699180126190186e+02
4.178701548576354980e+02
4.229473228454589844e+02
4.280528938770294189e+02
4.331236929893493652e+02
4.380701429843902588e+02
4.431153049468994141e+02
4.479775238037109375e+02
4.528134689331054688e+02
4.577376978397369385e+02
4.627238769531250000e+02
4.677318539619445801e+02
4.727658879756927490e+02
4.776997969150543213e+02
4.828279340267181396e+02
4.877318120002746582e+02
4.925991108417510986e+02
4.975459418296813965e+02
5.025128808021545410e+02
5.074775848388671875e+02
5.124485008716583252e+02
5.173618698120117188e+02
5.223795599937438965e+02
5.273847928047180176e+02
5.323225078582763672e+02
5.372847800254821777e+02
5.423125908374786377e+02
5.472465248107910156e+02
5.522883379459381104e+02
5.572962019443511963e+02
5.622716259956359863e+02
5.670983729362487793e+02
5.719077708721160889e+02
5.768713228702545166e+02
5.819636437892913818e+02
5.870091819763183594e+02
5.919883029460906982e+02
5.970777959823608398e+02
6.020325398445129395e+02
6.068719089031219482e+02
6.117089419364929199e+02
6.167087969779968262e+02
6.218035469055175781e+02
6.268310518264770508e+02
6.318480730056762695e+02
6.369312388896942139e+02
6.418575339317321777e+02
6.467345178127288818e+02
6.515800378322601318e+02
6.565116050243377686e+02
6.615082190036773682e+02
6.666173129081726074e+02
6.716280479431152344e+02
6.766852698326110840e+02
6.816664040088653564e+02
6.865358300209045410e+02
6.913848059177398682e+02
6.963626279830932617e+02
7.013949899673461914e+02
7.064885668754577637e+02
7.113976228237152100e+02
7.163596599102020264e+02
7.212792530059814453e+02
7.261081738471984863e+02
7.309780437946319580e+02
7.359747729301452637e+02
7.410684947967529297e+02
7.459871978759765625e+02
7.510441880226135254e+02
7.560487499237060547e+02
7.609951398372650146e+02
7.658505380153656006e+02
7.707291038036346436e+02
7.757520229816436768e+02
7.808034408092498779e+02
7.858045108318328857e+02
7.907182447910308838e+02
7.958201758861541748e+02
8.007444958686828613e+02
8.056139118671417236e+02
8.104719460010528564e+02
8.154902119636535645e+02
8.204766809940338135e+02
8.255138969421386719e+02
8.305581319332122803e+02
8.356655278205871582e+02
8.406368088722229004e+02
8.454805970191955566e+02
8.503524889945983887e+02
8.554320499897003174e+02
8.604443650245666504e+02
8.655301258563995361e+02
8.705144598484039307e+02
8.756704978942871094e+02
8.807016270160675049e+02
8.855780129432678223e+02
8.905143158435821533e+02
8.955366089344024658e+02
9.006831138134002686e+02
9.057805159091949463e+02
9.107002499103546143e+02
9.158551628589630127e+02
9.207137517929077148e+02
9.256172659397125244e+02
9.305445380210876465e+02
9.355471928119659424e+02
9.406108679771423340e+02
9.456049818992614746e+02
9.504767518043518066e+02
9.555909469127655029e+02
9.605123569965362549e+02
9.654213337898254395e+02
9.703594498634338379e+02
9.753923528194427490e+02
9.805751559734344482e+02
9.855041739940643311e+02
9.891764948368072510e+02
9.923553729057312012e+02
