1.028226924121379948e+00
3.008322950899601222e-01
2.302906827330589157e-01
1.936735132187605013e-01
1.673329914957285003e-01
1.490301085487008015e-01
1.343826198056340127e-01
1.206727453917264964e-01
1.113953645750880295e-01
1.020621532015502514e-01
9.512486412748694109e-02
8.703678451478481792e-02
8.199248116835951283e-02
7.625336863845587343e-02
7.122984823957086153e-02
6.615604085102677612e-02
6.275279288738966343e-02
5.903552862070500507e-02
5.485853571258485217e-02
5.169621828198432689e-02
4.865577515400946323e-02
4.599004884250462027e-02
4.469001382589340293e-02
4.232396061345934657e-02
3.931321677938103692e-02
3.693884854950010843e-02
3.518776580225676381e-02
3.365758587140590258e-02
3.215510325413196979e-02
3.038396824430674228e-02
2.840125583298504230e-02
2.759612829238176218e-02
2.643055160343647098e-02
2.550609928090125447e-02
2.393037559557706015e-02
2.288717343611642793e-02
2.184927582880482125e-02
2.054495238326490072e-02
1.997207504976540940e-02
1.912344645475968705e-02
1.876858491869643278e-02
1.733562060073018038e-02
1.700533347763120984e-02
1.627606482198461907e-02
1.593726143194362441e-02
1.492380075622349971e-02
1.457703491440042777e-02
1.464234477956779384e-02
1.378905726782977612e-02
1.333864450594410278e-02
1.294516739132814051e-02
1.229004443809390140e-02
1.168293457804247745e-02
1.148902364633977435e-02
1.126150844339281372e-02
1.114986294042319068e-02
1.024062374467030190e-02
1.040749024203978419e-02
9.994974754285066917e-03
9.828519362490623426e-03
9.327028712723403961e-03
8.982993712415919541e-03
8.618615018436685815e-03
8.827377884881571629e-03
8.388193577527999767e-03
8.323963138507679480e-03
8.170090307714417827e-03
7.778882770100608267e-03
7.733182261697947937e-03
7.308766728499904025e-03
7.331947394879534570e-03
7.229045341257006076e-03
6.779442871920764863e-03
6.795174409635364871e-03
6.439318154938518911e-03
6.646758413640782223e-03
6.374314306536689109e-03
6.059184833662584722e-03
5.933112269965931489e-03
5.943303127307444575e-03
5.764310741331428456e-03
5.616224794182926409e-03
5.564903350081295066e-03
5.261582140694372710e-03
5.293616193113848817e-03
5.462564638350158805e-03
5.249639775836840473e-03
5.099184422288089574e-03
5.235095139592886235e-03
5.112144603044726024e-03
4.686382453772239623e-03
4.530466797994449520e-03
4.677843316807412007e-03
4.518730643205344337e-03
4.504766009398736455e-03
4.486529696499928430e-03
4.277529790531843512e-03
4.373440679162740943e-03
4.174498478416353853e-03
4.112813779385760676e-03
4.190067226649262302e-03
4.283262629294767691e-03
3.771337468235287822e-03
3.977570930263027785e-03
3.739375689532607738e-03
3.678275460028089788e-03
3.838149551302194769e-03
3.738623425713740248e-03
3.551991219748743076e-03
3.622365077375434405e-03
3.617046892177313427e-03
3.609259254124481085e-03
3.531329422257840824e-03
3.327934833127074114e-03
3.397588524501770572e-03
3.289980577654205360e-03
3.234616872738115337e-03
3.320471581071615056e-03
3.206912386463955152e-03
2.952106650103814879e-03
3.223305364896077857e-03
3.001702366978861551e-03
3.017560134117957052e-03
3.040145427687093813e-03
3.178227025084197355e-03
2.909259520703926568e-03
2.988033261382952357e-03
2.736831188027281144e-03
2.785882979864254781e-03
2.782529447227716397e-03
2.834216991032008272e-03
2.806856710347346850e-03
2.728615965228527954e-03
2.683788252237718445e-03
2.709075688733719386e-03
2.724363142624497327e-03
2.586279652197845131e-03
2.638500823988579411e-03
2.641349949990399147e-03
2.565562618896365110e-03
2.483687337022274719e-03
2.320816318853758352e-03
2.459191912435926622e-03
2.343825250107329280e-03
2.489536143606528671e-03
2.201117346412502247e-03
2.118174568691756458e-03
2.224223543016705818e-03
2.395550893852487016e-03
2.239764056925196319e-03
2.254089190741069559e-03
2.150473568646703044e-03
2.160092564008664166e-03
2.267117760493419891e-03
2.328377538651693526e-03
2.241487082384992398e-03
2.170687013829592556e-03
2.177496466843877043e-03
2.174265771231148267e-03
2.117175241117365443e-03
2.121909309236798442e-03
2.034237317042425237e-03
1.953342265507672110e-03
2.021217445435468090e-03
2.121009325259365103e-03
1.973686016513966079e-03
1.918806872563436549e-03
1.898360401450190776e-03
1.864569746307097450e-03
1.878999477834440756e-03
1.823544921440770766e-03
1.850702777563128544e-03
1.838519282464403694e-03
1.770348211575765085e-03
1.795823422056855604e-03
1.954626998747698800e-03
1.804957359447143970e-03
1.754620861145667716e-03
1.783142204047180775e-03
1.654649014410097254e-03
1.682459813222521956e-03
1.785806276428047578e-03
1.716338600614108123e-03
1.622454764670692388e-03
1.620197528682183405e-03
1.661390181776368916e-03
1.704394256084924668e-03
1.605690557684283631e-03
1.567069430777337340e-03
1.613281515601556722e-03
1.525574908650014633e-03
1.670778000378049955e-03
1.565421979379607361e-03
1.506061786669306464e-03
1.508508292899932808e-03
1.537150044139707445e-03
1.457704288157401573e-03
1.556599509727675523e-03
1.455928955227136536e-03
1.545639573276275753e-03
