1.026375257909297956e+00
2.999315264523029212e-01
2.311739913076162334e-01
1.937946297228336223e-01
1.674397715032100720e-01
1.485008003339171323e-01
1.349684295356273767e-01
1.221739915087819150e-01
1.128820173889398537e-01
1.030612708218395651e-01
9.446029841154814088e-02
8.732696362212299945e-02
8.109456471726297910e-02
7.590790439024568126e-02
7.100943068601191233e-02
6.575706427544356081e-02
6.296965134702622868e-02
5.813015774264931879e-02
5.540018115006387078e-02
5.204532568901776984e-02
4.881787148118019171e-02
4.571175411343574718e-02
4.381240714527666336e-02
4.127898931782692654e-02
3.875741505250334534e-02
3.780636461544781973e-02
3.510573456063866699e-02
3.280185042880475604e-02
3.146153924241661820e-02
2.986205442249775105e-02
2.844371745921671357e-02
2.762478501722216706e-02
2.593390154652297497e-02
2.491344968974590346e-02
2.389633109327405844e-02
2.290136231854558030e-02
2.206783152930438460e-02
2.096290281973779354e-02
2.035901971813291328e-02
1.844107647147029752e-02
1.820166241889819431e-02
1.741549048991873974e-02
1.704921897454187221e-02
1.626114109065383839e-02
1.571985552273690717e-02
1.533000482805073339e-02
1.450492612645029947e-02
1.392033256217837384e-02
1.377536491351202125e-02
1.263291029492393143e-02
1.226174945686943872e-02
1.189157857443206082e-02
1.162783863442018624e-02
1.159017529850825748e-02
1.129607319785281942e-02
1.082472237455658556e-02
1.024898117966949879e-02
1.005756998853758050e-02
9.750465183518826698e-03
9.397800726117566672e-03
9.340592573396861234e-03
9.045364636927842247e-03
9.444627211662009678e-03
8.468901491025462511e-03
8.392132829176262437e-03
8.349685833440161423e-03
8.028330690693110533e-03
7.728198236087337539e-03
7.551758765475824649e-03
7.507527650799602527e-03
7.515930554363876512e-03
7.017482573166489331e-03
7.307374727213755521e-03
6.569771641166880297e-03
6.490995918633416135e-03
6.465127330389805124e-03
6.680369800305925067e-03
6.315593308769166039e-03
5.983788541285320686e-03
6.051214199978858198e-03
5.794805439771152748e-03
5.627883923472836586e-03
5.522438838845118540e-03
5.422312109265476320e-03
5.293148425989784370e-03
5.418785228161141637e-03
5.107205087319016679e-03
5.060572759946807900e-03
5.163540268782526067e-03
4.759872302063740401e-03
4.655691608786582773e-03
4.574629695853218124e-03
4.716552572906949035e-03
4.827584225684404540e-03
4.500741423107683381e-03
4.500434163492173130e-03
4.238222608459182167e-03
4.177497168537228946e-03
4.213077172287739598e-03
4.226781609351746780e-03
4.196080558933317634e-03
4.050820388249121336e-03
4.143087263160850908e-03
3.906858618138358240e-03
3.842784947017207839e-03
3.738795669283717909e-03
3.891208963585086021e-03
3.575708123506046894e-03
3.539384495234116756e-03
3.530070256674662163e-03
3.662671808502636957e-03
3.523899800493382126e-03
3.403990599210373995e-03
3.291144741815515019e-03
3.309385164757259242e-03
3.303115864982828550e-03
3.342883647186681469e-03
3.014011073159053936e-03
3.080583920585923050e-03
3.076691765105351792e-03
3.079834804288111415e-03
3.009648364968598062e-03
2.933879224932752459e-03
2.961534086498431723e-03
3.062386223638895871e-03
2.927350063808262497e-03
2.906942736532073645e-03
2.941829418879933749e-03
2.793297084630466838e-03
2.863062438205815803e-03
2.767590973002370409e-03
2.845619245083071212e-03
2.622381736058741752e-03
2.726601354195736480e-03
2.736425640876405125e-03
2.690872561826836325e-03
2.601283796189818743e-03
2.554834396229125650e-03
2.521507025230676144e-03
2.629404113162309067e-03
2.445370845147408750e-03
2.436452510126400732e-03
2.295726620184723125e-03
2.532086945953779082e-03
2.236122770002111661e-03
2.274181506538297971e-03
2.342627261881716737e-03
2.350475456274580058e-03
2.188735603005625280e-03
2.340716283593792611e-03
2.117007875815033954e-03
2.279484918224625265e-03
2.138836346799507810e-03
2.055093680275604101e-03
2.041501493658870545e-03
2.024442265566903966e-03
2.123011165705975152e-03
2.086640204943251021e-03
2.013827399292495053e-03
1.918665298726409665e-03
2.003358927089720753e-03
2.054566462466027570e-03
2.234300441748928064e-03
2.029525512421969345e-03
1.972392663592472534e-03
1.940184807055629753e-03
1.914687104057520616e-03
1.889191022521117700e-03
1.858066575950942986e-03
1.892807499738410199e-03
1.815444747684523494e-03
1.806973601458594213e-03
1.841276682098396192e-03
1.669960600382182836e-03
1.880175506550585754e-03
1.748470496415393399e-03
1.695574795012362405e-03
1.773803156189387607e-03
1.650869554257951722e-03
1.754702390055172100e-03
1.811564460076624467e-03
1.647846442821901229e-03
1.676552862714743167e-03
1.678123420046176775e-03
1.804219706478761478e-03
1.747510539193171961e-03
1.737936427700333304e-03
1.628785339737078095e-03
1.625032566167647049e-03
1.634683759126346475e-03
1.720787443802691960e-03
1.549861741950735476e-03
1.502643101965077128e-03
1.539805713342502682e-03
1.598381658666767242e-03
1.499092055601067850e-03
1.577008445223327792e-03
1.494656009628670280e-03
1.423828542698174623e-03
1.464045778309810020e-03
