6.249809980392456055e+00
1.197069406509399414e+01
1.891216206550598145e+01
2.452105212211608887e+01
3.028000497817993164e+01
3.619521903991699219e+01
4.189958000183105469e+01
4.806454205513000488e+01
5.382657504081726074e+01
6.002033901214599609e+01
6.609746313095092773e+01
7.221319603919982910e+01
7.796234798431396484e+01
8.449720096588134766e+01
9.037436699867248535e+01
9.574203896522521973e+01
1.017705500125885010e+02
1.073689360618591309e+02
1.134106740951538086e+02
1.190495259761810303e+02
1.270766940116882324e+02
1.328224010467529297e+02
1.395030491352081299e+02
1.452223181724548340e+02
1.512378489971160889e+02
1.572015671730041504e+02
1.633526391983032227e+02
1.689327831268310547e+02
1.749543850421905518e+02
1.808708491325378418e+02
1.867660109996795654e+02
1.925842781066894531e+02
1.983472511768341064e+02
2.043740761280059814e+02
2.098509881496429443e+02
2.153237280845642090e+02
2.213073999881744385e+02
2.267778770923614502e+02
2.326178700923919678e+02
