1.511569863617420184e+00
9.420886271893977870e-01
2.838247193992137762e-01
2.438437697440385687e-01
1.609902254939079347e+00
2.263384030401706770e+00
4.676145731508731807e-01
4.743457899987697513e-01
2.604431545287370642e-01
2.707382572293281497e-01
1.783191856145858734e-01
1.944893749654293125e-01
1.398848839476704575e-01
1.386291674897074666e-01
1.854271769300103179e-01
1.349670393690466930e-01
1.447021705135703162e-01
1.511333572864532460e-01
1.172369612380862181e-01
1.423569426015019457e-01
1.177359424829483026e-01
1.207719131782650918e-01
1.233255483284592668e-01
1.029279563650488810e-01
9.310688617825507718e-02
8.660839699208736087e-02
8.032807628065347094e-02
1.347794131711125276e-01
9.178973017632961751e-02
2.033990892469882961e-01
1.161046211197972328e-01
1.114700174555182388e-01
9.066614186018705224e-02
1.061572852060198718e-01
8.592536442726850243e-02
1.081927948221564351e-01
9.426980465650558472e-02
1.119372327774763171e-01
9.266307521611452658e-02
