9.618400079011917292e-01
9.854400109052657841e-01
9.908800078630447539e-01
9.934800059795380056e-01
9.953600041866302872e-01
9.963800034523010440e-01
9.972000026702880771e-01
9.977600021362305061e-01
9.982400016784668262e-01
9.987600011825561452e-01
9.989800009727477503e-01
9.990600008964538592e-01
9.993400006294250737e-01
9.994000005722045721e-01
9.995200004577636799e-01
9.996400003433227877e-01
9.996800003051757866e-01
9.997600002288817844e-01
9.997800002098083949e-01
9.998000001907348944e-01
9.998400001525878933e-01
9.998800001144408922e-01
9.998800001144408922e-01
9.998600001335143928e-01
9.999000000953673917e-01
9.998800001144408922e-01
9.999000000953673917e-01
9.999400000572205016e-01
9.999600000381470011e-01
9.999200000762938911e-01
9.999400000572205016e-01
9.999800000190735005e-01
9.999600000381470011e-01
9.999800000190735005e-01
9.999800000190735005e-01
9.999800000190735005e-01
9.999800000190735005e-01
9.999800000190735005e-01
9.999800000190735005e-01
9.999800000190735005e-01
9.999800000190735005e-01
9.999800000190735005e-01
9.999800000190735005e-01
9.999800000190735005e-01
9.999800000190735005e-01
9.999800000190735005e-01
9.999800000190735005e-01
9.999800000190735005e-01
9.999800000190735005e-01
9.999800000190735005e-01
9.999800000190735005e-01
9.999800000190735005e-01
9.999800000190735005e-01
9.999800000190735005e-01
9.999800000190735005e-01
9.999800000190735005e-01
9.999800000190735005e-01
9.999800000190735005e-01
9.999800000190735005e-01
9.999800000190735005e-01
9.999800000190735005e-01
9.999800000190735005e-01
1.000000000000000000e+00
9.999800000190735005e-01
1.000000000000000000e+00
1.000000000000000000e+00
9.999800000190735005e-01
1.000000000000000000e+00
1.000000000000000000e+00
1.000000000000000000e+00
9.999800000190735005e-01
1.000000000000000000e+00
1.000000000000000000e+00
1.000000000000000000e+00
1.000000000000000000e+00
1.000000000000000000e+00
1.000000000000000000e+00
1.000000000000000000e+00
1.000000000000000000e+00
1.000000000000000000e+00
1.000000000000000000e+00
1.000000000000000000e+00
1.000000000000000000e+00
1.000000000000000000e+00
1.000000000000000000e+00
1.000000000000000000e+00
1.000000000000000000e+00
1.000000000000000000e+00
1.000000000000000000e+00
1.000000000000000000e+00
1.000000000000000000e+00
1.000000000000000000e+00
1.000000000000000000e+00
1.000000000000000000e+00
1.000000000000000000e+00
1.000000000000000000e+00
1.000000000000000000e+00
1.000000000000000000e+00
1.000000000000000000e+00
1.000000000000000000e+00
1.000000000000000000e+00
1.000000000000000000e+00
1.000000000000000000e+00
1.000000000000000000e+00
1.000000000000000000e+00
1.000000000000000000e+00
1.000000000000000000e+00
1.000000000000000000e+00
1.000000000000000000e+00
1.000000000000000000e+00
1.000000000000000000e+00
1.000000000000000000e+00
1.000000000000000000e+00
1.000000000000000000e+00
1.000000000000000000e+00
1.000000000000000000e+00
1.000000000000000000e+00
1.000000000000000000e+00
1.000000000000000000e+00
1.000000000000000000e+00
1.000000000000000000e+00
1.000000000000000000e+00
1.000000000000000000e+00
1.000000000000000000e+00
1.000000000000000000e+00
1.000000000000000000e+00
1.000000000000000000e+00
1.000000000000000000e+00
1.000000000000000000e+00
1.000000000000000000e+00
1.000000000000000000e+00
1.000000000000000000e+00
1.000000000000000000e+00
1.000000000000000000e+00
1.000000000000000000e+00
1.000000000000000000e+00
1.000000000000000000e+00
1.000000000000000000e+00
1.000000000000000000e+00
1.000000000000000000e+00
1.000000000000000000e+00
1.000000000000000000e+00
1.000000000000000000e+00
1.000000000000000000e+00
1.000000000000000000e+00
1.000000000000000000e+00
1.000000000000000000e+00
1.000000000000000000e+00
1.000000000000000000e+00
1.000000000000000000e+00
1.000000000000000000e+00
1.000000000000000000e+00
1.000000000000000000e+00
1.000000000000000000e+00
1.000000000000000000e+00
1.000000000000000000e+00
1.000000000000000000e+00
1.000000000000000000e+00
1.000000000000000000e+00
1.000000000000000000e+00
