2.059970129728317279e+00
1.258645148038864070e+00
1.121982996225357132e+00
1.037636351346969521e+00
9.766431578397750668e-01
9.309134479761124181e-01
8.896315977573394651e-01
8.575891366004944061e-01
8.291828438043594707e-01
8.045719088315963496e-01
7.834106751680374181e-01
7.635237594842910758e-01
7.459364737272262680e-01
7.328378750085831062e-01
7.171548928022384306e-01
7.038404163122177204e-01
6.919911779165267562e-01
6.784566047191620264e-01
6.671000858545302892e-01
6.595957690477370905e-01
6.478417898416519716e-01
6.396869790554046142e-01
6.308302695751190070e-01
6.223006029129027894e-01
6.150191403627395248e-01
6.078305915594101050e-01
5.993594441413879759e-01
5.931076397895812535e-01
5.877604283094406412e-01
5.814443410634994036e-01
5.748132010698318028e-01
5.682799981832504788e-01
5.640290524959564733e-01
5.576969797611236457e-01
5.530324817895889700e-01
5.470774793624877397e-01
5.424726383686065967e-01
5.377717275619506854e-01
5.324523775577545415e-01
5.295907130241394034e-01
5.245788648128509868e-01
5.199900550842284641e-01
5.162331697344779702e-01
5.126602848172188143e-01
5.089564266204833487e-01
5.059859212636947934e-01
5.022525308728218452e-01
4.988037508726119729e-01
4.962276660203933654e-01
4.936117961406707999e-01
4.910524085760116786e-01
4.879162962436676132e-01
4.857269843816757193e-01
4.830051564574241452e-01
4.803646701574325606e-01
4.781664462089538770e-01
4.753555432558059790e-01
4.735545891523361139e-01
4.706063042879104485e-01
4.684736251831054799e-01
4.666794859766960069e-01
4.651929455399513302e-01
4.619885410666465519e-01
4.601734411716461026e-01
4.588175342679023938e-01
4.562270630002021599e-01
4.544667800068855068e-01
4.530221646428108095e-01
4.498165822029113747e-01
4.487413255572318960e-01
4.469629083871841657e-01
4.447784691452980055e-01
4.438153332471847512e-01
4.420564111471176338e-01
4.403863004446029739e-01
4.387517192363739049e-01
4.367733373045921130e-01
4.352255211472511043e-01
4.330804874300956953e-01
4.314511815905571201e-01
4.302489969730377006e-01
4.296007965803146367e-01
4.271057257652282613e-01
4.271451094150543470e-01
4.244343793392181263e-01
4.231669632792472990e-01
4.225294296145439277e-01
4.206432909965515110e-01
4.199048132300376990e-01
4.183954007029533351e-01
4.165585566759109626e-01
4.152105416655540449e-01
4.140912791490554690e-01
4.134763177037238946e-01
4.125215159654617159e-01
4.100357489585876314e-01
4.097617085576057416e-01
4.086228457093238897e-01
4.082468602061271601e-01
4.062231239080428824e-01
4.053156738281250004e-01
4.038268414139747353e-01
4.032598159909248081e-01
4.015337427258491299e-01
4.006260836124420077e-01
4.006608242988586310e-01
3.994590009450912360e-01
3.987798295021057204e-01
3.973515050411224325e-01
3.964248518943786492e-01
3.955688470005989110e-01
3.938621365427971144e-01
3.933378246426582070e-01
3.924936172962188996e-01
3.919103224873543012e-01
3.909024295806884930e-01
3.896459927558899028e-01
3.881437973976135103e-01
3.876759762763977157e-01
3.865825214385986142e-01
3.820480510331690227e-01
2.425657557696103972e-01
7.487455504015088081e-01
9.869071915745735168e-01
5.858738147616386893e-01
2.174823065400123545e-01
2.415967635735869479e-01
1.792672692313790339e-01
1.429455622956156691e-01
1.511064166426658584e-01
1.375233928337693257e-01
1.121108989045023901e-01
3.184825130179524399e-01
1.609517722651362392e-01
9.625624085217714121e-02
1.174443447813391661e-01
1.002460456863045746e-01
1.020725409984588605e-01
8.740633539110422012e-02
6.894531741738318953e-02
5.887961004301905943e-02
2.285877510830759962e-01
1.414246578961610712e-01
9.210585442930460665e-02
9.116079854220152101e-02
3.131702524721622360e-01
3.051943208724260392e-01
1.491723990216851370e-01
1.278415733426809253e-01
9.946143595129251780e-02
1.416907658278942217e-01
1.537545449063181802e-01
1.526406654715538047e-01
1.077249539047479693e-01
8.232704516500234659e-02
7.187543057650327971e-02
8.914258909597992664e-02
1.180097471103072199e-01
7.269576731324195462e-02
6.171010525897144966e-02
5.977722936868667264e-02
7.401059413701295553e-02
6.335919260978699341e-02
6.661321892961859226e-02
6.412634672224522270e-02
6.095246183872223000e-02
4.956733254715800507e-02
5.481171223148703642e-02
5.860286772996187166e-02
7.960486247390508030e-02
4.973055100440978982e-02
4.423875448852777198e-02
9.089447851106524645e-02
1.096986187137663354e-01
5.982252654060721264e-02
5.845151084661483892e-02
5.232681751623749489e-02
1.086656221300363601e-01
5.419732081890106523e-02
4.824541696533560936e-02
4.446804233640432036e-02
2.401123400069773151e-01
9.888356589525938711e-02
6.955395942926406727e-02
6.306374807283282591e-02
5.773051730915904067e-02
5.893770074099301953e-02
4.641847376525402163e-02
9.418988609313964921e-02
5.879463751241564839e-02
4.564364146068692479e-02
4.239681858941912740e-02
4.747897274047136601e-02
5.856163137033582045e-02
9.074893389642238462e-02
5.265886667743325394e-02
4.235885031521320621e-02
3.873588841408490829e-02
3.693066831678151751e-02
4.810979763790965147e-02
