3.410551786422729492e+00
6.753937005996704102e+00
1.013669300079345703e+01
1.352310085296630859e+01
1.683117985725402832e+01
2.008298182487487793e+01
2.345392489433288574e+01
2.681351685523986816e+01
3.019590592384338379e+01
3.355606794357299805e+01
3.697552800178527832e+01
4.034209680557250977e+01
4.370069789886474609e+01
4.705305981636047363e+01
5.041656780242919922e+01
5.377757382392883301e+01
5.716095781326293945e+01
6.054674792289733887e+01
6.391101479530334473e+01
6.728641080856323242e+01
7.063265800476074219e+01
7.400172686576843262e+01
7.736267185211181641e+01
8.063657593727111816e+01
8.399789595603942871e+01
8.738781595230102539e+01
9.072956991195678711e+01
9.406478786468505859e+01
9.740205597877502441e+01
1.007270159721374512e+02
1.040434029102325439e+02
1.073452029228210449e+02
1.106835119724273682e+02
1.140372300148010254e+02
1.173595199584960938e+02
1.207318139076232910e+02
1.241267518997192383e+02
1.275423078536987305e+02
1.309355678558349609e+02
1.343447828292846680e+02
1.376076099872589111e+02
1.409262299537658691e+02
1.443033149242401123e+02
1.476778769493103027e+02
1.510491328239440918e+02
1.543944079875946045e+02
1.577971298694610596e+02
1.611919248104095459e+02
1.645755248069763184e+02
1.679470148086547852e+02
1.713188757896423340e+02
1.747155148983001709e+02
1.780697519779205322e+02
1.814720139503479004e+02
1.848428428173065186e+02
1.881924729347229004e+02
1.915981359481811523e+02
1.949475078582763672e+02
1.983399109840393066e+02
2.016809887886047363e+02
2.049544699192047119e+02
2.082787318229675293e+02
2.116253979206085205e+02
2.149719579219818115e+02
2.183168678283691406e+02
2.216764519214630127e+02
2.251042978763580322e+02
2.284679830074310303e+02
2.318600139617919922e+02
2.352242059707641602e+02
2.386388490200042725e+02
2.419792950153350830e+02
2.453502838611602783e+02
2.487517368793487549e+02
2.521373178958892822e+02
2.555079939365386963e+02
2.589103739261627197e+02
2.622571289539337158e+02
2.654700138568878174e+02
2.688135638236999512e+02
2.721752789020538330e+02
2.756154367923736572e+02
2.789571719169616699e+02
2.823496828079223633e+02
2.857414247989654541e+02
2.891094918251037598e+02
2.924820528030395508e+02
2.958900198936462402e+02
2.992759358882904053e+02
3.026570768356323242e+02
3.059872848987579346e+02
3.093091869354248047e+02
3.126554129123687744e+02
3.159949088096618652e+02
3.193864297866821289e+02
3.227017610073089600e+02
3.259591708183288574e+02
3.292901527881622314e+02
3.327220180034637451e+02
3.361397829055786133e+02
3.395275449752807617e+02
3.428966259956359863e+02
3.462503468990325928e+02
3.496077568531036377e+02
3.530039708614349365e+02
3.563745458126068115e+02
3.597404828071594238e+02
3.630913469791412354e+02
3.664988968372344971e+02
3.698775689601898193e+02
3.732232098579406738e+02
3.765709128379821777e+02
3.799339349269866943e+02
3.832568459510803223e+02
3.865469369888305664e+02
3.898404629230499268e+02
3.932653849124908447e+02
3.966941959857940674e+02
4.000256488323211670e+02
4.034023678302764893e+02
4.067925899028778076e+02
4.101995348930358887e+02
4.135636548995971680e+02
4.169572818279266357e+02
4.203950889110565186e+02
4.237361648082733154e+02
4.271696388721466064e+02
4.305496368408203125e+02
4.338831849098205566e+02
4.372194049358367920e+02
4.405361919403076172e+02
4.438895008563995361e+02
4.472003979682922363e+02
4.503662338256835938e+02
4.536961278915405273e+02
4.570066299438476562e+02
4.603480517864227295e+02
4.636549367904663086e+02
4.670035459995269775e+02
4.703177049160003662e+02
4.736298267841339111e+02
4.769429838657379150e+02
4.803029038906097412e+02
4.836330218315124512e+02
4.870055098533630371e+02
4.903552408218383789e+02
4.936763839721679688e+02
4.969961168766021729e+02
5.003474109172821045e+02
5.036939198970794678e+02
5.070428998470306396e+02
5.102143249511718750e+02
5.135286128520965576e+02
5.168139228820800781e+02
5.201890978813171387e+02
5.235364630222320557e+02
5.269047858715057373e+02
5.302325859069824219e+02
5.335275049209594727e+02
5.368831028938293457e+02
6.249809980392456055e+00
1.197069406509399414e+01
1.891216206550598145e+01
2.452105212211608887e+01
3.028000497817993164e+01
3.619521903991699219e+01
4.189958000183105469e+01
4.806454205513000488e+01
5.382657504081726074e+01
6.002033901214599609e+01
6.609746313095092773e+01
7.221319603919982910e+01
7.796234798431396484e+01
8.449720096588134766e+01
9.037436699867248535e+01
9.574203896522521973e+01
1.017705500125885010e+02
1.073689360618591309e+02
1.134106740951538086e+02
1.190495259761810303e+02
1.270766940116882324e+02
1.328224010467529297e+02
1.395030491352081299e+02
1.452223181724548340e+02
1.512378489971160889e+02
1.572015671730041504e+02
1.633526391983032227e+02
1.689327831268310547e+02
1.749543850421905518e+02
1.808708491325378418e+02
1.867660109996795654e+02
1.925842781066894531e+02
1.983472511768341064e+02
2.043740761280059814e+02
2.098509881496429443e+02
2.153237280845642090e+02
2.213073999881744385e+02
2.267778770923614502e+02
2.326178700923919678e+02
