1.367774220347404590e+00
5.796812684535980198e-01
4.634435302615165786e-01
4.045003736019134322e-01
3.642195935845374821e-01
3.357863871455192828e-01
3.144229350686073565e-01
2.969118738174438277e-01
2.819726853966713076e-01
2.698278754353523046e-01
2.604878814816474764e-01
2.521800239980220848e-01
2.445458765923976818e-01
2.381661410927772560e-01
2.324599545896053332e-01
2.274836485981941159e-01
2.228366450071334881e-01
2.185759965479373845e-01
2.145430552959442239e-01
2.107143717110157022e-01
2.072964215874671945e-01
2.037144155204295981e-01
2.006647011041641226e-01
1.976722265183925575e-01
1.947525602579116832e-01
1.915590002238750367e-01
1.887573741376399883e-01
1.860923965275287639e-01
1.833884731829166503e-01
1.809495642781257518e-01
1.790576421022415099e-01
1.770256397128105175e-01
1.751814438104629390e-01
1.734358799159526898e-01
1.718215920627117199e-01
1.699626035988330841e-01
1.684958112835883981e-01
1.667885652780532746e-01
1.653432030975818534e-01
1.638463447093963521e-01
1.622657306492328588e-01
1.608169297277927401e-01
1.593765269815921870e-01
1.579454410970211053e-01
1.565577885806560543e-01
1.551555890738963994e-01
1.539104891121387542e-01
1.525080338120460566e-01
1.512289707958698326e-01
1.498401927649974930e-01
1.489756542146205842e-01
1.478609921932220461e-01
1.469385329484939606e-01
1.459670267999172155e-01
1.451708784401416763e-01
1.442327691316604710e-01
1.435492354035377560e-01
1.427635977566242276e-01
1.419548716247081843e-01
1.411375870406627597e-01
1.404338760972023148e-01
1.396739383041858684e-01
1.389108476936817271e-01
1.382440261840820195e-01
1.375483741760253897e-01
1.369335368275642340e-01
1.363256787657737834e-01
1.356337452232837804e-01
1.349185916483402192e-01
1.343875882029533508e-01
1.339193092286586895e-01
1.332018786668777433e-01
1.326720857322216118e-01
1.320606323480606192e-01
1.315250010192394181e-01
1.310868638157844657e-01
1.306027686893939943e-01
1.301674171388149392e-01
1.295425440073013357e-01
1.290948760807514306e-01
1.285163087844848617e-01
1.281030292809009485e-01
1.275456867516040760e-01
1.271530034840107071e-01
1.266225478649139480e-01
1.263312594890594609e-01
1.259931335747241921e-01
1.253850750923156676e-01
1.248424814641475727e-01
1.245468510091304742e-01
1.241882901936769423e-01
1.238130171597003892e-01
1.232552672475576427e-01
1.229430935382842954e-01
1.225332985520362905e-01
1.220799418389797164e-01
1.218724374324083315e-01
1.214196318984031714e-01
1.211323855668306332e-01
1.208190145790576930e-01
1.202970637232065182e-01
1.200301356464624353e-01
1.196277761459350608e-01
1.193876330852508549e-01
1.190672903209924749e-01
1.186523998379707401e-01
1.183966472595930075e-01
1.181222745031118432e-01
1.176474777013063466e-01
1.174874057322740500e-01
1.171002672761678742e-01
1.168026704043149955e-01
1.165083466470241552e-01
1.161256231218576462e-01
1.159962605386972434e-01
1.155617824196815552e-01
1.153774825632572221e-01
1.151630959212780053e-01
1.147645315676927569e-01
1.145015423893928491e-01
1.142019545584917056e-01
1.140708728283643669e-01
1.137494492381811162e-01
1.134126675873994849e-01
1.131351108402013778e-01
1.129053444117307653e-01
1.126715087890624994e-01
1.124557527005672491e-01
1.121754725724458668e-01
1.119356222301721576e-01
1.116286845654249210e-01
1.114209632128477095e-01
1.112437872439622916e-01
1.108795658797025740e-01
1.105788850933313305e-01
1.104548484832048455e-01
1.102441870272159591e-01
1.100063793808221807e-01
1.097642609775066336e-01
1.096178090572357128e-01
1.093454589843750047e-01
1.091062521636486093e-01
1.089882953613996452e-01
1.086917760670185057e-01
1.086567531079053878e-01
1.081953828036785192e-01
1.080995934754610116e-01
1.078833147734403614e-01
1.076786206364631626e-01
1.075145761519670506e-01
1.072550000995397546e-01
1.070576619058847406e-01
1.068570583462715162e-01
1.066769855171442044e-01
1.064938981235027254e-01
1.063167703151702836e-01
1.060371590703725747e-01
1.058449133485555582e-01
1.056860767602920553e-01
1.055353431999683372e-01
1.053407870531082174e-01
1.049995939284563001e-01
1.050099423080682742e-01
1.049325404167175263e-01
1.046475662887096370e-01
1.044519567042589137e-01
1.043574950546026225e-01
1.041537939906120314e-01
1.039229453802108794e-01
1.037386531829833924e-01
1.035669620633125343e-01
1.034209862053394324e-01
1.032113853245973656e-01
1.032089485675096452e-01
1.028335355818271596e-01
1.029142449945211479e-01
1.025425458550453250e-01
1.023928514868021056e-01
1.023123963475227327e-01
1.020686353147029907e-01
1.019425000995397568e-01
1.018622871786356021e-01
1.016227855682373116e-01
1.014653210490941981e-01
1.013093369156122248e-01
1.012261083573103015e-01
1.010552300065755832e-01
1.008621209263801527e-01
1.007937047034501987e-01
1.006739988178014800e-01
1.004485765248536999e-01
1.003068329542875226e-01
1.002153567820787405e-01
1.000149660557508452e-01
9.982728980481624104e-02
9.962850190699100439e-02
9.961705492436885578e-02
9.956674116849899281e-02
9.943274669349193295e-02
9.920576691627502885e-02
9.905508385598658927e-02
9.889431278407573300e-02
9.873050238192081218e-02
9.870033134520053708e-02
9.857278265058994071e-02
9.833478298783301930e-02
9.817216196656226856e-02
9.809969778358935966e-02
9.801141032576561607e-02
9.790153254568577379e-02
9.779040542244911427e-02
9.771982105076312819e-02
9.756692552566528787e-02
9.731311351060867310e-02
9.720654655992984339e-02
9.709320348501206122e-02
9.688874782621860471e-02
9.679758784174918862e-02
9.677567633986472462e-02
9.671669109165668965e-02
9.658747026324272789e-02
9.648560823500156036e-02
9.630984330177307096e-02
9.614625722169875544e-02
9.600907862186432162e-02
9.591515986621379497e-02
9.578815212845802340e-02
9.572223375737666518e-02
9.554152938723564636e-02
9.540857635438441953e-02
9.537356434762478408e-02
9.527944064140320135e-02
9.508308802545070715e-02
9.506869684159756362e-02
9.483795580267906367e-02
9.475172764062880781e-02
9.465644550323486228e-02
9.448074910044669539e-02
9.443003281950951289e-02
9.431369112432003154e-02
9.423266632854938873e-02
9.402709901332854947e-02
9.400229856371879189e-02
9.400199323892594050e-02
9.381249891221522808e-02
9.365901608765125896e-02
9.354318439960479514e-02
9.347744616866111855e-02
9.337791255116462130e-02
9.330478702485561771e-02
9.319617927074431984e-02
9.310280323028564953e-02
9.302259671688080378e-02
9.286947847902775333e-02
9.274073497951031142e-02
9.277956458926200911e-02
9.262319403886795643e-02
9.243856683373451177e-02
9.239290897548198267e-02
9.224192419648170882e-02
9.215300731360911990e-02
9.208968736231326613e-02
9.192425206303596330e-02
9.195117548108100447e-02
9.181294441223145086e-02
9.179839943349361875e-02
9.150405582785606229e-02
9.148642522096633867e-02
9.137676547467708799e-02
9.141355919837951260e-02
9.129273846745490639e-02
9.117801712453364738e-02
9.107530663907527357e-02
9.104074583947659172e-02
9.094144763052464109e-02
9.080808655917645134e-02
9.072771961987018130e-02
9.061970363557338148e-02
9.062587758898735246e-02
9.058833287656306577e-02
9.040121103823184345e-02
9.023570206761359624e-02
9.018707212805747442e-02
9.014980906248092063e-02
9.003567232191563019e-02
8.990251499414443626e-02
8.993467217683792647e-02
8.978375838696957267e-02
8.964050209522247958e-02
8.956371390819549416e-02
8.948183836042880590e-02
8.937796024978160447e-02
8.939549492299556088e-02
8.926633347570896160e-02
8.917589782178401980e-02
8.913981935381889987e-02
8.897404563426970781e-02
8.892883577942847784e-02
8.878924797475337694e-02
8.874324065446853593e-02
8.869796635210513980e-02
8.870011493563652316e-02
8.850599244236946606e-02
8.849356281757354836e-02
8.837700304388999839e-02
8.826213146746159088e-02
8.819896902143954664e-02
8.819396851956844141e-02
8.802925246953964555e-02
8.806271706521510978e-02
8.790226273238659072e-02
8.786269690096377982e-02
8.775390695035457933e-02
8.770114341378211498e-02
8.759210287034512044e-02
8.749240182340145555e-02
8.740360943973064789e-02
8.733717219531536569e-02
8.730267624557018491e-02
8.725208684802054915e-02
8.725879938900470145e-02
8.721070440113544431e-02
8.708898159861565291e-02
8.698545670509338912e-02
8.684910053014754938e-02
8.678280265629291501e-02
8.672228054702281475e-02
8.667957948148249936e-02
8.655985765159129874e-02
8.656352238357066520e-02
8.645894344151019983e-02
8.633643850684165344e-02
8.632960726320743072e-02
8.630404724180698595e-02
8.624998472630977797e-02
8.615111002326011902e-02
8.598714464902877663e-02
8.598683100938797619e-02
8.587994992733001542e-02
8.581933346390724360e-02
8.580415998399257282e-02
8.568230251967906552e-02
8.563601234555244524e-02
8.559748092293739674e-02
8.551995390653610585e-02
8.539728134870529230e-02
8.535308985412121130e-02
8.526070874929428389e-02
8.514996723830700609e-02
8.519795899093150771e-02
8.505282779037952323e-02
8.498284745216369562e-02
8.502822907269000363e-02
8.489744773507118536e-02
8.481881852447986647e-02
8.472604118287563324e-02
8.470034876465797058e-02
8.459261624515056199e-02
8.453139440715312647e-02
8.450546775758266405e-02
8.442109459638595659e-02
8.435553516447544253e-02
8.431191605329513283e-02
8.424639160931110538e-02
8.421582959592342765e-02
8.410109005868435239e-02
8.404664096236229287e-02
8.393956848978996466e-02
8.388417400419712067e-02
8.390116967260836944e-02
8.390555529296397919e-02
8.366015471518040147e-02
8.376622144877911291e-02
8.363615821301936815e-02
8.359563961625099404e-02
8.356003348529339458e-02
8.345002198219299283e-02
8.340483541786671007e-02
8.339331981539725713e-02
8.329867644608020261e-02
8.319727478921414010e-02
8.312072661519050165e-02
8.317833408713340426e-02
8.298142284154891302e-02
8.291520105302334354e-02
8.308179217576980302e-02
8.283034239709377577e-02
8.291057017445564725e-02
8.272088408470153198e-02
8.281488491594792001e-02
8.264513315260410553e-02
8.246337033808232020e-02
8.252821804583072851e-02
8.244927975535393250e-02
8.238121922314166345e-02
8.232525333762169550e-02
8.228933776915073328e-02
8.226096245646476179e-02
8.218757790327071988e-02
8.208962649106979481e-02
8.218437552452087513e-02
8.197870746254920515e-02
8.204252457618713135e-02
8.192230688035488650e-02
8.174670919775962885e-02
8.183448915183544337e-02
8.167660491168499126e-02
8.173495903611183167e-02
8.171132147312164251e-02
8.149119842052460205e-02
8.153902070224285092e-02
8.142269831895827814e-02
8.144565306603908372e-02
8.132244397699832372e-02
8.136317296326160686e-02
8.126491273939609461e-02
8.114463531970977916e-02
8.115594330430030146e-02
8.112780421972275169e-02
8.107599636912346530e-02
8.103419946134091112e-02
8.098816645145416604e-02
8.093722474575042181e-02
8.089083109796046944e-02
8.080155599117279375e-02
8.071610480546950739e-02
8.065456338226795197e-02
8.062464314699173407e-02
8.056211434304713648e-02
8.054364010691643372e-02
8.049474376440048096e-02
8.047924095392226806e-02
8.039298048615454995e-02
8.027142839133739882e-02
8.026057776808738498e-02
8.019850422441959781e-02
8.017075964808463573e-02
8.008515197038650058e-02
8.014876374602317166e-02
8.007573623955249742e-02
8.000660496950150191e-02
7.993422742187976382e-02
7.987272670865058766e-02
7.978792542219162454e-02
7.983876284956932523e-02
7.973186868429184282e-02
7.972714702785015095e-02
7.965001970529556052e-02
7.959882879257201838e-02
7.954949416220187530e-02
7.949660360813140536e-02
7.941572467982768724e-02
7.949317380785941856e-02
7.938757047057151683e-02
7.933690948784351271e-02
7.922800973057747553e-02
7.927194884419441756e-02
7.909268218278885099e-02
7.911409743130207173e-02
7.903357698023319444e-02
7.898910053074359450e-02
7.898813524842261680e-02
7.899107262492180426e-02
7.885715511441231118e-02
7.881598928570747453e-02
7.879862095415592071e-02
7.875368896126747065e-02
7.872755339741706326e-02
7.872631487250328353e-02
7.861249908804893161e-02
7.858370856940746774e-02
7.850228039920330303e-02
7.838388891518116575e-02
7.840279674530029053e-02
7.839475470781326338e-02
7.833989898860455048e-02
7.834102155268192480e-02
7.826151074469089863e-02
7.829958438873291238e-02
7.806959287822246019e-02
7.818990762531757843e-02
7.810666944086551433e-02
7.801671202480793543e-02
7.798387554287911083e-02
7.798108509182929970e-02
7.789656040072441556e-02
7.786303330957890234e-02
7.778206411004066900e-02
7.769210553169250688e-02
7.788250592350959289e-02
7.772409306466579459e-02
7.762482228875160206e-02
7.764869895577430903e-02
7.750622427463531305e-02
7.752259138226509638e-02
7.753231801092624886e-02
7.740142221748828877e-02
7.746956178545952310e-02
7.740974135696887526e-02
7.737919978797436205e-02
7.738617892563343093e-02
7.721602070331573531e-02
7.711403664946556158e-02
7.714798334240913213e-02
7.705738331377506856e-02
7.714510680735110759e-02
7.702096992731094494e-02
7.694033393263817466e-02
7.699638125300407865e-02
7.691520901024341550e-02
7.688782845437526492e-02
7.673769493401050301e-02
7.676780831813811989e-02
7.672382172942161793e-02
7.668756715953349568e-02
7.664259821176529208e-02
7.656086076796055073e-02
7.666224201023578988e-02
7.660733067989348999e-02
7.650164824724196844e-02
7.649074693024159044e-02
7.639358350634574413e-02
7.636846262216567816e-02
7.632500422000884632e-02
7.636257581412791984e-02
7.627552931010722626e-02
7.625613926351069993e-02
7.621156907081604037e-02
7.617790925502776478e-02
7.607444563508033997e-02
7.607705537974834842e-02
7.607096600532531339e-02
7.600133861601353347e-02
7.595590814948081915e-02
7.588671709597111237e-02
7.594798214733600172e-02
7.585899020731448616e-02
7.585420241951942866e-02
7.581814743578434157e-02
7.576653736829758179e-02
7.560369263589382383e-02
7.562119735777378393e-02
7.561144356429576330e-02
7.559607823193073561e-02
7.554791614413261525e-02
7.540064920485019251e-02
7.549136748909950068e-02
7.543112471699714439e-02
7.533147837221622345e-02
7.533754974603652788e-02
7.540270647406578652e-02
7.527499219775199424e-02
7.523990452289580633e-02
7.516136740148067485e-02
7.516295881569386161e-02
7.511788016557693903e-02
7.513851368427276745e-02
7.498819617927074410e-02
7.507360675930976890e-02
7.495400179922580286e-02
7.499971275031566686e-02
7.488807070255279474e-02
7.490706415474414348e-02
7.484762251377105602e-02
7.480360631644725200e-02
7.476935993134975478e-02
7.465175291895866094e-02
7.481719121336936895e-02
7.469317585229873213e-02
7.465427681803703253e-02
7.460217402875422843e-02
7.446429848670960139e-02
7.444732578098774145e-02
7.448430210351944525e-02
7.441002990305423115e-02
7.437224791944027635e-02
7.436574433743953216e-02
7.444558890163897880e-02
7.432026870548724684e-02
7.430995909869671234e-02
7.427590031921862956e-02
7.424411486089230183e-02
7.422023767232895086e-02
7.421312072873115229e-02
7.409861810505390112e-02
7.409048026800155173e-02
7.401386563479900316e-02
7.400735132396221716e-02
7.397626589238644190e-02
7.393742769956589134e-02
7.401934219896792733e-02
7.386441408097743633e-02
7.377989012002944547e-02
7.389351849257945470e-02
7.376631145179271543e-02
7.372545750439167545e-02
7.366154053807258406e-02
7.375376783311367312e-02
7.357757073640823486e-02
7.357148820161819869e-02
7.355797865986823947e-02
7.352219650149345587e-02
7.343075838685035606e-02
7.347826178371906491e-02
7.339725220203399680e-02
7.341316296160220467e-02
7.330865524709224978e-02
7.346168789267540356e-02
7.329910294711590446e-02
7.327008256316185075e-02
7.322776305675506026e-02
7.324767859280109650e-02
7.311054198443889263e-02
7.310093054175377525e-02
7.316010427474975431e-02
7.298246538639067971e-02
7.304198370873928037e-02
7.298070040345192022e-02
7.296890071034431435e-02
7.296981018781661943e-02
7.295482757687568598e-02
7.287570630013942563e-02
7.283120605349541199e-02
7.282942141592502194e-02
7.272916206717491838e-02
7.276670968532562844e-02
7.271795588731765070e-02
7.268772377073765001e-02
7.277338863909244004e-02
7.271257597208023726e-02
7.261357516050338801e-02
7.252368444204330966e-02
7.244393499195575514e-02
7.246789523959160095e-02
7.249488916993140908e-02
7.251971024274826705e-02
7.249574165046214491e-02
7.240815030038356970e-02
7.232824976742267820e-02
7.234614419937134000e-02
7.236782199144363437e-02
7.216915287077427243e-02
7.224795140326023546e-02
7.222196562588215074e-02
7.212130758166312994e-02
7.217520372569560805e-02
7.215328727662563557e-02
7.203888700902462416e-02
7.205068260431289617e-02
7.206444323062896617e-02
7.192745597660540890e-02
7.194317892193793917e-02
7.191435159742831651e-02
7.194857631623745309e-02
7.180937311053275929e-02
7.189964172244071861e-02
7.180627556145191548e-02
7.172912220656871285e-02
7.177426940202713546e-02
7.171311569213867365e-02
7.162543578445910997e-02
7.165654352307319896e-02
7.161190323531627100e-02
7.179013741016387895e-02
7.159530113637446735e-02
7.154170554876328192e-02
7.148178483545780670e-02
7.155404689908027860e-02
7.147908185422420513e-02
7.149990905821324017e-02
7.138702723383903714e-02
7.131124712526798470e-02
7.136866369843483660e-02
7.132969354093074421e-02
7.128077727556228482e-02
7.121542917191982236e-02
7.130033309757709270e-02
7.122685849666594848e-02
7.115044781565665888e-02
7.113647940754889987e-02
7.116689519584179502e-02
7.110011792182922841e-02
7.108038553595542874e-02
7.104783213138579634e-02
7.100944349169731329e-02
7.103088811039924566e-02
7.092446275055408478e-02
7.091374836862086861e-02
7.083739690482616924e-02
7.087966686487197354e-02
7.081034962832927215e-02
7.085012112557888264e-02
7.081987512111663496e-02
7.068703301250935100e-02
7.071771396696567569e-02
7.067909009754658189e-02
7.066181159019470359e-02
7.060663098096847667e-02
7.062417466938496202e-02
7.059061412513256695e-02
7.048029996454716062e-02
7.062826809287071905e-02
7.051176951825618988e-02
7.050951747596263808e-02
7.047682769596576302e-02
7.050382979214191159e-02
7.051373264193534773e-02
7.039152382314205203e-02
7.042296251654625583e-02
7.032328063249587702e-02
7.024785137176513261e-02
7.024485662579536827e-02
7.032474331557750369e-02
7.017304663360118822e-02
7.021345537900924860e-02
7.012906955182551805e-02
7.009241344034672361e-02
7.006436753273009854e-02
7.014396271109581138e-02
7.001249246299266760e-02
6.999229119718074210e-02
7.003750339150428827e-02
7.003552062809467738e-02
6.992367090284824782e-02
6.993539689481258204e-02
7.000056542456149777e-02
6.993923571705817910e-02
6.985533034801483243e-02
6.983892114460468759e-02
6.984947146475314894e-02
6.976127524673939040e-02
6.968484100699424977e-02
6.976410123705864552e-02
6.977661967277526411e-02
6.969827398657799100e-02
6.959902806580066381e-02
6.955827926099300562e-02
6.950415159761905159e-02
6.962356516718865018e-02
6.947730837762355893e-02
6.946142153441905998e-02
6.946961316466331027e-02
6.941091832518576921e-02
6.948450447618961801e-02
6.941911967098712832e-02
6.935883609950542483e-02
6.932888703048228907e-02
6.940939220786095099e-02
6.926312749087810972e-02
6.925732831656933319e-02
6.931799718737602367e-02
6.926885923743247853e-02
6.916308879852295366e-02
6.918120937049389296e-02
6.914159032702446583e-02
6.910757289826870153e-02
6.908454677462577687e-02
6.902879898250102730e-02
6.900937621295452629e-02
6.907081444561481709e-02
6.897756636142730879e-02
6.890550358593464098e-02
6.892345641553401792e-02
6.894625437259674361e-02
6.895715089142322174e-02
6.891207233071326710e-02
6.888430279493332198e-02
6.885609832406043573e-02
6.876422241330146234e-02
6.877151769399643400e-02
6.874801775813102478e-02
6.880907770991324945e-02
6.869657115638255762e-02
6.868772532045841483e-02
6.872117578983306940e-02
6.856703208386898118e-02
6.861676511168479653e-02
6.865102769434451579e-02
6.856318750977516419e-02
6.850123055279254414e-02
6.856496728956699982e-02
6.849112293124198780e-02
6.845303297042847068e-02
6.849842256307601962e-02
6.843406721949576998e-02
6.842804503440856612e-02
6.832604372501373258e-02
6.840521122515201558e-02
6.830267253518104709e-02
6.833042815327644570e-02
6.831712405383587317e-02
6.826971518993377175e-02
6.828448802232742199e-02
6.820185950398445496e-02
6.817816679179668216e-02
6.811773675680160567e-02
6.819044858217239435e-02
6.806940385699272733e-02
6.803332749009131930e-02
6.803442834317684207e-02
6.810324627161025435e-02
6.800642955303191906e-02
6.800918969511986212e-02
6.802395761013030340e-02
6.797527657449245475e-02
6.790356621146202698e-02
6.791726903617381628e-02
6.786182305216789667e-02
6.793659754097461367e-02
6.783311524987220564e-02
6.789763888716697504e-02
6.783399352431297713e-02
6.775476907193660192e-02
6.771565112471580883e-02
6.770057412981987655e-02
6.769086226820945906e-02
6.763695076107978377e-02
6.763233603537083249e-02
6.768456867337227512e-02
6.760576663911342654e-02
6.766526177525519770e-02
6.748508392274379930e-02
6.753707475960255002e-02
6.759018646180629808e-02
6.747492407262324632e-02
6.751234021782874517e-02
6.748515842854976854e-02
6.744263194501400049e-02
6.734632833302020560e-02
6.736124093830585247e-02
6.737356288731098652e-02
6.731582744419574438e-02
6.738733547925948586e-02
6.731264466047287565e-02
6.734820730984210357e-02
6.722238150238990517e-02
6.723352158069610673e-02
6.721975095570087433e-02
6.721434128284455023e-02
6.725582976639270238e-02
6.714065335690974634e-02
6.710538056492805492e-02
6.720232726633548759e-02
6.709058512747287373e-02
6.706483404338359211e-02
6.705577658116818052e-02
6.702444353699683888e-02
6.701496042311191892e-02
6.697027312219143436e-02
6.711398392915725319e-02
6.700402849912642789e-02
6.701906016469001692e-02
6.700017079710959833e-02
6.695948150753974759e-02
6.691386814415455075e-02
6.689470493793488182e-02
6.686284920573234980e-02
6.680112922191619451e-02
6.674140962958335921e-02
6.670040543377399322e-02
6.670747222006320754e-02
6.669638103246688932e-02
6.663559697568416373e-02
6.670728696882724518e-02
6.664444853365421306e-02
6.664615838229656641e-02
6.657978174090385670e-02
6.659870147705078403e-02
6.654118147492409097e-02
6.650239655375481118e-02
6.652355599403381170e-02
6.649038279056548872e-02
6.645451937615871885e-02
6.642397972941398165e-02
6.640592293441295590e-02
6.642216666042805029e-02
6.641486768424510745e-02
6.643413041532039709e-02
6.643951012194156125e-02
6.632852816581726041e-02
6.636934112012386755e-02
6.629482792317867301e-02
6.627737805247306546e-02
6.623489087820053078e-02
6.621917058527469757e-02
6.622631676495074893e-02
6.620167526602745156e-02
6.621666890382767179e-02
6.618739849328994507e-02
6.610086533427238231e-02
6.616901206970214611e-02
6.615833990275860055e-02
6.614620772004127514e-02
6.602546405792236728e-02
6.604196411371231201e-02
6.601308898627758492e-02
6.596749281883239335e-02
6.598402340710163294e-02
6.592761193215847249e-02
6.591741961240768499e-02
6.592019385099411044e-02
6.595806409418582261e-02
6.583184595406055273e-02
6.588055840134621199e-02
6.580363844335079815e-02
6.576831482350825597e-02
6.587968924641608714e-02
6.574999158084392226e-02
6.576934547722339264e-02
6.573033919930458546e-02
6.575031784176826877e-02
6.574310302734374944e-02
6.572987809777260104e-02
6.564360196888446852e-02
6.553441786766052435e-02
6.557763487100601307e-02
6.560808472335338815e-02
6.553775265812873674e-02
6.550072737038135917e-02
6.545401725172995955e-02
6.551962777972221430e-02
6.552245977520942954e-02
6.541610199213028498e-02
6.552902290225029458e-02
6.552642917633057229e-02
6.538879643380642037e-02
6.537047347426414023e-02
6.540926747024058963e-02
6.534387248754501554e-02
6.535904242098330985e-02
6.531352449953556349e-02
6.532661037147044492e-02
6.528626109659671495e-02
6.531927537918090498e-02
6.532203558087348871e-02
6.519445657730102428e-02
6.519203442335129439e-02
6.523450377583503434e-02
6.518732379376888930e-02
6.515829901397228452e-02
6.510216864943504933e-02
6.510771884024142697e-02
6.511109896004199649e-02
6.508157801628113026e-02
6.506890651583671636e-02
6.508260473608970531e-02
6.505057702958583210e-02
6.498478052020073559e-02
6.493572939932346078e-02
6.495063765347003359e-02
6.491991494596004164e-02
6.486649851500987662e-02
6.495141310989856198e-02
6.487289118766784157e-02
6.492041939496993874e-02
6.488295918703079757e-02
6.481134755909442879e-02
6.487505292892456477e-02
6.485870163142680445e-02
6.479992063343524566e-02
6.477386111021041226e-02
6.477097335457801530e-02
6.467592824995517520e-02
6.465599046647549364e-02
6.466404236853122434e-02
6.456292770802975201e-02
6.458808261156082087e-02
6.462608824670314223e-02
6.462089253962040314e-02
6.457088485360146235e-02
6.459471920132636713e-02
6.460733970999717191e-02
6.453902436792850750e-02
6.448596361279487765e-02
6.453898406028747703e-02
6.452231018245220551e-02
6.451609326899052088e-02
6.440496243536472654e-02
6.445036242902278667e-02
6.444115860760211978e-02
6.439903682470321522e-02
6.438105912506580930e-02
6.432618944346904510e-02
6.427980530261993841e-02
6.429167595505715094e-02
6.435629417002200481e-02
6.425311955809592801e-02
6.425865091383457794e-02
6.424398198723793585e-02
6.427712933719158250e-02
6.420845168828964722e-02
6.416507610678673368e-02
6.419268928468227497e-02
6.409977683424950001e-02
6.412732449173927374e-02
6.407590238749981404e-02
6.407441203296183885e-02
6.408829979598522353e-02
6.404008357226848025e-02
6.406355281174182237e-02
