4.493423018426789817e-01
2.202552320505390682e-01
1.573508794905674468e-01
1.201774315241338903e-01
9.229351971311840208e-02
7.474604106553230098e-02
6.339533204554317902e-02
5.710057822769158686e-02
4.948481453140538000e-02
4.127346580258693665e-02
3.951631209362273245e-02
3.597404229344837445e-02
3.234915380013844016e-02
2.923782330937216636e-02
2.763035535168845494e-02
2.449646707147536129e-02
2.242367690492387891e-02
2.093550529956218417e-02
1.995370525577405338e-02
1.818228464766358243e-02
