4.130004259959679236e-01
1.481525051931080472e-01
8.593136898738966412e-02
6.560520628408136878e-02
5.482626851941300311e-02
4.373859156521058000e-02
3.846745276026049265e-02
3.349973906089661474e-02
2.990940498602573383e-02
2.578881422236829410e-02
2.375766351635416607e-02
2.151537434060986007e-02
1.833747623129311846e-02
1.680389965326908527e-02
1.569470971881419680e-02
1.417320736347566466e-02
1.274972336590694810e-02
1.200197276740457876e-02
1.104976409962744356e-02
9.825789075072779294e-03
