8.155399985238909188e-01
9.244000012874603600e-01
9.413000013828277668e-01
9.505600020885467405e-01
9.574600017070770130e-01
9.627800042629242050e-01
9.669600069522857888e-01
9.713400080204009912e-01
9.733400083780289203e-01
9.765000096559524057e-01
9.784200102090835349e-01
9.809800117015838872e-01
9.825000103712081545e-01
9.839000104665756030e-01
9.854000101089477326e-01
9.864200106859206674e-01
9.878200094699859379e-01
9.891400083303450996e-01
9.904600086212158594e-01
9.909400076866149432e-01
9.919200071096420102e-01
9.927200064659118528e-01
9.930600063800811839e-01
9.938400056362152180e-01
9.941400054693222410e-01
9.950200046300887724e-01
9.953600044250487944e-01
9.957800037860869979e-01
9.963400034904480451e-01
9.965800032615661497e-01
9.970800027847289693e-01
9.973600025177001838e-01
9.974800024032592916e-01
9.974600024223327921e-01
9.980000019073486106e-01
9.983200016021728240e-01
9.983000016212463246e-01
9.984600014686584313e-01
9.987600011825561452e-01
9.986600012779235369e-01
9.989600009918212509e-01
9.991400008201598570e-01
9.991800007820129670e-01
9.993400006294250737e-01
9.993800005912780726e-01
9.994000005722045721e-01
9.995400004386901793e-01
9.994800004959106809e-01
9.995600004196166788e-01
9.998000001907348944e-01
9.995600004196166788e-01
9.996200003623962882e-01
9.996400003433227877e-01
9.998200001716613938e-01
9.997800002098083949e-01
9.998600001335143928e-01
9.998200001716613938e-01
9.998800001144408922e-01
9.998600001335143928e-01
9.999400000572205016e-01
9.998400001525878933e-01
9.998400001525878933e-01
9.999200000762938911e-01
9.999400000572205016e-01
9.999200000762938911e-01
9.999200000762938911e-01
9.999400000572205016e-01
9.999200000762938911e-01
9.999000000953673917e-01
9.998800001144408922e-01
9.999600000381470011e-01
9.999400000572205016e-01
9.999800000190735005e-01
9.999800000190735005e-01
9.999600000381470011e-01
9.999600000381470011e-01
1.000000000000000000e+00
9.999800000190735005e-01
9.999800000190735005e-01
1.000000000000000000e+00
1.000000000000000000e+00
9.999400000572205016e-01
1.000000000000000000e+00
1.000000000000000000e+00
9.999600000381470011e-01
1.000000000000000000e+00
9.999800000190735005e-01
1.000000000000000000e+00
1.000000000000000000e+00
9.999600000381470011e-01
1.000000000000000000e+00
9.999800000190735005e-01
9.999800000190735005e-01
9.999800000190735005e-01
9.999800000190735005e-01
1.000000000000000000e+00
1.000000000000000000e+00
1.000000000000000000e+00
1.000000000000000000e+00
1.000000000000000000e+00
1.000000000000000000e+00
1.000000000000000000e+00
9.999800000190735005e-01
9.999800000190735005e-01
1.000000000000000000e+00
1.000000000000000000e+00
1.000000000000000000e+00
9.999800000190735005e-01
9.999800000190735005e-01
1.000000000000000000e+00
1.000000000000000000e+00
1.000000000000000000e+00
1.000000000000000000e+00
1.000000000000000000e+00
1.000000000000000000e+00
1.000000000000000000e+00
1.000000000000000000e+00
1.000000000000000000e+00
9.999800000190735005e-01
1.000000000000000000e+00
1.000000000000000000e+00
1.000000000000000000e+00
1.000000000000000000e+00
1.000000000000000000e+00
1.000000000000000000e+00
1.000000000000000000e+00
1.000000000000000000e+00
1.000000000000000000e+00
1.000000000000000000e+00
1.000000000000000000e+00
1.000000000000000000e+00
1.000000000000000000e+00
1.000000000000000000e+00
1.000000000000000000e+00
9.999800000190735005e-01
1.000000000000000000e+00
1.000000000000000000e+00
1.000000000000000000e+00
1.000000000000000000e+00
1.000000000000000000e+00
1.000000000000000000e+00
1.000000000000000000e+00
1.000000000000000000e+00
1.000000000000000000e+00
1.000000000000000000e+00
1.000000000000000000e+00
1.000000000000000000e+00
1.000000000000000000e+00
1.000000000000000000e+00
1.000000000000000000e+00
1.000000000000000000e+00
1.000000000000000000e+00
1.000000000000000000e+00
1.000000000000000000e+00
1.000000000000000000e+00
1.000000000000000000e+00
1.000000000000000000e+00
1.000000000000000000e+00
1.000000000000000000e+00
1.000000000000000000e+00
1.000000000000000000e+00
1.000000000000000000e+00
1.000000000000000000e+00
1.000000000000000000e+00
1.000000000000000000e+00
1.000000000000000000e+00
1.000000000000000000e+00
1.000000000000000000e+00
1.000000000000000000e+00
1.000000000000000000e+00
1.000000000000000000e+00
1.000000000000000000e+00
1.000000000000000000e+00
1.000000000000000000e+00
1.000000000000000000e+00
1.000000000000000000e+00
1.000000000000000000e+00
1.000000000000000000e+00
1.000000000000000000e+00
9.999800000190735005e-01
1.000000000000000000e+00
1.000000000000000000e+00
1.000000000000000000e+00
1.000000000000000000e+00
1.000000000000000000e+00
1.000000000000000000e+00
1.000000000000000000e+00
1.000000000000000000e+00
1.000000000000000000e+00
1.000000000000000000e+00
1.000000000000000000e+00
1.000000000000000000e+00
1.000000000000000000e+00
1.000000000000000000e+00
1.000000000000000000e+00
1.000000000000000000e+00
1.000000000000000000e+00
1.000000000000000000e+00
1.000000000000000000e+00
1.000000000000000000e+00
