5.005707979202270508e+00
1.006174612045288086e+01
1.496345400810241699e+01
1.980127620697021484e+01
2.472748517990112305e+01
2.973335313796997070e+01
3.472200918197631836e+01
3.966677808761596680e+01
4.457310199737548828e+01
4.963289999961853027e+01
5.447920298576354980e+01
5.935489606857299805e+01
6.425043201446533203e+01
6.923938012123107910e+01
7.422169804573059082e+01
7.925850915908813477e+01
8.410349702835083008e+01
8.911955618858337402e+01
9.404540300369262695e+01
9.895398306846618652e+01
1.038195910453796387e+02
1.088045310974121094e+02
1.138784031867980957e+02
1.188434820175170898e+02
1.237512412071228027e+02
1.287432610988616943e+02
1.337883250713348389e+02
1.386974911689758301e+02
1.436028091907501221e+02
1.485692460536956787e+02
1.536635510921478271e+02
1.587034699916839600e+02
1.635592210292816162e+02
1.685529441833496094e+02
1.734710659980773926e+02
1.784300231933593750e+02
1.833323600292205811e+02
1.883215579986572266e+02
1.933346080780029297e+02
1.984024591445922852e+02
2.033340971469879150e+02
2.084498090744018555e+02
2.134090030193328857e+02
2.182992839813232422e+02
2.231401581764221191e+02
2.281048090457916260e+02
2.332664191722869873e+02
2.381729969978332520e+02
2.431742691993713379e+02
2.482792170047760010e+02
2.532413561344146729e+02
2.581560649871826172e+02
2.630516960620880127e+02
2.680311911106109619e+02
2.730598380565643311e+02
2.781768171787261963e+02
2.831759481430053711e+02
2.881332950592041016e+02
2.931099460124969482e+02
2.980412311553955078e+02
3.028909502029418945e+02
3.079169139862060547e+02
3.129810721874237061e+02
3.179179902076721191e+02
3.229050951004028320e+02
3.278002071380615234e+02
3.327245121002197266e+02
3.376589272022247314e+02
3.425434579849243164e+02
3.474999010562896729e+02
3.525257871150970459e+02
3.575064151287078857e+02
3.625294451713562012e+02
3.675956921577453613e+02
3.726080009937286377e+02
3.775231261253356934e+02
3.824612259864807129e+02
3.874482681751251221e+02
3.924234139919281006e+02
3.972769491672515869e+02
4.020984311103820801e+02
4.069602251052856445e+02
4.117801949977874756e+02
4.166403691768646240e+02
4.215074021816253662e+02
4.263426041603088379e+02
4.311808650493621826e+02
4.360328390598297119e+02
4.408899631500244141e+02
4.457547960281372070e+02
4.505727441310882568e+02
4.553987040519714355e+02
4.602655429840087891e+02
4.651694769859313965e+02
4.700098171234130859e+02
4.748615009784698486e+02
4.797216200828552246e+02
4.845821771621704102e+02
4.894574761390686035e+02
4.943726551532745361e+02
4.991951420307159424e+02
5.040443341732025146e+02
5.090522630214691162e+02
5.139090461730957031e+02
5.187380290031433105e+02
5.235877981185913086e+02
5.284116160869598389e+02
5.332924540042877197e+02
5.381503901481628418e+02
5.430132400989532471e+02
5.479324991703033447e+02
5.529895970821380615e+02
5.579331181049346924e+02
5.627890632152557373e+02
5.679129230976104736e+02
5.728311550617218018e+02
5.777277181148529053e+02
5.826158771514892578e+02
5.875999791622161865e+02
5.926696181297302246e+02
5.977557830810546875e+02
6.027229321002960205e+02
6.077410361766815186e+02
6.126788291931152344e+02
6.175987741947174072e+02
6.224989140033721924e+02
6.276885180473327637e+02
6.328102140426635742e+02
6.379418652057647705e+02
6.428979802131652832e+02
6.479158940315246582e+02
6.528605260848999023e+02
6.577621111869812012e+02
6.626358320713043213e+02
6.676512761116027832e+02
6.726620252132415771e+02
6.776809501647949219e+02
6.826948599815368652e+02
6.877859680652618408e+02
6.927307710647583008e+02
6.976085062026977539e+02
7.024663150310516357e+02
7.074249022006988525e+02
7.124845011234283447e+02
7.175352602005004883e+02
7.225789561271667480e+02
7.274826049804687500e+02
7.327098309993743896e+02
7.376325981616973877e+02
7.424744939804077148e+02
7.474099740982055664e+02
7.524105300903320312e+02
7.573748412132263184e+02
7.624821841716766357e+02
7.674579470157623291e+02
7.724952340126037598e+02
7.773876600265502930e+02
7.822648630142211914e+02
7.871996450424194336e+02
7.921504740715026855e+02
7.972499551773071289e+02
8.023820810317993164e+02
8.073308770656585693e+02
8.124396970272064209e+02
8.174202780723571777e+02
8.222797009944915771e+02
8.272641410827636719e+02
8.322777850627899170e+02
8.372995140552520752e+02
8.424084970951080322e+02
8.473244361877441406e+02
8.523434321880340576e+02
8.572594699859619141e+02
8.621699550151824951e+02
8.670453472137451172e+02
8.720598740577697754e+02
8.770862481594085693e+02
8.820756762027740479e+02
8.870048401355743408e+02
8.920160851478576660e+02
8.969786140918731689e+02
9.018619141578674316e+02
9.068440561294555664e+02
9.118371391296386719e+02
9.168538331985473633e+02
9.218697609901428223e+02
9.268248879909515381e+02
9.318407340049743652e+02
9.367504861354827881e+02
9.416984181404113770e+02
9.465619990825653076e+02
9.515839810371398926e+02
9.567582590579986572e+02
9.618069360256195068e+02
9.662250800132751465e+02
9.701049602031707764e+02
9.741604890823364258e+02
9.774080979824066162e+02
9.804204239845275879e+02
9.834479260444641113e+02
