1.028200101733207639e+00
3.016098391115665245e-01
2.315004633367061526e-01
1.945909416079521226e-01
1.681253728270530601e-01
1.497813454344868733e-01
1.340804893299937239e-01
1.223373151719570201e-01
1.104136369712650778e-01
1.026255012974143094e-01
9.462891599908471174e-02
8.655742435157298686e-02
8.122285765036940663e-02
7.536148990690708094e-02
7.079148616641760261e-02
6.554714731872081368e-02
6.303965641930699138e-02
5.829045561887323534e-02
5.544733310677111421e-02
5.118731931783258859e-02
4.883726014569401974e-02
4.644600425567477903e-02
4.326451191306113914e-02
4.100984470732509796e-02
3.941864128038287396e-02
3.737062853015959280e-02
3.537316205259412316e-02
3.361134125664830274e-02
3.138221124373376247e-02
2.982240808010101427e-02
2.872136229276657168e-02
2.748499127104878439e-02
2.552766888774931492e-02
2.564642126951366743e-02
2.403401078935712629e-02
2.255350434035062815e-02
2.222134575154632169e-02
2.093331089895218711e-02
1.956594555638730554e-02
1.919520666496828121e-02
1.838440114120021632e-02
1.752443770039826751e-02
1.696751309093087745e-02
1.668436791747808512e-02
1.565935134841129131e-02
1.483278825180605123e-02
1.466624979255721009e-02
1.400717884814366675e-02
1.320635188557207559e-02
1.342652207054197827e-02
1.263861560169607379e-02
1.243947699759155590e-02
1.226638119155541023e-02
1.160209551709704030e-02
1.132868529693223554e-02
1.086221298249438402e-02
1.051670978614129177e-02
1.036938365548849099e-02
9.835979014635086448e-03
9.617285071173682989e-03
9.574391558067872968e-03
9.083028041757642418e-03
8.878087464254350025e-03
8.528932402376085062e-03
8.107665366027503456e-03
8.262180257122964458e-03
8.202756573678925828e-03
7.586078007938340528e-03
7.790503062075003829e-03
7.389507735613733141e-03
7.398782234406099147e-03
7.059724762104451455e-03
6.598025115672498907e-03
6.843551097204908853e-03
6.676495037274435447e-03
6.514149941271170710e-03
6.111995095387101271e-03
6.535000129835680412e-03
6.027779556810855706e-03
6.164282702375203232e-03
5.875680943252518940e-03
5.671151507296599836e-03
5.820869358838535491e-03
5.577333063585683884e-03
5.447501266142353374e-03
5.284346065251156570e-03
5.299726271070539542e-03
5.040203606593422238e-03
5.074812381528318213e-03
4.877347678760997687e-03
4.961586968391202765e-03
4.537391411256976384e-03
4.692236375878565055e-03
4.828674174379557482e-03
4.684108727844431622e-03
4.452492146636359040e-03
4.427967528929002694e-03
4.228448361507617347e-03
4.046498265233821820e-03
4.271195444511250057e-03
3.977927131811156633e-03
3.986951444414444344e-03
3.951600972213782127e-03
4.039805477368645092e-03
3.990571371512487489e-03
3.803912860574200881e-03
3.794931687763891930e-03
3.741371271549723959e-03
3.597553110099397777e-03
3.512862470233813102e-03
3.530735785025171727e-03
3.343162719625979683e-03
3.350102411466650450e-03
3.499780200654640985e-03
3.262364138034172436e-03
3.218537807115353765e-03
3.128799018217250875e-03
3.412776568788103600e-03
3.144176161033101179e-03
3.068253403180279046e-03
3.178554541082121484e-03
3.101086568553000546e-03
2.754733799258246921e-03
2.840328877617139154e-03
2.977449182362761244e-03
3.011244258203078002e-03
2.845660125371068851e-03
3.035101283807307634e-03
2.682864041533321135e-03
2.838786840555258036e-03
2.757483633002266298e-03
2.750890219351276918e-03
2.612596085062250661e-03
2.598613414738792839e-03
2.614181388984434216e-03
2.830350098258349947e-03
2.666357773880008528e-03
2.561522152856923838e-03
2.459822821314446538e-03
2.456790437223389800e-03
2.500815252133179335e-03
2.515886352106463074e-03
2.433249785914085722e-03
2.349846925470046571e-03
2.351344990020152233e-03
2.320089198357891316e-03
2.332287189725320686e-03
2.311670022842008711e-03
2.212378716154489531e-03
2.102069465559907278e-03
2.192530646803788740e-03
2.243272681836970279e-03
2.204952095868066130e-03
2.119317030301317781e-03
2.131823842413723552e-03
2.194479185563977860e-03
2.081495431077200892e-03
2.219144710281398085e-03
2.182797050802037266e-03
2.203595712489914323e-03
2.139926135656423922e-03
2.056753490149276341e-03
1.996616532502230347e-03
1.917711486195912635e-03
1.922398427792359121e-03
1.930298011109698661e-03
1.904177061398513613e-03
1.974672602256759887e-03
1.952688983059488147e-03
1.822204159136163026e-03
1.829803871049079942e-03
1.832391277479473481e-03
1.811725109058897904e-03
1.880914635083172489e-03
1.809151748602744192e-03
1.882764923677313984e-03
1.775375410012202402e-03
1.783208289125468677e-03
1.828765606158412951e-03
1.677439959457842572e-03
1.784130774292862123e-03
1.636870276706758973e-03
1.795985786651726774e-03
1.638962011988041954e-03
1.636891532805748216e-03
1.703083931643050233e-03
1.600931684137321979e-03
1.623373967886436800e-03
1.545521491556428378e-03
1.587624730775132834e-03
1.612352369294967492e-03
1.585798306943615949e-03
1.506829966965597114e-03
1.499312650033971352e-03
1.565109139890410095e-03
1.496455691551091182e-03
1.550378052634186982e-03
1.473610035667661513e-03
1.566010738315526396e-03
1.604942526188097044e-03
