2.534523963928222656e+00
5.024858951568603516e+00
7.460618019104003906e+00
1.016508889198303223e+01
1.455617403984069824e+01
1.905360603332519531e+01
2.354912686347961426e+01
2.800151705741882324e+01
3.233908486366271973e+01
3.706916689872741699e+01
4.175952696800231934e+01
4.674623584747314453e+01
5.119956898689270020e+01
5.555867695808410645e+01
6.007664990425109863e+01
6.474865984916687012e+01
6.953470087051391602e+01
7.396370601654052734e+01
7.841783285140991211e+01
8.284401488304138184e+01
8.723496103286743164e+01
9.172869992256164551e+01
9.608427286148071289e+01
1.006033809185028076e+02
1.050793700218200684e+02
1.097082879543304443e+02
1.141875748634338379e+02
1.192150669097900391e+02
1.246971330642700195e+02
1.315924048423767090e+02
1.374004850387573242e+02
1.432846119403839111e+02
1.493012449741363525e+02
1.553663978576660156e+02
1.612756760120391846e+02
1.671477289199829102e+02
1.738270840644836426e+02
1.805170068740844727e+02
1.882185330390930176e+02
1.950829260349273682e+02
2.005399730205535889e+02
2.061351659297943115e+02
2.120959219932556152e+02
2.188911249637603760e+02
2.255433070659637451e+02
2.301841979026794434e+02
2.347487690448760986e+02
2.394823780059814453e+02
2.443173680305480957e+02
2.488110039234161377e+02
2.533247289657592773e+02
2.575329599380493164e+02
2.619184670448303223e+02
2.663724389076232910e+02
2.711023569107055664e+02
2.759815690517425537e+02
2.804952208995819092e+02
2.852816500663757324e+02
2.901217038631439209e+02
2.948127260208129883e+02
2.991858968734741211e+02
3.035323879718780518e+02
3.079079158306121826e+02
3.124111740589141846e+02
3.173117859363555908e+02
3.219297449588775635e+02
3.266813788414001465e+02
3.314795148372650146e+02
3.362639279365539551e+02
3.409086868762969971e+02
3.451925189495086670e+02
3.495869328975677490e+02
3.540655250549316406e+02
3.587366149425506592e+02
3.633540258407592773e+02
3.682475819587707520e+02
3.730766830444335938e+02
3.779048619270324707e+02
3.826705849170684814e+02
3.870311260223388672e+02
3.914734148979187012e+02
3.959668869972229004e+02
4.006635808944702148e+02
4.052569620609283447e+02
4.098824279308319092e+02
4.146510238647460938e+02
4.197321588993072510e+02
4.244406979084014893e+02
4.291439919471740723e+02
4.336264569759368896e+02
4.380613489151000977e+02
4.425107729434967041e+02
4.471374258995056152e+02
4.518862829208374023e+02
4.567977619171142578e+02
4.616422598361968994e+02
4.665168590545654297e+02
4.710711729526519775e+02
4.756373598575592041e+02
4.800481619834899902e+02
4.844579339027404785e+02
4.890099918842315674e+02
4.936378169059753418e+02
4.982841899394989014e+02
5.030962460041046143e+02
5.078919408321380615e+02
5.124943749904632568e+02
5.172003388404846191e+02
5.216114649772644043e+02
5.260580890178680420e+02
5.307065880298614502e+02
5.351874480247497559e+02
5.398002400398254395e+02
5.447845070362091064e+02
5.496288900375366211e+02
5.540928819179534912e+02
5.590317659378051758e+02
5.634734330177307129e+02
5.678529348373413086e+02
5.723109059333801270e+02
5.768219468593597412e+02
5.816346340179443359e+02
5.864129910469055176e+02
5.912882578372955322e+02
5.959506218433380127e+02
6.009126918315887451e+02
6.053575148582458496e+02
6.097212269306182861e+02
6.140893759727478027e+02
6.184984610080718994e+02
6.232360439300537109e+02
6.280826690196990967e+02
6.328392679691314697e+02
6.374454050064086914e+02
6.421950778961181641e+02
6.470081439018249512e+02
6.514380040168762207e+02
6.558118648529052734e+02
6.599825448989868164e+02
6.646419448852539062e+02
6.694374039173126221e+02
6.742929420471191406e+02
6.788418948650360107e+02
6.834691410064697266e+02
6.882509298324584961e+02
6.929273200035095215e+02
6.973204410076141357e+02
7.015126199722290039e+02
7.060682468414306641e+02
7.108233039379119873e+02
7.156490030288696289e+02
7.206087019443511963e+02
7.251803159713745117e+02
7.298227920532226562e+02
7.345646338462829590e+02
7.390219590663909912e+02
7.432859029769897461e+02
7.477338778972625732e+02
7.525180599689483643e+02
7.572287240028381348e+02
7.621072359085083008e+02
7.665828788280487061e+02
7.712349128723144531e+02
7.758822228908538818e+02
7.806504988670349121e+02
7.849228000640869141e+02
7.892212049961090088e+02
7.937461600303649902e+02
7.986445579528808594e+02
8.036007049083709717e+02
8.083494520187377930e+02
8.132256510257720947e+02
8.179261050224304199e+02
8.226373529434204102e+02
8.270435259342193604e+02
8.313942668437957764e+02
8.357809908390045166e+02
8.403714439868927002e+02
8.451868948936462402e+02
8.497702250480651855e+02
8.547000839710235596e+02
8.594903700351715088e+02
8.643401229381561279e+02
8.689239919185638428e+02
8.733644859790802002e+02
8.778040449619293213e+02
8.824016549587249756e+02
8.872860138416290283e+02
8.917901139259338379e+02
8.965889120101928711e+02
9.016333999633789062e+02
9.063898839950561523e+02
9.110444090366363525e+02
9.154666938781738281e+02
9.199075419902801514e+02
9.244920399188995361e+02
9.294156138896942139e+02
9.338665518760681152e+02
9.386099219322204590e+02
9.433740868568420410e+02
