3.312477111816406250e+00
6.858668088912963867e+00
1.084465503692626953e+01
1.581157517433166504e+01
2.072560596466064453e+01
2.578528499603271484e+01
3.073463201522827148e+01
3.578248000144958496e+01
4.096865010261535645e+01
4.605767512321472168e+01
5.098011803627014160e+01
5.606798100471496582e+01
6.101722407341003418e+01
6.589621901512145996e+01
7.088293099403381348e+01
7.590972113609313965e+01
8.097784209251403809e+01
8.606278800964355469e+01
9.119672393798828125e+01
9.631549596786499023e+01
1.012158060073852539e+02
1.061769969463348389e+02
1.111325869560241699e+02
1.161695351600646973e+02
1.212054080963134766e+02
1.262066500186920166e+02
1.311268870830535889e+02
1.362854549884796143e+02
1.412193880081176758e+02
1.461505091190338135e+02
1.511250491142272949e+02
1.561652400493621826e+02
1.612276861667633057e+02
1.662700970172882080e+02
1.711387989521026611e+02
1.761795451641082764e+02
1.810623281002044678e+02
1.859732389450073242e+02
1.908961851596832275e+02
1.959723839759826660e+02
2.010152211189270020e+02
2.060391371250152588e+02
2.109605331420898438e+02
2.160259730815887451e+02
2.209670691490173340e+02
2.258950920104980469e+02
2.307996020317077637e+02
2.358757441043853760e+02
2.409267370700836182e+02
2.458710770606994629e+02
2.509264211654663086e+02
2.559912490844726562e+02
2.608561921119689941e+02
2.657790780067443848e+02
2.707851769924163818e+02
2.757832729816436768e+02
2.807868990898132324e+02
2.858344399929046631e+02
2.907208571434020996e+02
2.958723461627960205e+02
3.007763550281524658e+02
3.056600930690765381e+02
3.106457259654998779e+02
3.155731110572814941e+02
3.205833380222320557e+02
3.256641900539398193e+02
3.307295720577239990e+02
3.359244410991668701e+02
3.407799780368804932e+02
3.456842529773712158e+02
3.506440131664276123e+02
3.558233790397644043e+02
3.607227661609649658e+02
3.656902241706848145e+02
3.706461310386657715e+02
3.756578950881958008e+02
3.805131969451904297e+02
3.853448829650878906e+02
3.904099140167236328e+02
3.954717240333557129e+02
4.004879970550537109e+02
4.054615991115570068e+02
4.106292309761047363e+02
4.155601060390472412e+02
4.204415681362152100e+02
4.253279850482940674e+02
4.302866680622100830e+02
4.353723800182342529e+02
4.404213089942932129e+02
4.455037829875946045e+02
4.505494840145111084e+02
4.554190030097961426e+02
4.603134760856628418e+02
4.651700949668884277e+02
4.701463749408721924e+02
4.751825270652770996e+02
4.802080760002136230e+02
4.853023409843444824e+02
4.904213521480560303e+02
4.954800109863281250e+02
5.004357380867004395e+02
5.053012039661407471e+02
5.102788729667663574e+02
5.152565541267395020e+02
5.201761469841003418e+02
5.252291350364685059e+02
5.302800540924072266e+02
5.352239019870758057e+02
5.401394040584564209e+02
5.450318961143493652e+02
5.499981560707092285e+02
5.550366210937500000e+02
5.600581860542297363e+02
5.650586290359497070e+02
5.699992239475250244e+02
5.749470479488372803e+02
5.798460500240325928e+02
5.847109341621398926e+02
5.897658591270446777e+02
5.949569530487060547e+02
5.999558160305023193e+02
6.049250121116638184e+02
6.100968921184539795e+02
6.150012650489807129e+02
6.198969860076904297e+02
6.247918989658355713e+02
6.298336989879608154e+02
6.348801679611206055e+02
6.400502591133117676e+02
6.450070791244506836e+02
6.501234409809112549e+02
6.551102681159973145e+02
6.599947941303253174e+02
6.648300709724426270e+02
6.698091950416564941e+02
6.748327889442443848e+02
6.799943871498107910e+02
6.849064669609069824e+02
6.899381811618804932e+02
6.948673291206359863e+02
6.997161850929260254e+02
7.046127400398254395e+02
7.096374809741973877e+02
7.148204650878906250e+02
7.198561670780181885e+02
7.248246090412139893e+02
7.298839271068572998e+02
7.347601110935211182e+02
7.396528170108795166e+02
7.445713810920715332e+02
7.496227660179138184e+02
7.546278350353240967e+02
7.596410429477691650e+02
7.646539549827575684e+02
7.697787821292877197e+02
7.746765060424804688e+02
7.796184840202331543e+02
7.845752570629119873e+02
7.896168911457061768e+02
7.946257190704345703e+02
7.995977101325988770e+02
8.046106081008911133e+02
8.097056009769439697e+02
8.146027269363403320e+02
8.194823040962219238e+02
8.244556350708007812e+02
8.294709851741790771e+02
8.344488210678100586e+02
8.395691530704498291e+02
8.446679949760437012e+02
8.497225890159606934e+02
8.546429920196533203e+02
8.595237009525299072e+02
8.645652601718902588e+02
8.696279170513153076e+02
8.746609101295471191e+02
8.797847480773925781e+02
8.849565429687500000e+02
8.900073130130767822e+02
8.949429011344909668e+02
8.999042589664459229e+02
9.049295780658721924e+02
9.100402820110321045e+02
9.151065511703491211e+02
9.200852630138397217e+02
9.251030311584472656e+02
9.302088220119476318e+02
9.351331369876861572e+02
9.400601069927215576e+02
9.450880811214447021e+02
9.501394710540771484e+02
9.552632360458374023e+02
9.601288990974426270e+02
9.652709801197052002e+02
9.702197511196136475e+02
9.751741800308227539e+02
9.801478929519653320e+02
9.851635320186614990e+02
9.904435920715332031e+02
9.954747431278228760e+02
