8.177600010260939190e-01
9.241400014162063359e-01
9.410600004196166823e-01
9.506800035238266444e-01
9.580600025653839280e-01
9.630000053644179880e-01
9.672800066471100022e-01
9.709200066328048662e-01
9.735600094795227033e-01
9.756600087881088790e-01
9.790200089216232193e-01
9.809200111627578433e-01
9.826600106954574976e-01
9.843400104045867405e-01
9.856800101995467633e-01
9.870600103139877124e-01
9.880800079107284750e-01
9.890000089406967287e-01
9.898800083398818783e-01
9.911600080728530937e-01
9.920800069570541169e-01
9.926000068187713632e-01
9.931200062036513732e-01
9.941200053691864325e-01
9.944200052022933445e-01
9.944000052213668450e-01
9.950800046920776909e-01
9.960800037384033301e-01
9.960600037574768306e-01
9.970000028610229714e-01
9.971400027275085787e-01
9.972200026512145765e-01
9.976800022125243972e-01
9.977600021362305061e-01
9.977400021553040066e-01
9.983000016212463246e-01
9.986000013351440385e-01
9.985600013732910396e-01
9.987400012016296458e-01
9.989000010490417525e-01
9.987800011634826447e-01
9.992000007629394664e-01
9.990600008964538592e-01
9.993000006675720748e-01
9.993400006294250737e-01
9.992600007057189648e-01
9.995800004005431783e-01
9.995200004577636799e-01
9.995000004768371804e-01
9.996400003433227877e-01
9.996800003051757866e-01
9.996200003623962882e-01
9.997200002670287855e-01
9.998400001525878933e-01
9.998600001335143928e-01
9.998400001525878933e-01
9.998400001525878933e-01
9.998600001335143928e-01
9.998600001335143928e-01
9.999200000762938911e-01
9.999000000953673917e-01
9.998600001335143928e-01
9.998600001335143928e-01
9.999200000762938911e-01
9.999600000381470011e-01
9.999400000572205016e-01
9.998800001144408922e-01
9.999600000381470011e-01
9.999400000572205016e-01
9.999200000762938911e-01
9.999600000381470011e-01
1.000000000000000000e+00
9.999200000762938911e-01
9.999400000572205016e-01
9.999400000572205016e-01
9.999400000572205016e-01
9.999000000953673917e-01
9.999600000381470011e-01
1.000000000000000000e+00
9.999800000190735005e-01
9.999600000381470011e-01
9.999800000190735005e-01
9.999400000572205016e-01
1.000000000000000000e+00
9.999800000190735005e-01
1.000000000000000000e+00
9.999800000190735005e-01
9.999800000190735005e-01
1.000000000000000000e+00
9.999800000190735005e-01
1.000000000000000000e+00
1.000000000000000000e+00
9.999800000190735005e-01
1.000000000000000000e+00
9.999600000381470011e-01
9.999800000190735005e-01
1.000000000000000000e+00
1.000000000000000000e+00
1.000000000000000000e+00
9.999800000190735005e-01
1.000000000000000000e+00
9.999800000190735005e-01
1.000000000000000000e+00
1.000000000000000000e+00
1.000000000000000000e+00
1.000000000000000000e+00
1.000000000000000000e+00
1.000000000000000000e+00
1.000000000000000000e+00
1.000000000000000000e+00
1.000000000000000000e+00
1.000000000000000000e+00
1.000000000000000000e+00
1.000000000000000000e+00
1.000000000000000000e+00
1.000000000000000000e+00
1.000000000000000000e+00
1.000000000000000000e+00
1.000000000000000000e+00
1.000000000000000000e+00
1.000000000000000000e+00
1.000000000000000000e+00
1.000000000000000000e+00
1.000000000000000000e+00
1.000000000000000000e+00
1.000000000000000000e+00
1.000000000000000000e+00
1.000000000000000000e+00
1.000000000000000000e+00
1.000000000000000000e+00
1.000000000000000000e+00
1.000000000000000000e+00
1.000000000000000000e+00
1.000000000000000000e+00
1.000000000000000000e+00
1.000000000000000000e+00
1.000000000000000000e+00
1.000000000000000000e+00
1.000000000000000000e+00
1.000000000000000000e+00
1.000000000000000000e+00
1.000000000000000000e+00
1.000000000000000000e+00
1.000000000000000000e+00
1.000000000000000000e+00
1.000000000000000000e+00
1.000000000000000000e+00
1.000000000000000000e+00
1.000000000000000000e+00
1.000000000000000000e+00
1.000000000000000000e+00
1.000000000000000000e+00
1.000000000000000000e+00
1.000000000000000000e+00
1.000000000000000000e+00
1.000000000000000000e+00
1.000000000000000000e+00
1.000000000000000000e+00
1.000000000000000000e+00
1.000000000000000000e+00
1.000000000000000000e+00
1.000000000000000000e+00
1.000000000000000000e+00
9.999800000190735005e-01
1.000000000000000000e+00
1.000000000000000000e+00
1.000000000000000000e+00
1.000000000000000000e+00
1.000000000000000000e+00
1.000000000000000000e+00
1.000000000000000000e+00
1.000000000000000000e+00
1.000000000000000000e+00
1.000000000000000000e+00
1.000000000000000000e+00
1.000000000000000000e+00
1.000000000000000000e+00
1.000000000000000000e+00
1.000000000000000000e+00
1.000000000000000000e+00
1.000000000000000000e+00
1.000000000000000000e+00
1.000000000000000000e+00
1.000000000000000000e+00
1.000000000000000000e+00
1.000000000000000000e+00
1.000000000000000000e+00
1.000000000000000000e+00
1.000000000000000000e+00
1.000000000000000000e+00
1.000000000000000000e+00
1.000000000000000000e+00
1.000000000000000000e+00
1.000000000000000000e+00
1.000000000000000000e+00
1.000000000000000000e+00
1.000000000000000000e+00
1.000000000000000000e+00
1.000000000000000000e+00
1.000000000000000000e+00
