1.024747606843710024e+00
2.999780473709106610e-01
2.325001128166913900e-01
1.924959416687488656e-01
1.682085190042853229e-01
1.490569003522396185e-01
1.336185777410864861e-01
1.217635349631309566e-01
1.113197431340813698e-01
1.011825090497732171e-01
9.480816553160548166e-02
8.780623726919292715e-02
8.055239944532513463e-02
7.543378338217734957e-02
7.075417862460017804e-02
6.625919245555997317e-02
6.217546035908162738e-02
5.750469805300235937e-02
5.552638043649494454e-02
5.170554724335670732e-02
4.830112999118864325e-02
4.673750767111778393e-02
4.352752112224698294e-02
4.121775623876601513e-02
3.981105390191078119e-02
3.687356353737413633e-02
3.610242807306349166e-02
3.308154147583991511e-02
3.168275907449424195e-02
3.028403599094599621e-02
2.826302113756537504e-02
2.714509000629186652e-02
2.625955982413142806e-02
2.463314620126038842e-02
2.363453098479658537e-02
2.274672349635511667e-02
2.238091078354045860e-02
2.088375468412414365e-02
2.009055303782224591e-02
1.938366333907470124e-02
1.845631153788417425e-02
1.790712119732052257e-02
1.667593420343473423e-02
1.657075091358274285e-02
1.541238089278340259e-02
1.490240447083488080e-02
1.428030255017802112e-02
1.415248329890891887e-02
1.339187307283282342e-02
1.292996023222804138e-02
1.271590624190866922e-02
1.221399731747806021e-02
1.171152099035680308e-02
1.158054306311532937e-02
1.108362524816766323e-02
1.082777246646583064e-02
9.973922928329556972e-03
1.042737802281044381e-02
9.886471090838313408e-03
9.756820476613938670e-03
9.290923166787251955e-03
9.214006898226215908e-03
8.840959081193432850e-03
8.539070085622369605e-03
8.610554829239844624e-03
7.960803467547520468e-03
8.041792236967012716e-03
7.625452894251793720e-03
7.596898988122120083e-03
7.493406409397721651e-03
7.132566893473267500e-03
7.079691280610859137e-03
7.048851547064259419e-03
6.770020821597427102e-03
6.546257854555733238e-03
6.473507235990836987e-03
6.105561423348262497e-03
6.159009565366432501e-03
5.828996878466568936e-03
5.974530927371234090e-03
5.838048230158165292e-03
5.764565112418494792e-03
5.649625411722808757e-03
5.649377516238019044e-03
5.291101096197963101e-03
5.385284748626872897e-03
5.215554794413037806e-03
5.167367757647298165e-03
5.075425973162055009e-03
4.823929976089857616e-03
4.990921768127009640e-03
4.697641300153918877e-03
4.828912065248005224e-03
4.578890091856010168e-03
4.354714761837385692e-03
4.384621693170629407e-03
4.429098668042570283e-03
4.541983382543549226e-03
4.363678966881707685e-03
4.253497309982776607e-03
4.099562808405608251e-03
4.179179591243155009e-03
3.911782215931453206e-03
3.809476138092577312e-03
3.748234537197277141e-03
3.707688432885333698e-03
3.707540048868395496e-03
3.804919055546634055e-03
3.699630299117416359e-03
3.713978461571969172e-03
3.446024089877027918e-03
3.607770465780049673e-03
3.559932994307018692e-03
3.422833426186116471e-03
3.387549443170428422e-03
3.402631419943645541e-03
3.205149579851422539e-03
3.228682364802807400e-03
3.223573641153052501e-03
3.128281590237747684e-03
2.948060566675849217e-03
3.051343899220227990e-03
3.105963256268296294e-03
3.132988545112311805e-03
2.958413404994644173e-03
2.918206104252021958e-03
2.881076161109376484e-03
2.783307154430076421e-03
2.893941217334940978e-03
2.703724203398451091e-03
2.754151153494604001e-03
2.656209200271405450e-03
2.793845235835760738e-03
2.689379615650978102e-03
2.566467080556321823e-03
2.527671487128827724e-03
2.691419674956705560e-03
2.506433059636037613e-03
2.484447659167926710e-03
2.589826281939167692e-03
2.549945691367611240e-03
2.298401830717921365e-03
2.539617376169189637e-03
2.336571193649433689e-03
2.328054111741949001e-03
2.349509972264058819e-03
2.431554495007730819e-03
2.403542361804284280e-03
2.239139763638377158e-03
2.341999329859390661e-03
2.207562899333424724e-03
2.230062381189782100e-03
2.156120470550376960e-03
2.249285292346030370e-03
2.164106742711737873e-03
1.999998215003870403e-03
2.112119520839769293e-03
2.160685873241163703e-03
2.032846409070771226e-03
1.891144413617439545e-03
2.096690744976513216e-03
1.999453128839377529e-03
1.938392299023689643e-03
2.114428206987213187e-03
1.989125784690258959e-03
1.881843172945082097e-03
1.973004879080690610e-03
1.972833843494299806e-03
1.902489291911479193e-03
1.889656909741461175e-03
1.831398890935815931e-03
1.820220140682067772e-03
1.869470620411448156e-03
1.822471814288292163e-03
1.728454897529445658e-03
1.873030127026140612e-03
1.671839649818139236e-03
1.784288007766008299e-03
1.808706003997940636e-03
1.743886218726402055e-03
1.787935983971692582e-03
1.876930185098899494e-03
1.735464123659767252e-03
1.588511407666374099e-03
1.682764822035096681e-03
1.664152962097432444e-03
1.648419220407959171e-03
1.614742822683183469e-03
1.629786441422766000e-03
1.505808524612803042e-03
1.603069375851191684e-03
1.532438307011034333e-03
1.607596774236299186e-03
1.574654191790614190e-03
1.549197754677152355e-03
1.518139686086215131e-03
1.606728150858543732e-03
1.552752660849364506e-03
1.539579574746312513e-03
1.542374704731628307e-03
