1.025367701679468224e+00
3.012585916668176766e-01
2.315084137171506962e-01
1.937759049236774389e-01
1.685579983219504252e-01
1.497814887538552187e-01
1.345164688527584196e-01
1.222133062183856922e-01
1.120018731728196076e-01
1.020198232457041748e-01
9.426710956916213580e-02
8.743465149775148104e-02
8.069101752713322973e-02
7.648640486411750761e-02
7.040828282758593293e-02
6.656515229493380204e-02
6.242717581614851824e-02
5.854348212666809353e-02
5.546873460896312863e-02
5.198864892683923572e-02
4.934269058704376237e-02
4.634478908404707914e-02
4.345184293203056131e-02
4.153891343809663905e-02
3.964229124970734125e-02
3.720688831713050287e-02
3.542659683432430179e-02
3.415624927822500517e-02
3.204714406840503127e-02
3.020205532759428005e-02
2.859830529242754146e-02
2.764786093402653994e-02
2.626376800984144347e-02
2.519441377557814221e-02
2.386148363072424991e-02
2.313253212533891365e-02
2.164707194454967842e-02
2.070459630526602299e-02
2.044152956455945816e-02
1.939072690205648555e-02
1.856185764027759588e-02
1.773638440947979816e-02
1.698482079943642101e-02
1.563371345167979473e-02
1.524157356377691015e-02
1.523570056725293345e-02
1.493746139155700814e-02
1.438473615981638448e-02
1.363329415908083250e-02
1.312644873093813704e-02
1.248621831554919473e-02
1.204853466851636690e-02
1.192819311935454547e-02
1.140618048002943474e-02
1.122573074512183723e-02
1.036157868779264378e-02
1.048532431689091007e-02
1.027015466848388292e-02
1.011561354645527933e-02
9.818793881684542355e-03
9.387026020558551093e-03
9.430107608204707156e-03
8.702046302845701381e-03
8.420368712628259478e-03
8.460642763413489531e-03
8.188065626425667862e-03
8.166945097967982792e-03
7.619369683321565098e-03
7.873419976094737580e-03
7.442497379845008053e-03
7.383860239293426123e-03
6.980366278206929717e-03
6.889656458282843177e-03
6.718738987809047374e-03
6.734915984561666742e-03
6.684851135592907896e-03
6.409765165532007800e-03
6.293767262133770010e-03
6.113832162925973528e-03
5.904502657474950192e-03
5.972471607499756259e-03
6.029561921139247466e-03
6.056020924355834563e-03
5.606961362762376277e-03
5.779465688508934884e-03
5.253950899466871931e-03
5.365398137015290128e-03
5.020528040826320419e-03
4.916688600787893181e-03
5.094138434389606541e-03
4.778687698417343269e-03
4.834964469424448720e-03
4.821207538014278191e-03
4.741800752002745672e-03
4.545589627465233470e-03
4.430996925802901769e-03
4.345785417361185121e-03
4.118524538003839539e-03
4.225288465153425981e-03
4.282948703505098757e-03
4.061792624765075445e-03
4.022521140519529428e-03
4.067148988018743673e-03
3.909492089063860108e-03
3.974254170432687042e-03
3.697951897629536775e-03
3.721382295829243989e-03
3.517436074209399563e-03
3.613151199650019383e-03
3.881920742802321897e-03
3.499998187471646972e-03
3.470975185919087259e-03
3.380806537054013329e-03
3.579252073890529760e-03
3.438680827384814689e-03
3.225750317680649466e-03
3.238873344263993367e-03
3.260055120801553206e-03
3.221685543889179961e-03
3.052437562786508227e-03
3.233169969229493252e-03
3.330078328901436239e-03
2.816770085482858330e-03
3.056371997692622095e-03
2.953793037973809991e-03
3.008447421656455876e-03
2.930421528581064229e-03
3.100001691549550929e-03
2.912964664399623951e-03
2.751266671577468591e-03
2.666227510082535418e-03
2.763107681472320304e-03
2.765864571614656472e-03
2.734169834759086343e-03
2.718941562576219443e-03
2.537440484738908916e-03
2.632066446822136762e-03
2.458221023553051020e-03
2.527262444375082909e-03
2.558894502639304670e-03
2.341170244500972476e-03
2.452541847422253386e-03
2.466941807302646446e-03
2.513738363748416107e-03
2.369600172620266523e-03
2.526948115671984792e-03
2.381960417202208351e-03
2.422849059978034181e-03
2.263851799827534816e-03
2.088191482529509931e-03
2.303583854052703665e-03
2.150282133952714694e-03
2.175372262136079406e-03
2.188632738922024080e-03
2.155409262748435046e-03
2.113078065391164276e-03
2.102295668446458893e-03
2.190826822770759394e-03
2.087786257266998399e-03
1.920713354193139769e-03
2.207605877250898730e-03
1.907346773543395005e-03
1.999735768127720598e-03
1.925469818175770372e-03
2.024324358557350999e-03
1.974587610224262050e-03
1.985490641498472743e-03
1.872175198281183801e-03
2.009533111762721019e-03
1.966626479435944902e-03
1.893244087928906000e-03
1.785755248158238731e-03
1.969027840736089184e-03
1.874385318835266028e-03
1.782837229024153165e-03
1.974137710407376095e-03
1.832342728972434975e-03
1.784628525550942951e-03
1.756701708538457776e-03
1.731249390257289618e-03
1.744305340223945618e-03
1.751219985075295029e-03
1.726888148579746587e-03
1.706553055555559695e-03
1.624798004602780611e-03
1.611426290008239432e-03
1.586028783116489585e-03
1.576043215114623225e-03
1.602253029122948725e-03
1.599910426535643571e-03
1.643428762326948258e-03
1.601077779545448821e-03
1.642466490215156207e-03
1.517288023766013780e-03
1.524012982670683476e-03
1.533006633282639171e-03
1.588014820794342004e-03
1.573925670236349167e-03
1.445392042980529279e-03
1.464356226497329780e-03
