8.177000008523463981e-01
9.243400033712386721e-01
9.405800023078918493e-01
9.503600022792816349e-01
9.580600037574767969e-01
9.625600066184997194e-01
9.674000066518783081e-01
9.707800080776214369e-01
9.737400095462799277e-01
9.761400098800658842e-01
9.788600116968154685e-01
9.813600116968155262e-01
9.826600117683410573e-01
9.841400097608565822e-01
9.860200101137160944e-01
9.866800092458725135e-01
9.883600093126296837e-01
9.889800088405609202e-01
9.902800083160400169e-01
9.908800081014633720e-01
9.918200070858002038e-01
9.927000067234039715e-01
9.928400064706802697e-01
9.937200058698654193e-01
9.944600052833557635e-01
9.949200046062469660e-01
9.955400040149688934e-01
9.954600042104720936e-01
9.960800036191940210e-01
9.964800033569335413e-01
9.969600028991699725e-01
9.973800024986266832e-01
9.975400023460387899e-01
9.975600023269652894e-01
9.978200020790100044e-01
9.982400016784668262e-01
9.984000015258789329e-01
9.987600011825561452e-01
9.985200014114380407e-01
9.988600010871887536e-01
9.988800010681152530e-01
9.991200008392333576e-01
9.990800008773803587e-01
9.993000006675720748e-01
9.992800006866454643e-01
9.995200004577636799e-01
9.995200004577636799e-01
9.995200004577636799e-01
9.995200004577636799e-01
9.996200003623962882e-01
9.997800002098083949e-01
9.996400003433227877e-01
9.998000001907348944e-01
9.998200001716613938e-01
9.997600002288817844e-01
9.998800001144408922e-01
9.998200001716613938e-01
9.998200001716613938e-01
9.998800001144408922e-01
9.998200001716613938e-01
9.998800001144408922e-01
9.998400001525878933e-01
9.999400000572205016e-01
9.999400000572205016e-01
9.999000000953673917e-01
9.998600001335143928e-01
9.998800001144408922e-01
9.999800000190735005e-01
9.998800001144408922e-01
9.999400000572205016e-01
9.999200000762938911e-01
9.999800000190735005e-01
9.999400000572205016e-01
9.999400000572205016e-01
1.000000000000000000e+00
9.999600000381470011e-01
9.999800000190735005e-01
9.999200000762938911e-01
9.999800000190735005e-01
9.999600000381470011e-01
9.999800000190735005e-01
1.000000000000000000e+00
1.000000000000000000e+00
9.999800000190735005e-01
9.999800000190735005e-01
1.000000000000000000e+00
9.999800000190735005e-01
1.000000000000000000e+00
9.999800000190735005e-01
9.999800000190735005e-01
9.999800000190735005e-01
9.999600000381470011e-01
9.999600000381470011e-01
9.999800000190735005e-01
9.999800000190735005e-01
9.999800000190735005e-01
1.000000000000000000e+00
1.000000000000000000e+00
1.000000000000000000e+00
9.999800000190735005e-01
1.000000000000000000e+00
1.000000000000000000e+00
1.000000000000000000e+00
1.000000000000000000e+00
1.000000000000000000e+00
1.000000000000000000e+00
1.000000000000000000e+00
1.000000000000000000e+00
1.000000000000000000e+00
1.000000000000000000e+00
1.000000000000000000e+00
1.000000000000000000e+00
1.000000000000000000e+00
9.999800000190735005e-01
1.000000000000000000e+00
1.000000000000000000e+00
1.000000000000000000e+00
1.000000000000000000e+00
9.999800000190735005e-01
1.000000000000000000e+00
1.000000000000000000e+00
9.999600000381470011e-01
1.000000000000000000e+00
1.000000000000000000e+00
1.000000000000000000e+00
1.000000000000000000e+00
1.000000000000000000e+00
1.000000000000000000e+00
1.000000000000000000e+00
1.000000000000000000e+00
1.000000000000000000e+00
1.000000000000000000e+00
1.000000000000000000e+00
1.000000000000000000e+00
9.999800000190735005e-01
1.000000000000000000e+00
1.000000000000000000e+00
1.000000000000000000e+00
1.000000000000000000e+00
1.000000000000000000e+00
1.000000000000000000e+00
1.000000000000000000e+00
1.000000000000000000e+00
1.000000000000000000e+00
1.000000000000000000e+00
9.999800000190735005e-01
1.000000000000000000e+00
1.000000000000000000e+00
1.000000000000000000e+00
1.000000000000000000e+00
1.000000000000000000e+00
1.000000000000000000e+00
1.000000000000000000e+00
1.000000000000000000e+00
1.000000000000000000e+00
1.000000000000000000e+00
1.000000000000000000e+00
1.000000000000000000e+00
1.000000000000000000e+00
1.000000000000000000e+00
1.000000000000000000e+00
1.000000000000000000e+00
1.000000000000000000e+00
1.000000000000000000e+00
1.000000000000000000e+00
1.000000000000000000e+00
1.000000000000000000e+00
1.000000000000000000e+00
1.000000000000000000e+00
1.000000000000000000e+00
1.000000000000000000e+00
1.000000000000000000e+00
1.000000000000000000e+00
1.000000000000000000e+00
1.000000000000000000e+00
1.000000000000000000e+00
1.000000000000000000e+00
1.000000000000000000e+00
1.000000000000000000e+00
1.000000000000000000e+00
1.000000000000000000e+00
1.000000000000000000e+00
1.000000000000000000e+00
1.000000000000000000e+00
1.000000000000000000e+00
1.000000000000000000e+00
1.000000000000000000e+00
1.000000000000000000e+00
1.000000000000000000e+00
1.000000000000000000e+00
1.000000000000000000e+00
1.000000000000000000e+00
1.000000000000000000e+00
1.000000000000000000e+00
1.000000000000000000e+00
1.000000000000000000e+00
1.000000000000000000e+00
1.000000000000000000e+00
1.000000000000000000e+00
1.000000000000000000e+00
