5.022071123123168945e+00
9.921072959899902344e+00
1.477905392646789551e+01
1.978169894218444824e+01
2.489902114868164062e+01
2.985372996330261230e+01
3.478401207923889160e+01
3.986109209060668945e+01
4.479613614082336426e+01
4.969426703453063965e+01
5.461474108695983887e+01
5.955899310111999512e+01
6.460161614418029785e+01
6.964656114578247070e+01
7.467052602767944336e+01
7.981818914413452148e+01
8.474816298484802246e+01
8.961776494979858398e+01
9.450908899307250977e+01
9.946892809867858887e+01
1.045028140544891357e+02
1.096786210536956787e+02
1.146796319484710693e+02
1.196552419662475586e+02
1.245532610416412354e+02
1.294567041397094727e+02
1.343521809577941895e+02
1.393154089450836182e+02
1.444226810932159424e+02
1.495461590290069580e+02
1.544500370025634766e+02
1.594721009731292725e+02
1.643719811439514160e+02
1.692058949470520020e+02
1.741130020618438721e+02
1.790809330940246582e+02
1.840778081417083740e+02
1.890318179130554199e+02
1.939749610424041748e+02
1.990122649669647217e+02
2.039497640132904053e+02
2.087936880588531494e+02
2.138655171394348145e+02
2.189526369571685791e+02
2.240110249519348145e+02
2.291062741279602051e+02
2.340550990104675293e+02
2.391654429435729980e+02
2.440788409709930420e+02
2.489078440666198730e+02
2.537694120407104492e+02
2.587679431438446045e+02
2.638283131122589111e+02
2.688254280090332031e+02
2.737916400432586670e+02
2.787991819381713867e+02
2.837054009437561035e+02
2.886502690315246582e+02
2.935902669429779053e+02
2.985900709629058838e+02
3.036747150421142578e+02
3.087056279182434082e+02
3.136315619945526123e+02
3.186538150310516357e+02
3.236811809539794922e+02
3.286138501167297363e+02
3.336440601348876953e+02
3.386553599834442139e+02
3.437259449958801270e+02
3.487330460548400879e+02
3.536253669261932373e+02
3.586898441314697266e+02
3.635598819255828857e+02
3.684621279239654541e+02
3.734169759750366211e+02
3.784636330604553223e+02
3.834307429790496826e+02
3.883990359306335449e+02
3.933696200847625732e+02
3.984403080940246582e+02
4.033607580661773682e+02
4.083544940948486328e+02
4.133076689243316650e+02
4.183028330802917480e+02
4.234394519329071045e+02
4.283910319805145264e+02
4.334368219375610352e+02
4.383575520515441895e+02
4.432489590644836426e+02
4.481354789733886719e+02
4.531634719371795654e+02
4.581615469455718994e+02
4.632209830284118652e+02
4.681669309139251709e+02
4.733135919570922852e+02
4.782003669738769531e+02
4.830671341419219971e+02
4.880519349575042725e+02
4.930272660255432129e+02
4.980693399906158447e+02
5.030361070632934570e+02
5.079924209117889404e+02
5.130486309528350830e+02
5.179667570590972900e+02
5.228642880916595459e+02
5.278689079284667969e+02
5.328390901088714600e+02
5.378886349201202393e+02
5.429157280921936035e+02
5.479064841270446777e+02
5.529842441082000732e+02
5.578901410102844238e+02
5.628101620674133301e+02
5.678459079265594482e+02
5.728908829689025879e+02
5.779664659500122070e+02
5.831723101139068604e+02
5.880641140937805176e+02
5.931425259113311768e+02
5.980175740718841553e+02
6.029309549331665039e+02
6.079038009643554688e+02
6.129480600357055664e+02
6.179538059234619141e+02
6.229780790805816650e+02
6.278623931407928467e+02
6.328169939517974854e+02
6.377105441093444824e+02
6.426170470714569092e+02
6.476321921348571777e+02
6.526577930450439453e+02
6.576735079288482666e+02
6.626125171184539795e+02
6.676237421035766602e+02
6.725588810443878174e+02
6.774770119190216064e+02
6.823774681091308594e+02
6.873685600757598877e+02
6.924030621051788330e+02
6.973862609863281250e+02
7.022970559597015381e+02
7.073071961402893066e+02
7.122590401172637939e+02
7.171257550716400146e+02
7.220538949966430664e+02
7.270222101211547852e+02
7.321491329669952393e+02
7.372816410064697266e+02
7.423681190013885498e+02
7.474880490303039551e+02
7.523782329559326172e+02
7.572645621299743652e+02
7.621628551483154297e+02
7.671281950473785400e+02
7.721820881366729736e+02
7.771403651237487793e+02
7.820242049694061279e+02
7.870750329494476318e+02
7.919780290126800537e+02
7.968358440399169922e+02
8.017446799278259277e+02
8.067689869403839111e+02
8.118258020877838135e+02
8.168186140060424805e+02
8.218218109607696533e+02
8.269294171333312988e+02
8.318706729412078857e+02
8.370091109275817871e+02
8.420101771354675293e+02
8.470398719310760498e+02
8.520915629863739014e+02
8.570381870269775391e+02
8.619396460056304932e+02
8.669645519256591797e+02
8.718226139545440674e+02
8.766765739917755127e+02
8.816204180717468262e+02
8.867012090682983398e+02
8.916766910552978516e+02
8.967337341308593750e+02
9.016191289424896240e+02
9.066842820644378662e+02
9.116755030155181885e+02
9.165928370952606201e+02
9.215169560909271240e+02
9.264909670352935791e+02
9.314644701480865479e+02
9.364375519752502441e+02
9.415374660491943359e+02
9.465407369136810303e+02
9.514116051197052002e+02
9.562877011299133301e+02
9.612230830192565918e+02
9.663591349124908447e+02
9.713221170902252197e+02
9.762810020446777344e+02
9.812470870018005371e+02
9.861616220474243164e+02
9.899815170764923096e+02
9.929715149402618408e+02
