6.959768092632293568e-01
3.822753737568855281e-01
2.780839235186576830e-01
2.174029622673988305e-01
1.786612618267536257e-01
1.508103618919849342e-01
1.301579496115446155e-01
1.104833815172314576e-01
9.714936903864145046e-02
8.438279432803393043e-02
7.707524177432059642e-02
6.843243037164210840e-02
6.134943315759300991e-02
5.603600325435399709e-02
4.963143606111407313e-02
4.586813880503177315e-02
4.220992011949419725e-02
4.014275899529456959e-02
3.570605238899588613e-02
3.379277988150716089e-02
3.108872592821717434e-02
2.916921169497072724e-02
2.763888043724000571e-02
2.513795416243374409e-02
2.447689931839704472e-02
2.342245108820497843e-02
2.151123685576021571e-02
2.099610131047666139e-02
1.922024191915988958e-02
1.881301132589578706e-02
1.793798264116048743e-02
1.675939880870282520e-02
1.649995844066142955e-02
1.599543550238013284e-02
1.528442008234560424e-02
1.438163708522915800e-02
1.407951933331787545e-02
1.350804767478257402e-02
1.333682417497038773e-02
1.272746369894593894e-02
1.241817731130868269e-02
1.185665246937423964e-02
1.134506895393133132e-02
1.139914320502430183e-02
1.067531974799931088e-02
1.055125905573368016e-02
1.044760925136506598e-02
9.953621391206979307e-03
9.688612489961088287e-03
9.531092128716408748e-03
9.199053650721907352e-03
9.138633465394377722e-03
8.851734369061886945e-03
8.601823197677731583e-03
8.432855431921780845e-03
8.151196605525910105e-03
8.085027154535054730e-03
7.890719172544777976e-03
7.764183417893946032e-03
7.611540429294108914e-03
7.408350090496241755e-03
7.245503647252917422e-03
7.172782707028090531e-03
7.028953677974640948e-03
6.800584244076162202e-03
6.782210323959588644e-03
6.520733569748699519e-03
6.579120554495603013e-03
6.326874043792485823e-03
6.261323718354106296e-03
6.026554568205028974e-03
6.086043365765362624e-03
5.885375811718404279e-03
5.863727428484707786e-03
5.699931092094629760e-03
5.682089894544333115e-03
5.551637700293213067e-03
5.489701095502824008e-03
5.359196591190993827e-03
5.396151215769350376e-03
5.177349895238876447e-03
5.138367696199566334e-03
4.999800295569002857e-03
4.991374692413955844e-03
4.797303555998951030e-03
4.894824329297989794e-03
4.810638014227151468e-03
4.725899497978388979e-03
4.640314665157348022e-03
4.645856073591857725e-03
4.569443620741367451e-03
4.554232422728091319e-03
4.573604165110736926e-03
4.293063021264970427e-03
4.405772066675126865e-03
4.287902957294136008e-03
4.280475606210529423e-03
4.181790419854223770e-03
4.067485652398317685e-03
4.107180186081678050e-03
4.008081320207566335e-03
4.004132590722292787e-03
3.919926051516085461e-03
3.923011117149144238e-03
3.819550034124404372e-03
3.782175452914089079e-03
3.742105902638286508e-03
3.697688434738665830e-03
3.669921752996742684e-03
3.660610462073236784e-03
3.661214916966855620e-03
3.551766744349151798e-03
3.533960469998419143e-03
3.491877032443880917e-03
3.390596186509355764e-03
3.443606001790612894e-03
3.368187977001071108e-03
3.409947395557537658e-03
3.357787541812285673e-03
3.395919015398248929e-03
3.274805113440379476e-03
3.230518995551392557e-03
3.194141440559178716e-03
3.150279823457822082e-03
3.124489043606445103e-03
3.107753081247210340e-03
3.100346528925001805e-03
3.070813257480040255e-03
3.069632549304515158e-03
3.007620807271450553e-03
3.044101738138124420e-03
2.923993953969329478e-03
2.915173969464376468e-03
2.888858286663889899e-03
2.883216015063226351e-03
2.846152446232736322e-03
2.802803957834839634e-03
2.847979698562994391e-03
2.817055525025352787e-03
2.775427238782867626e-03
2.728422081796452302e-03
2.693400471005588572e-03
2.651138685876503528e-03
2.671122138388454942e-03
2.661840209737420093e-03
2.643501370679587209e-03
2.596355404239148075e-03
2.599120870931074124e-03
2.597609900869429257e-03
2.579378667287528411e-03
2.521815926302224328e-03
2.518167044036090287e-03
2.483825462171808038e-03
2.510572246508672827e-03
2.461945629911497201e-03
2.457507119746878913e-03
2.454300768673420025e-03
2.433837006799876527e-03
2.394621007842942864e-03
2.346063916571438333e-03
2.360837209504097842e-03
2.334975943202152650e-03
2.346815722761675521e-03
2.297565918182954258e-03
2.287155592814087667e-03
2.287091537378728532e-03
2.264020294416695719e-03
2.253960113972425412e-03
2.247614787658676339e-03
2.193915618350729402e-03
2.176261404762044709e-03
2.180881019681692005e-03
2.160874284105375204e-03
2.205076516373083006e-03
2.100466035073622877e-03
2.140665953978896242e-03
2.107505102409049959e-03
2.046078433748334778e-03
2.080468395259231409e-03
2.099796457216143546e-03
2.071759783662855802e-03
2.051222816575318762e-03
2.037882122909650314e-03
2.043580261059105459e-03
1.973031879169866339e-03
2.029280953109264315e-03
1.985294002806767700e-03
1.988134644459933244e-03
1.968107938533648991e-03
1.985652532428502839e-03
1.926917033037170868e-03
1.935300573706626951e-03
1.927646138239652021e-03
1.937018684810027465e-03
1.905259412713348815e-03
1.865449025994166815e-03
1.875647218897938655e-03
1.863454478094354319e-03
1.882911570137366705e-03
1.824120959499850921e-03
