2.052702182769775341e+00
1.254486552715301517e+00
1.121563788652420124e+00
1.036527182698249838e+00
9.770777922868728593e-01
9.311667686700820790e-01
8.932118568420409632e-01
8.608564841747283758e-01
8.336499606370926241e-01
8.096661810874938858e-01
7.873552877902985081e-01
7.687473927736282464e-01
7.515844103097916173e-01
7.359830589294433789e-01
7.217104233503341959e-01
7.091044120788574379e-01
6.947804598808288157e-01
6.839257997274398315e-01
6.741403026580810032e-01
6.616896309852600133e-01
6.544202475547790110e-01
6.434973850250244043e-01
6.344277871847152639e-01
6.256563869714737436e-01
6.186716760396957504e-01
6.102107300758361497e-01
6.041849585771560394e-01
5.961009734869002763e-01
5.905848535299300650e-01
5.844330722093582509e-01
5.781373039484024590e-01
5.719266297817230393e-01
5.670884286165237542e-01
5.608096203804016078e-01
5.556151523590088237e-01
5.517988162040710076e-01
5.467903691530228150e-01
5.423359293937682901e-01
5.382688921689987582e-01
5.337777662277222168e-01
5.292853854894637999e-01
5.251780639886856061e-01
5.219890329241753113e-01
5.180502009987830725e-01
5.152754575610161147e-01
5.109661016464233096e-01
5.078820873498917088e-01
5.040962944030761284e-01
5.010979009270668527e-01
4.978872781991958707e-01
4.959591557383537519e-01
4.918706266880035205e-01
4.900235961675644125e-01
4.871745623350143273e-01
4.830028559565544000e-01
4.815144804716110505e-01
4.795664584636687988e-01
4.751771599650382871e-01
4.736832971572875750e-01
4.713717730045318688e-01
4.689200502038001761e-01
4.678215828537941046e-01
4.648144396543502643e-01
4.620286822319030762e-01
4.602294481396674852e-01
4.586329913139343128e-01
4.557737061381340049e-01
4.540504147410392988e-01
4.520341600775718560e-01
4.507955219149589743e-01
4.488535484671592468e-01
4.464092566967010622e-01
4.447366485595702912e-01
4.427915686368942283e-01
4.417324985861778019e-01
4.389468547105789265e-01
4.365015653967857512e-01
4.364653039574623028e-01
4.348546406626701555e-01
4.328797718882560486e-01
4.306657385230064361e-01
4.306781311631202591e-01
4.280910535454749977e-01
4.262621480226516657e-01
4.248797464370727694e-01
4.241539848446845840e-01
4.222038972973823356e-01
4.202234274744987563e-01
4.181271899342536846e-01
4.175593129992484775e-01
4.154556239247322313e-01
4.138497583866119212e-01
4.126375769376754987e-01
4.112892757654190157e-01
4.105279582738876609e-01
4.086915502548217893e-01
4.079472498297691541e-01
4.072787508964538783e-01
4.058892638087272520e-01
4.057629837989807364e-01
4.034432895779609951e-01
4.021436010599136468e-01
4.016770707964897325e-01
4.002618055343628023e-01
3.991711696982383484e-01
3.973495346307754361e-01
3.974410457611083913e-01
3.962766785025596539e-01
3.945545769929885704e-01
3.942641382813453776e-01
3.922684020996093923e-01
3.911663675904273885e-01
3.908813569545745992e-01
3.896962869167328036e-01
3.890020942091941825e-01
3.879743757843971408e-01
3.873466552495956616e-01
3.867899609804153482e-01
3.854689915180206095e-01
3.846224666237831324e-01
3.833660953044891184e-01
3.832260006070137281e-01
3.815486992001533295e-01
3.807976682186126616e-01
3.802554383873939514e-01
3.790049293041229395e-01
3.779726976752281198e-01
3.774278647303581091e-01
3.776179670691490187e-01
3.761820761561393556e-01
3.747513965368270972e-01
3.745514148473739757e-01
3.735627307891845605e-01
3.732538147568702502e-01
3.716849629878997696e-01
3.709825343489646654e-01
3.699977252483367951e-01
3.688862465023994286e-01
3.692849596738815299e-01
3.675993378162383807e-01
3.673679696917533932e-01
3.671618577241897441e-01
3.659652279019355858e-01
3.659613118171691770e-01
3.646839258670807049e-01
3.635750325918197801e-01
3.628842412233352910e-01
3.629788408875465611e-01
3.614896630644798270e-01
3.613301108479499701e-01
3.601779049038886793e-01
3.592586280107498142e-01
3.588639787435531359e-01
3.582854794263839460e-01
3.577734807729721078e-01
3.574245966672897068e-01
3.563017901778220975e-01
3.562130137681960851e-01
3.553433156609535071e-01
3.545228711962699619e-01
1.374667739622294826e+00
4.449363379955292075e+00
1.505776287674903902e+00
4.091230972707271540e-01
4.462587472498417140e-01
3.452007380425929917e-01
2.661015118211507713e-01
2.690433601737022284e-01
2.641596618741750557e-01
1.984639080315828419e-01
2.071730829626321768e-01
2.313976568877696982e-01
2.127677579820156095e-01
3.616652239561081172e-01
2.018106240928173034e-01
1.752013421356677925e-01
1.812398473024368351e-01
1.976906541436910525e-01
1.761298333704471586e-01
1.983339534103870372e-01
1.445699290856718999e-01
1.415663985759019750e-01
1.467254119515419009e-01
1.467258350029587710e-01
1.699967191815376366e-01
1.425997165888547857e-01
1.274433519840240392e-01
2.075441463962197364e-01
1.357624141350388391e-01
1.154987480267882366e-01
1.226888368725776723e-01
1.204494711980223648e-01
1.524797507002949581e-01
1.477764970585703774e-01
1.342167492583394017e-01
1.891072036996483685e-01
2.119517438858747604e-01
1.219794256389141046e-01
1.101461801603436513e-01
