3.634160995483398438e+00
7.208513021469116211e+00
1.077212405204772949e+01
1.431384110450744629e+01
1.788131308555603027e+01
2.145623207092285156e+01
2.506683301925659180e+01
2.876342201232910156e+01
3.239206695556640625e+01
3.604771304130554199e+01
3.969606304168701172e+01
4.329439902305603027e+01
4.688943505287170410e+01
5.049503898620605469e+01
5.411373496055603027e+01
5.775906896591186523e+01
6.146973800659179688e+01
6.506468009948730469e+01
6.868200111389160156e+01
7.232791805267333984e+01
7.592659592628479004e+01
7.937556695938110352e+01
8.296097993850708008e+01
8.655421614646911621e+01
9.012608194351196289e+01
9.377304196357727051e+01
9.735410308837890625e+01
1.009808521270751953e+02
1.046245529651641846e+02
1.082869949340820312e+02
1.119007160663604736e+02
1.155312340259552002e+02
1.191345369815826416e+02
1.227803549766540527e+02
1.263776240348815918e+02
1.299639949798583984e+02
1.336345870494842529e+02
1.372271211147308350e+02
1.406164209842681885e+02
1.442456381320953369e+02
1.478412020206451416e+02
1.514097790718078613e+02
1.550352921485900879e+02
1.586859641075134277e+02
1.622453041076660156e+02
1.658381929397583008e+02
1.694334189891815186e+02
1.730666480064392090e+02
1.766391959190368652e+02
1.802381989955902100e+02
1.839057929515838623e+02
1.875287001132965088e+02
1.911549110412597656e+02
1.947884061336517334e+02
1.985387520790100098e+02
2.020948059558868408e+02
2.056580469608306885e+02
2.094058039188385010e+02
2.129809839725494385e+02
2.165270400047302246e+02
2.201425330638885498e+02
2.237207961082458496e+02
2.272905349731445312e+02
2.309056601524353027e+02
2.345455491542816162e+02
2.381443729400634766e+02
2.417350311279296875e+02
2.453948941230773926e+02
2.490021820068359375e+02
2.525927910804748535e+02
2.562300579547882080e+02
2.598148109912872314e+02
2.633088171482086182e+02
2.668401720523834229e+02
2.704885671138763428e+02
2.741375629901885986e+02
2.777187969684600830e+02
2.813295190334320068e+02
2.849553859233856201e+02
2.885671880245208740e+02
2.921680440902709961e+02
2.958118751049041748e+02
2.994746940135955811e+02
3.030682489871978760e+02
3.067004029750823975e+02
3.103486881256103516e+02
3.139753670692443848e+02
3.175612390041351318e+02
3.211911849975585938e+02
3.247791070938110352e+02
3.282631931304931641e+02
3.318818819522857666e+02
3.355031900405883789e+02
3.391356909275054932e+02
3.427509560585021973e+02
3.463490409851074219e+02
3.499333369731903076e+02
3.535388100147247314e+02
3.571532781124114990e+02
3.607725520133972168e+02
3.643775510787963867e+02
3.680153930187225342e+02
3.716009089946746826e+02
3.752926490306854248e+02
3.789058310985565186e+02
3.825290999412536621e+02
3.861044631004333496e+02
3.895267159938812256e+02
3.930947420597076416e+02
3.967281050682067871e+02
4.002851750850677490e+02
4.038689811229705811e+02
4.074805281162261963e+02
4.110924811363220215e+02
4.146475031375885010e+02
4.182489550113677979e+02
4.218757979869842529e+02
4.254522471427917480e+02
4.290611779689788818e+02
4.326625859737396240e+02
6.463444948196411133e+00
1.221927595138549805e+01
1.934613299369812012e+01
2.502945303916931152e+01
3.101103997230529785e+01
3.704108881950378418e+01
4.361337184906005859e+01
4.972927784919738770e+01
5.657489895820617676e+01
6.278438997268676758e+01
6.908064794540405273e+01
7.545565080642700195e+01
8.104475688934326172e+01
8.819601583480834961e+01
9.400364398956298828e+01
1.005793168544769287e+02
1.066710648536682129e+02
1.134231369495391846e+02
1.194514029026031494e+02
1.269432749748229980e+02
1.329777119159698486e+02
1.388441388607025146e+02
1.449690148830413818e+02
1.513392298221588135e+02
1.571723580360412598e+02
1.638085129261016846e+02
1.699991538524627686e+02
1.760617339611053467e+02
1.827496709823608398e+02
1.893489458560943604e+02
1.967833800315856934e+02
2.031058938503265381e+02
2.095410039424896240e+02
2.157101798057556152e+02
2.222183988094329834e+02
2.308418209552764893e+02
2.374342479705810547e+02
2.434425098896026611e+02
2.493886718750000000e+02
2.553479518890380859e+02
2.618383319377899170e+02
2.686109678745269775e+02
2.758530318737030029e+02
2.824693169593811035e+02
2.891453099250793457e+02
2.973230609893798828e+02
3.034724779129028320e+02
3.099477388858795166e+02
3.157662179470062256e+02
3.221832189559936523e+02
3.279025619029998779e+02
3.341775968074798584e+02
3.403230710029602051e+02
3.461171059608459473e+02
3.547698209285736084e+02
3.612281949520111084e+02
3.677263579368591309e+02
3.744555139541625977e+02
3.813790738582611084e+02
3.876587250232696533e+02
3.934829800128936768e+02
3.997139549255371094e+02
4.058795619010925293e+02
4.124649169445037842e+02
4.181086809635162354e+02
4.239856798648834229e+02
4.302874989509582520e+02
4.369268469810485840e+02
4.427435169219970703e+02
4.495595128536224365e+02
4.560739278793334961e+02
4.623994708061218262e+02
4.680506398677825928e+02
4.742992730140686035e+02
4.803435068130493164e+02
4.860641279220581055e+02
4.925763928890228271e+02
4.984874758720397949e+02
5.083149240016937256e+02
5.144514908790588379e+02
