9.626200066804886379e-01
9.861200103759765190e-01
9.916000077724457240e-01
9.942000054121017394e-01
9.958400039672851145e-01
9.965600032806396502e-01
9.974400024414062926e-01
9.978400020599365039e-01
9.982400016784668262e-01
9.987400012016296458e-01
9.988600010871887536e-01
9.991400008201598570e-01
9.993600006103515732e-01
9.994400005340575710e-01
9.995000004768371804e-01
9.995600004196166788e-01
9.995800004005431783e-01
9.996200003623962882e-01
9.996600003242492871e-01
9.997400002479552850e-01
9.997800002098083949e-01
9.998600001335143928e-01
9.998600001335143928e-01
9.998600001335143928e-01
9.999200000762938911e-01
9.999000000953673917e-01
9.999000000953673917e-01
9.999000000953673917e-01
9.999000000953673917e-01
9.999200000762938911e-01
9.999000000953673917e-01
9.999000000953673917e-01
9.999200000762938911e-01
9.999200000762938911e-01
9.999200000762938911e-01
9.999200000762938911e-01
9.999200000762938911e-01
9.999200000762938911e-01
9.999200000762938911e-01
9.999200000762938911e-01
9.999200000762938911e-01
9.999400000572205016e-01
9.999200000762938911e-01
9.999200000762938911e-01
9.999200000762938911e-01
9.999400000572205016e-01
9.999200000762938911e-01
9.999400000572205016e-01
9.999200000762938911e-01
9.999400000572205016e-01
9.999200000762938911e-01
9.999400000572205016e-01
9.999400000572205016e-01
9.999600000381470011e-01
9.999600000381470011e-01
9.999400000572205016e-01
9.999600000381470011e-01
9.999600000381470011e-01
9.999800000190735005e-01
9.999800000190735005e-01
1.000000000000000000e+00
9.999600000381470011e-01
1.000000000000000000e+00
1.000000000000000000e+00
9.999800000190735005e-01
1.000000000000000000e+00
9.999800000190735005e-01
1.000000000000000000e+00
1.000000000000000000e+00
1.000000000000000000e+00
1.000000000000000000e+00
1.000000000000000000e+00
1.000000000000000000e+00
1.000000000000000000e+00
1.000000000000000000e+00
1.000000000000000000e+00
1.000000000000000000e+00
1.000000000000000000e+00
1.000000000000000000e+00
1.000000000000000000e+00
1.000000000000000000e+00
1.000000000000000000e+00
1.000000000000000000e+00
1.000000000000000000e+00
1.000000000000000000e+00
1.000000000000000000e+00
1.000000000000000000e+00
1.000000000000000000e+00
1.000000000000000000e+00
1.000000000000000000e+00
1.000000000000000000e+00
1.000000000000000000e+00
1.000000000000000000e+00
1.000000000000000000e+00
1.000000000000000000e+00
1.000000000000000000e+00
1.000000000000000000e+00
1.000000000000000000e+00
1.000000000000000000e+00
1.000000000000000000e+00
1.000000000000000000e+00
1.000000000000000000e+00
1.000000000000000000e+00
1.000000000000000000e+00
1.000000000000000000e+00
1.000000000000000000e+00
1.000000000000000000e+00
1.000000000000000000e+00
1.000000000000000000e+00
1.000000000000000000e+00
1.000000000000000000e+00
1.000000000000000000e+00
1.000000000000000000e+00
1.000000000000000000e+00
1.000000000000000000e+00
1.000000000000000000e+00
1.000000000000000000e+00
1.000000000000000000e+00
1.000000000000000000e+00
1.000000000000000000e+00
1.000000000000000000e+00
1.000000000000000000e+00
1.000000000000000000e+00
1.000000000000000000e+00
1.000000000000000000e+00
1.000000000000000000e+00
1.000000000000000000e+00
1.000000000000000000e+00
1.000000000000000000e+00
1.000000000000000000e+00
1.000000000000000000e+00
1.000000000000000000e+00
1.000000000000000000e+00
1.000000000000000000e+00
1.000000000000000000e+00
1.000000000000000000e+00
1.000000000000000000e+00
1.000000000000000000e+00
1.000000000000000000e+00
1.000000000000000000e+00
1.000000000000000000e+00
1.000000000000000000e+00
1.000000000000000000e+00
1.000000000000000000e+00
1.000000000000000000e+00
1.000000000000000000e+00
1.000000000000000000e+00
1.000000000000000000e+00
1.000000000000000000e+00
1.000000000000000000e+00
1.000000000000000000e+00
1.000000000000000000e+00
1.000000000000000000e+00
1.000000000000000000e+00
1.000000000000000000e+00
1.000000000000000000e+00
1.000000000000000000e+00
1.000000000000000000e+00
1.000000000000000000e+00
1.000000000000000000e+00
8.431200006008148229e-01
7.542799997925758726e-01
8.614600012302399135e-01
9.203600021600722991e-01
9.144200021028519032e-01
9.262000018358230724e-01
9.413800014257430737e-01
9.406200022697448482e-01
9.435000033378601048e-01
9.584000052213669241e-01
9.569000041484833075e-01
9.529800043106079199e-01
9.556400055885314604e-01
9.380400019884109764e-01
9.596400046348572133e-01
9.644200056791305542e-01
9.653400073051452424e-01
9.614200057983398606e-01
9.662600064277648837e-01
9.647000072002410720e-01
9.732600079774856860e-01
9.733600090742111632e-01
9.731200089454651314e-01
9.726600081920623309e-01
9.700200085639953951e-01
9.745400085449218430e-01
9.768600093126297290e-01
9.598000065088272414e-01
9.762000097036361845e-01
9.797000099420547503e-01
9.785800093412398981e-01
9.787600091695785043e-01
9.716600079536438228e-01
9.722000076770782595e-01
9.778400092124939214e-01
9.715200078487395974e-01
9.765200096368790161e-01
9.823200099468231139e-01
9.817400104999541854e-01
