2.076890682458877535e+00
1.260064510822296091e+00
1.122294559478759668e+00
1.039761029362678446e+00
9.801271041631698377e-01
9.319474589824676691e-01
8.939658246040343981e-01
8.627461335659026842e-01
8.342988348007202015e-01
8.100773249864577918e-01
7.887338246107101769e-01
7.699169952869415745e-01
7.530017455816269134e-01
7.370447999238968206e-01
7.218083571195602621e-01
7.091703666448593291e-01
6.955421122312546167e-01
6.837772074937820133e-01
6.738875464200974053e-01
6.629240328073501276e-01
6.528382120132446564e-01
6.434946904182433647e-01
6.365266873836517014e-01
6.282585167884826571e-01
6.201443037986755780e-01
6.121837601661682671e-01
6.048656350374221891e-01
5.983861358165740718e-01
5.903370761871338246e-01
5.846123552322387562e-01
5.785386595726013104e-01
5.739909539222717294e-01
5.678398138284683760e-01
5.613449516296387110e-01
5.564248178005218870e-01
5.517470182180405081e-01
5.465650935173034242e-01
5.428911062479019334e-01
5.384024469852447536e-01
5.338065875768661650e-01
5.297231088876723781e-01
5.269517219066619518e-01
5.226042997241020505e-01
5.177766314744949305e-01
5.137641403079032942e-01
5.114751521945000157e-01
5.081131044030189337e-01
5.048784276247024749e-01
5.023276903629303458e-01
4.983146396875381412e-01
4.950176302194595479e-01
4.927247731685638343e-01
4.905077752470969887e-01
4.874493091106414933e-01
4.852866091728210707e-01
4.837126392126083196e-01
4.804012622833251922e-01
4.772761877179145795e-01
4.755418987274169784e-01
4.725500634312629900e-01
4.700839450955390797e-01
4.682328614592552452e-01
4.658492598533630624e-01
4.633294555544853477e-01
4.610301554203033447e-01
4.594311949014663887e-01
4.566877906322479030e-01
4.548501358032226438e-01
4.527012417316436665e-01
4.503644145131110998e-01
4.492099249958991791e-01
4.472133845090865978e-01
4.455059405565262032e-01
4.438181610703468283e-01
4.417990416288375966e-01
4.395412099361419855e-01
4.377075591087341566e-01
4.370933560729026723e-01
4.350055315494537611e-01
4.337873085737228296e-01
4.319117228388786311e-01
4.298703503012656912e-01
4.280400079488754228e-01
4.268025872111320673e-01
4.253245766758918522e-01
4.233295701146125856e-01
4.230386671423911893e-01
4.205782817602157775e-01
4.198317695260048166e-01
4.189457382559776399e-01
4.167185498476028704e-01
4.162327049374580645e-01
4.142536818385124109e-01
4.134867099523544254e-01
4.115701254010200594e-01
4.101137325763702379e-01
4.091244007349014167e-01
4.067486516833305199e-01
4.064375667572021622e-01
4.050875369906425383e-01
4.034240503311157244e-01
4.033787313103676109e-01
4.016699208617210415e-01
4.002886282205581625e-01
3.984407398104667930e-01
3.979592752456664884e-01
3.973493258357048141e-01
3.952862067222595033e-01
3.950102727413177250e-01
3.938622872829437016e-01
3.931873540878295659e-01
3.915361267328262285e-01
3.911515138745307874e-01
3.888343569636344976e-01
3.888306462764740123e-01
3.882476041913032749e-01
3.871334072947502092e-01
3.866577486395835761e-01
3.855291720628738483e-01
3.847098028659820534e-01
4.843953413236886441e+00
1.818559166491031664e+00
3.899889994114637548e-01
3.925456208288669591e-01
3.512601763159036716e-01
2.347290740758180561e-01
2.671846451461314942e-01
1.836991522386670073e-01
1.712393156141042705e-01
1.535778969675302419e-01
1.580482018068432859e-01
1.757922925427556071e-01
1.878158722147345583e-01
1.339421404451131836e-01
1.844068021327257278e-01
1.127162939831614502e-01
1.131525314971804641e-01
1.545670892968773746e-01
1.111221261769533147e-01
1.065700393319129885e-01
1.755799394324421836e-01
1.680963600724935669e-01
1.203911736533045812e-01
9.180988209694623814e-02
1.219728819653391888e-01
9.611408255994319250e-02
1.196620671302080219e-01
1.072559614703059161e-01
7.627364975214004361e-02
7.693024672195315772e-02
7.765240344405174855e-02
1.102150331959128315e-01
9.359754705429076949e-02
6.953874772787094205e-02
7.227249833568930026e-02
6.288281884789466425e-02
1.072469437010586252e-01
6.946585424989461244e-02
1.055424876809120116e-01
7.336055713146924506e-02
7.119380502030253632e-02
6.510137125104666078e-02
5.390195852145552441e-02
6.498514926433562877e-02
5.332372021302581033e-02
4.678783734887838330e-02
5.442772370576858670e-02
5.263750347122549827e-02
5.258677285909652693e-02
6.275162044540047446e-02
2.505444514155387714e-01
1.380511019900441116e-01
9.959077578783034901e-02
9.496362299472094204e-02
8.004625997319816944e-02
6.873933444917201818e-02
9.110772252827882556e-02
5.981767879053950104e-02
5.903542737662792472e-02
5.986646068096160983e-02
6.437205066531896669e-02
5.956191230192780378e-02
4.752086534351110392e-02
6.424207866936922084e-02
5.256898783147335302e-02
7.228301186487078034e-02
4.675619003176689076e-02
4.285761450976133258e-02
8.152840445190667751e-02
5.057167267799377725e-02
4.106008490920066978e-02
3.809048708155751001e-02
3.891446546837687426e-02
4.231291059404611310e-02
7.380848564207553864e-02
4.396710627526044524e-02
3.665163442492484769e-02
6.323091810569167470e-02
3.921955688297748543e-02
4.407445592433214404e-02
