2.078416399240493817e+00
1.260136491775512679e+00
1.124565141439437976e+00
1.039495049953460759e+00
9.781386941671371682e-01
9.298403111696242895e-01
8.888398848772048888e-01
8.565925418138503611e-01
8.279108664989471844e-01
8.043973002433776331e-01
7.826442054510116542e-01
7.648075804710388059e-01
7.442959004640579135e-01
7.285124785900115585e-01
7.158096914291381951e-01
7.028839892148971424e-01
6.894092354774474796e-01
6.787312587499618743e-01
6.672460800409316661e-01
6.582315684556960811e-01
6.483815037012100602e-01
6.400830643177032320e-01
6.320472393035888592e-01
6.257978422641754523e-01
6.190857722759246506e-01
6.110184909105300655e-01
6.041790264844894009e-01
5.985218484401703121e-01
5.924146610498428611e-01
5.871144162416458423e-01
5.820576980113982835e-01
5.769397143125534200e-01
5.724544351100921968e-01
5.668157839775085360e-01
5.625969117879867643e-01
5.579570442438125388e-01
5.540841697454452763e-01
5.493334013223648560e-01
5.458460520505905578e-01
5.410146379470824884e-01
5.371847655773163144e-01
5.332453480958938563e-01
5.302943261861801094e-01
5.264096399545669103e-01
5.224695398211479658e-01
5.186899016499519899e-01
5.160806895494460811e-01
5.123879605531692638e-01
5.082705814242363118e-01
5.060846006274223319e-01
5.026058665513992718e-01
4.997005308866500628e-01
4.977869932055473123e-01
4.944846400618553295e-01
4.912512440681457426e-01
4.902571087479591361e-01
4.866773720383644197e-01
4.850443553328513957e-01
4.814294878840446601e-01
4.800334210991859529e-01
4.772863975167274675e-01
4.748521051406860427e-01
4.739797340631484723e-01
4.702119999527931138e-01
4.685483734011650081e-01
4.657970882058143358e-01
4.639595959782600310e-01
4.627516121864319043e-01
4.605152529478073187e-01
4.583647565245628219e-01
4.561743652820587358e-01
4.541813303232192789e-01
4.524402564167976371e-01
4.515238613486289854e-01
4.493947823643684170e-01
4.478981550335884299e-01
4.469587351679801812e-01
4.449072142839431976e-01
4.427487946748733250e-01
4.405629824995994648e-01
2.557725927159190116e-01
2.484785281583666627e+00
7.569320709705352757e-01
3.835613054335117456e-01
4.095330805331468538e-01
2.266920516118407225e-01
1.572264957204461133e-01
3.064104630202054702e-01
1.534747062325477474e-01
1.296209480687975923e-01
1.479111269339919155e-01
1.077552386671304652e-01
1.175562389343976916e-01
1.242424541190266657e-01
1.886025661081075777e-01
1.015459320917725533e-01
1.022298280671238846e-01
7.520746348053217178e-02
9.223870455473660857e-02
7.322157473117113513e-02
8.092341822758317149e-02
6.361208700388669424e-02
8.565667619183658932e-02
6.297800490260124784e-02
6.686885990947484537e-02
5.536141967400908664e-02
6.466194394230842524e-02
6.772049065306783022e-02
5.012396256625652191e-02
7.334453843533993156e-02
6.162898218631744640e-02
4.957574310898781034e-02
4.201193852350115776e-02
1.509969050884246711e-01
1.009574460089206760e-01
1.022404969520866874e-01
6.899698772281408210e-02
6.627129828929900768e-02
6.515474694594740324e-02
8.560217429324984417e-02
6.414972006157040885e-02
5.933640095219015753e-02
4.918665929138660298e-02
4.363807692006230199e-02
4.595960348099470405e-02
4.090296968817710987e-02
1.392373211421072399e-01
8.604571143165230807e-02
6.883544817566872309e-02
1.093678916841745313e-01
1.082148792743682919e-01
8.287094872072339746e-02
5.515579252690076817e-02
4.811174754798412667e-02
9.211461022123694498e-02
8.168780031055211666e-02
4.063061493188142581e-01
2.190659396201372067e-01
1.195307375118136450e-01
9.663811581581831234e-02
7.540706329047680567e-02
9.097484038770198289e-02
1.742927272319793608e-01
8.079035329073668004e-02
7.157431087270378633e-02
6.363488067314028440e-02
7.771272043883800662e-02
5.822194153815508227e-02
5.198549797385931120e-02
4.342458846792578847e-02
4.745497479289770282e-02
5.853419426456094032e-02
4.508235173672437562e-02
4.239298890903592243e-02
4.548128082975744918e-02
4.249408936873078080e-02
3.739689152315259224e-02
3.711744106188416548e-02
6.371034534648060965e-02
3.961465803533792407e-02
4.538516798242926698e-02
9.783549309521913373e-02
1.730739306211471484e-01
1.181696502119302800e-01
1.588436165973544090e-01
7.156399738043546510e-02
7.424819357693195065e-02
1.393471622802317234e-01
6.928591892123221740e-02
4.987189003452658503e-02
4.099448984861373685e-02
6.440473749861121144e-02
4.908949234709143739e-02
6.511978083848952992e-02
4.777680963650345752e-02
3.968894456699490619e-02
4.792373595014214754e-02
4.495232924818992615e-02
4.745763095840811741e-02
3.902909760922193549e-02
7.822699317336082037e-02
5.475854600593448029e-02
4.535561349615454402e-02
3.814915372058749060e-02
5.164671916514634864e-02
4.173579460009932407e-02
3.834999446198344292e-02
3.911399914324283772e-02
3.701563915237784247e-02
5.697028871625661739e-02
4.139116180315613458e-02
3.236790133640170264e-02
3.141137285903096432e-02
2.924425003305077680e-02
3.514802287518978274e-02
2.985639209300279540e-02
2.768447593972087062e-02
3.473269777372479244e-02
3.673705136030912255e-02
3.039071531966328760e-02
