3.823334217071533203e+00
7.572260141372680664e+00
1.155119800567626953e+01
1.536252212524414062e+01
2.020902299880981445e+01
2.591039919853210449e+01
3.202224206924438477e+01
3.807689905166625977e+01
4.424382019042968750e+01
5.032019400596618652e+01
5.637145519256591797e+01
6.256284403800964355e+01
6.886109519004821777e+01
7.510778713226318359e+01
8.137876820564270020e+01
8.758980607986450195e+01
9.388216805458068848e+01
9.995579218864440918e+01
1.062175810337066650e+02
1.123996930122375488e+02
1.185794332027435303e+02
1.246985921859741211e+02
1.309133450984954834e+02
1.370776841640472412e+02
1.432981460094451904e+02
1.494435491561889648e+02
1.556920101642608643e+02
1.617498760223388672e+02
1.678417870998382568e+02
1.737831730842590332e+02
1.799587922096252441e+02
1.861105551719665527e+02
1.922753891944885254e+02
1.984199240207672119e+02
2.045454981327056885e+02
2.108705310821533203e+02
2.170386312007904053e+02
2.233424041271209717e+02
2.294247300624847412e+02
2.354527411460876465e+02
2.416008532047271729e+02
2.478283622264862061e+02
2.540574200153350830e+02
2.600610611438751221e+02
2.662158060073852539e+02
2.722353031635284424e+02
2.784212632179260254e+02
2.846393032073974609e+02
2.908000950813293457e+02
2.969883701801300049e+02
3.031449282169342041e+02
3.093598141670227051e+02
3.155381171703338623e+02
3.216617290973663330e+02
3.278633661270141602e+02
3.341986420154571533e+02
3.403769841194152832e+02
3.465496251583099365e+02
3.529109861850738525e+02
3.590595190525054932e+02
3.652721900939941406e+02
3.714904150962829590e+02
3.777245202064514160e+02
3.840126621723175049e+02
3.902830920219421387e+02
3.965564851760864258e+02
4.027880911827087402e+02
4.090794041156768799e+02
4.154086310863494873e+02
4.215702490806579590e+02
4.276618540287017822e+02
4.338522951602935791e+02
4.400945110321044922e+02
4.463317160606384277e+02
4.525797750949859619e+02
4.587998180389404297e+02
4.650129301548004150e+02
4.712076590061187744e+02
4.775630111694335938e+02
4.836380791664123535e+02
4.899138422012329102e+02
4.961683211326599121e+02
5.023224530220031738e+02
5.084240400791168213e+02
5.146803441047668457e+02
5.209585041999816895e+02
5.272419381141662598e+02
5.334115560054779053e+02
5.395477790832519531e+02
5.458753449916839600e+02
5.521246061325073242e+02
5.582495150566101074e+02
5.644308450222015381e+02
5.706489810943603516e+02
5.767906591892242432e+02
5.828982510566711426e+02
5.891511011123657227e+02
5.954859421253204346e+02
6.017003099918365479e+02
6.078774931430816650e+02
6.140786440372467041e+02
6.202218391895294189e+02
6.265173940658569336e+02
6.327307701110839844e+02
6.389337351322174072e+02
6.450297470092773438e+02
6.512078270912170410e+02
6.574403870105743408e+02
6.636870961189270020e+02
6.697545440196990967e+02
6.760383141040802002e+02
6.823422291278839111e+02
6.886959872245788574e+02
6.949576950073242188e+02
7.013247539997100830e+02
7.075765221118927002e+02
7.138571162223815918e+02
7.202736320495605469e+02
7.265301270484924316e+02
7.325236270427703857e+02
7.387206900119781494e+02
7.449580411911010742e+02
7.511013131141662598e+02
7.572702310085296631e+02
7.635691561698913574e+02
7.698144090175628662e+02
7.760779860019683838e+02
7.822779750823974609e+02
7.885149021148681641e+02
7.947927620410919189e+02
8.009980351924896240e+02
8.072287561893463135e+02
8.133863141536712646e+02
8.196154501438140869e+02
8.258476960659027100e+02
8.320080990791320801e+02
8.381814460754394531e+02
8.443272190093994141e+02
8.505852081775665283e+02
8.567808871269226074e+02
8.629856681823730469e+02
8.691699991226196289e+02
8.753519630432128906e+02
8.815374882221221924e+02
8.877004871368408203e+02
8.939202120304107666e+02
9.001720809936523438e+02
9.063061940670013428e+02
9.124302730560302734e+02
9.185579102039337158e+02
9.248201131820678711e+02
9.309490911960601807e+02
9.371478040218353271e+02
9.434465169906616211e+02
9.496136920452117920e+02
9.557790651321411133e+02
9.619603281021118164e+02
9.680577800273895264e+02
9.742657392024993896e+02
9.804738562107086182e+02
9.866091771125793457e+02
9.928420231342315674e+02
9.990807611942291260e+02
1.005116861104965210e+03
1.011291939020156860e+03
1.017477341175079346e+03
1.023592319011688232e+03
1.029711803197860718e+03
1.035817098140716553e+03
1.041973573207855225e+03
1.048133483171463013e+03
1.054313298225402832e+03
1.060525240182876587e+03
1.066654908180236816e+03
1.072750050067901611e+03
1.078931362152099609e+03
1.085110146999359131e+03
1.091339447021484375e+03
1.097412078142166138e+03
1.103583658218383789e+03
1.109715245008468628e+03
1.115925215005874634e+03
1.122119621038436890e+03
1.128223524093627930e+03
1.134398843050003052e+03
1.140542745113372803e+03
1.146587449073791504e+03
1.152729983091354370e+03
1.158872208118438721e+03
1.164959454059600830e+03
1.171022244215011597e+03
1.177320880174636841e+03
1.183524456024169922e+03
1.189697774171829224e+03
1.196040146112442017e+03
1.202013123035430908e+03
1.207406108140945435e+03
1.212761923074722290e+03
1.218201310157775879e+03
1.223457823038101196e+03
