8.173695802688598633e+00
1.647146296501159668e+01
2.426177787780761719e+01
3.343237185478210449e+01
4.124003291130065918e+01
4.957358694076538086e+01
5.805832982063293457e+01
6.718180394172668457e+01
7.500117778778076172e+01
8.321125578880310059e+01
9.130841183662414551e+01
9.985471987724304199e+01
1.086975538730621338e+02
1.170104098320007324e+02
1.255478758811950684e+02
1.336315829753875732e+02
1.415051238536834717e+02
1.504231050014495850e+02
1.591977047920227051e+02
1.677301549911499023e+02
1.763832139968872070e+02
1.848646948337554932e+02
1.930612909793853760e+02
2.014716398715972900e+02
2.098209698200225830e+02
2.183220918178558350e+02
2.258953948020935059e+02
2.347701559066772461e+02
2.425267558097839355e+02
2.503674168586730957e+02
2.596405577659606934e+02
2.688072547912597656e+02
2.770116949081420898e+02
2.863021709918975830e+02
2.951322178840637207e+02
3.044768009185791016e+02
3.141168348789215088e+02
3.222731468677520752e+02
3.307445108890533447e+02
