3.260931015014648438e+00
6.495280027389526367e+00
9.593907117843627930e+00
1.285364317893981934e+01
1.612568902969360352e+01
1.940003013610839844e+01
2.268119096755981445e+01
2.594754505157470703e+01
2.927824902534484863e+01
3.253153109550476074e+01
3.576715302467346191e+01
3.903156304359436035e+01
4.227819204330444336e+01
4.555019211769104004e+01
4.880002808570861816e+01
5.208110117912292480e+01
5.535125517845153809e+01
5.863262820243835449e+01
6.185464119911193848e+01
6.501763200759887695e+01
6.820091199874877930e+01
7.139926910400390625e+01
7.465616703033447266e+01
7.791483211517333984e+01
8.117238306999206543e+01
8.440121698379516602e+01
8.765493917465209961e+01
9.092007303237915039e+01
9.418247199058532715e+01
9.745797705650329590e+01
1.007298040390014648e+02
1.040227491855621338e+02
1.072917339801788330e+02
1.105478739738464355e+02
1.138283700942993164e+02
1.170799140930175781e+02
1.203481490612030029e+02
1.236322569847106934e+02
1.268207581043243408e+02
1.299509201049804688e+02
1.331971681118011475e+02
1.364588789939880371e+02
1.397230610847473145e+02
1.429891421794891357e+02
1.462554831504821777e+02
1.495087361335754395e+02
1.527659471035003662e+02
1.560480961799621582e+02
1.593251550197601318e+02
1.625818431377410889e+02
1.658780481815338135e+02
1.691845691204071045e+02
1.724619371891021729e+02
1.757139160633087158e+02
1.789502840042114258e+02
1.822000181674957275e+02
1.854804360866546631e+02
1.886138010025024414e+02
1.919201040267944336e+02
1.951911540031433105e+02
1.984571180343627930e+02
2.017605671882629395e+02
2.050448820590972900e+02
2.082956600189208984e+02
2.115519330501556396e+02
2.148289151191711426e+02
2.181280181407928467e+02
2.214003291130065918e+02
2.246577951908111572e+02
2.279331610202789307e+02
2.311983430385589600e+02
2.345168020725250244e+02
2.377653529644012451e+02
2.410510749816894531e+02
2.442373399734497070e+02
2.474847509860992432e+02
2.506955020427703857e+02
2.539552350044250488e+02
2.572103910446166992e+02
2.604526791572570801e+02
2.637519409656524658e+02
2.670338251590728760e+02
2.702940270900726318e+02
2.735517671108245850e+02
2.768146741390228271e+02
2.800905580520629883e+02
2.833382821083068848e+02
2.865966119766235352e+02
2.898619689941406250e+02
2.931355071067810059e+02
2.964203560352325439e+02
2.996737689971923828e+02
3.029741191864013672e+02
3.062011430263519287e+02
3.094161081314086914e+02
3.126278240680694580e+02
3.159255981445312500e+02
3.194107141494750977e+02
3.226968390941619873e+02
3.259659461975097656e+02
3.292179300785064697e+02
3.324719209671020508e+02
3.357355720996856689e+02
3.390218491554260254e+02
3.422760510444641113e+02
3.455308120250701904e+02
3.488212120532989502e+02
3.520998990535736084e+02
3.553621971607208252e+02
3.586503231525421143e+02
3.619086780548095703e+02
3.651512789726257324e+02
3.682819011211395264e+02
3.715412771701812744e+02
3.748367640972137451e+02
3.780903000831604004e+02
3.813496940135955811e+02
3.846223130226135254e+02
3.878660900592803955e+02
3.911345391273498535e+02
3.943989601135253906e+02
3.976767961978912354e+02
4.009216291904449463e+02
4.041934030055999756e+02
4.074539830684661865e+02
4.106960270404815674e+02
4.139458231925964355e+02
4.171872901916503906e+02
4.204826760292053223e+02
4.237506170272827148e+02
4.271690440177917480e+02
4.306357970237731934e+02
4.344632430076599121e+02
4.393553969860076904e+02
4.441786191463470459e+02
4.490193691253662109e+02
4.538764021396636963e+02
4.586533451080322266e+02
4.635031909942626953e+02
4.683422009944915771e+02
4.731574540138244629e+02
4.779865760803222656e+02
4.827705080509185791e+02
4.876293370723724365e+02
4.925063571929931641e+02
4.973976211547851562e+02
5.022736821174621582e+02
5.072146899700164795e+02
5.121036419868469238e+02
5.170027639865875244e+02
5.219063160419464111e+02
5.267279021739959717e+02
5.316153800487518311e+02
5.364923660755157471e+02
5.413483490943908691e+02
5.462511570453643799e+02
5.510310289859771729e+02
5.558390200138092041e+02
5.606786279678344727e+02
5.656082191467285156e+02
