1.939445925643667546e-03
1.941082686185836891e-03
1.940849951002746737e-03
1.939902578946202903e-03
1.938832398271188090e-03
1.941133259329944939e-03
1.940260400297120179e-03
1.940074218204245003e-03
1.936945466790348375e-03
1.937155896797776314e-03
1.937250704504549486e-03
1.935924060177057890e-03
1.936650657793506994e-03
1.938108166912570589e-03
1.937264587031677348e-03
1.939559815917164115e-03
1.939601049525663300e-03
1.935909879626706307e-03
1.934200360672548320e-03
1.933171575888991463e-03
1.933113336563110256e-03
1.932552239857613947e-03
1.934405213221907513e-03
1.934390880167484277e-03
1.933015315793454704e-03
1.933555231662467200e-03
1.932532273000106288e-03
1.932132181478664378e-03
1.931413004640489912e-03
1.929996693274006140e-03
1.929179875412955934e-03
1.932112876558676274e-03
1.931639319285750368e-03
1.930835922481492122e-03
1.931203919928520989e-03
1.929043887881562187e-03
1.928084713174030079e-03
1.929891411913558803e-03
1.928365169325843521e-03
