1.206000000000000000e+03
2.435000000000000000e+03
3.569000000000000000e+03
4.993000000000000000e+03
6.142000000000000000e+03
7.371000000000000000e+03
8.653000000000000000e+03
1.007700000000000000e+04
1.122600000000000000e+04
1.245500000000000000e+04
1.364000000000000000e+04
1.495200000000000000e+04
1.633500000000000000e+04
1.758900000000000000e+04
1.887100000000000000e+04
2.007700000000000000e+04
2.121100000000000000e+04
2.259400000000000000e+04
2.394000000000000000e+04
2.528600000000000000e+04
2.659800000000000000e+04
2.788000000000000000e+04
2.908600000000000000e+04
3.034000000000000000e+04
3.159400000000000000e+04
3.287600000000000000e+04
3.398300000000000000e+04
3.532900000000000000e+04
3.647800000000000000e+04
3.761200000000000000e+04
3.908100000000000000e+04
4.050500000000000000e+04
4.171100000000000000e+04
4.318000000000000000e+04
4.452600000000000000e+04
4.599500000000000000e+04
4.751300000000000000e+04
4.871900000000000000e+04
5.000100000000000000e+04
