4.976142883300781250e+00
1.000770783424377441e+01
1.489970088005065918e+01
1.980028986930847168e+01
2.469066286087036133e+01
2.956477904319763184e+01
3.451381587982177734e+01
3.932460784912109375e+01
4.421160197257995605e+01
4.914936399459838867e+01
5.418326497077941895e+01
5.918083405494689941e+01
6.412599301338195801e+01
6.896371698379516602e+01
7.387440395355224609e+01
7.875247788429260254e+01
8.374475097656250000e+01
8.864499688148498535e+01
9.362456083297729492e+01
9.864700102806091309e+01
1.035045590400695801e+02
1.083189969062805176e+02
1.132943868637084961e+02
1.182172980308532715e+02
1.230951218605041504e+02
1.279430308341979980e+02
1.328013179302215576e+02
1.376956419944763184e+02
1.426676208972930908e+02
1.476608798503875732e+02
1.526308069229125977e+02
1.575718560218811035e+02
1.626174888610839844e+02
1.673717038631439209e+02
1.722693879604339600e+02
1.771250829696655273e+02
1.821670649051666260e+02
1.871028599739074707e+02
1.919852550029754639e+02
1.968146359920501709e+02
2.048593270778656006e+02
2.131520359516143799e+02
2.214994568824768066e+02
2.293476469516754150e+02
2.387600040435791016e+02
2.465075139999389648e+02
2.552368659973144531e+02
2.640685050487518311e+02
2.734873840808868408e+02
2.825575120449066162e+02
2.912456550598144531e+02
2.994548099040985107e+02
3.090359480381011963e+02
3.176437518596649170e+02
3.256164710521697998e+02
3.339782400131225586e+02
3.421118018627166748e+02
3.544002308845520020e+02
3.630630359649658203e+02
3.711121749877929688e+02
3.815459909439086914e+02
3.896616768836975098e+02
3.994538688659667969e+02
4.119179899692535400e+02
4.207047860622406006e+02
4.288902359008789062e+02
4.374977550506591797e+02
4.463567969799041748e+02
4.552053110599517822e+02
4.652823078632354736e+02
4.733072409629821777e+02
4.836776759624481201e+02
4.925091779232025146e+02
5.007514128684997559e+02
5.099265930652618408e+02
5.197116038799285889e+02
5.273539299964904785e+02
5.358541710376739502e+02
5.431370918750762939e+02
5.510898749828338623e+02
5.587814939022064209e+02
5.667403550148010254e+02
5.750646669864654541e+02
5.838058838844299316e+02
5.936731429100036621e+02
6.021370649337768555e+02
6.102546870708465576e+02
6.181961290836334229e+02
6.261066000461578369e+02
6.343989329338073730e+02
6.428671319484710693e+02
6.520798919200897217e+02
6.613414778709411621e+02
6.699272620677947998e+02
6.789170548915863037e+02
6.877287979125976562e+02
6.965853719711303711e+02
7.066592900753021240e+02
7.162653100490570068e+02
7.253001439571380615e+02
7.344448380470275879e+02
7.429508879184722900e+02
7.519305670261383057e+02
7.601203470230102539e+02
7.687031250000000000e+02
7.766068880558013916e+02
7.854581170082092285e+02
7.936490080356597900e+02
8.034830739498138428e+02
8.119398338794708252e+02
8.203599350452423096e+02
8.287819218635559082e+02
8.389370269775390625e+02
8.477634739875793457e+02
8.558768119812011719e+02
8.637071409225463867e+02
8.733093810081481934e+02
8.821704390048980713e+02
8.915537490844726562e+02
9.005847680568695068e+02
9.087391190528869629e+02
9.179178559780120850e+02
9.272288570404052734e+02
9.371921820640563965e+02
9.463246140480041504e+02
9.555483369827270508e+02
9.652975590229034424e+02
9.754761910438537598e+02
9.849123139381408691e+02
9.930842039585113525e+02
1.000769433975219727e+03
1.009476402044296265e+03
1.018133324861526489e+03
1.026961191892623901e+03
1.034963379859924316e+03
1.043301672935485840e+03
1.051904490947723389e+03
1.059972275018692017e+03
1.067947186946868896e+03
1.077002197980880737e+03
1.085401215076446533e+03
1.093887261867523193e+03
1.102180541992187500e+03
1.111967088937759399e+03
1.120754473924636841e+03
1.128902009963989258e+03
1.136907135009765625e+03
1.145234405040740967e+03
1.154304962873458862e+03
1.162722353935241699e+03
1.172992657899856567e+03
1.180791702985763550e+03
1.189482485055923462e+03
1.199364580869674683e+03
1.207602644920349121e+03
1.216888261079788208e+03
1.225162010908126831e+03
1.233153259992599487e+03
1.242377474069595337e+03
1.250465586900711060e+03
1.259075644016265869e+03
1.268403553009033203e+03
1.277874127864837646e+03
1.286016502857208252e+03
1.295278203010559082e+03
1.303114377021789551e+03
1.311447259902954102e+03
1.320474227905273438e+03
1.330626227855682373e+03
1.338812033891677856e+03
1.348187058925628662e+03
1.356743680953979492e+03
1.364814461946487427e+03
1.373983800888061523e+03
1.382520289897918701e+03
1.390742595911026001e+03
1.398842828989028931e+03
1.406886810064315796e+03
1.415524385929107666e+03
1.424965630054473877e+03
1.433198776006698608e+03
1.442619359970092773e+03
1.451505706071853638e+03
1.459615275859832764e+03
1.468094666957855225e+03
1.477411624908447266e+03
1.485719984054565430e+03
1.495024092912673950e+03
1.502502552986145020e+03
1.512100009918212891e+03
1.520333508968353271e+03
1.529783935070037842e+03
1.538114605903625488e+03
1.546232429027557373e+03
1.556333323955535889e+03
1.564277456998825073e+03
1.573483954906463623e+03
1.582249319076538086e+03
1.594257199048995972e+03
1.603005680084228516e+03
