9.000286053866148051e-02
3.011206950619816844e-02
1.903885537758469651e-02
1.400632836669683454e-02
1.129174708947539366e-02
9.539591366425155886e-03
8.408725052140653480e-03
7.705242821946740005e-03
7.137557480484247110e-03
6.777270676568150631e-03
6.461325698532163937e-03
6.264772762544452978e-03
6.049579728394746669e-03
5.923587696626782424e-03
5.839092720299959155e-03
5.705500095151364720e-03
5.615234847180545531e-03
5.534248190000653524e-03
5.460939801298082298e-03
5.377725883387029192e-03
5.327623946592211814e-03
5.222084417939185964e-03
5.184780129231512588e-03
5.124351391568780084e-03
5.102477634325623505e-03
5.016067713499069644e-03
4.930294663645327057e-03
4.855688138864934673e-03
4.809028769843280184e-03
4.779130931943655416e-03
4.714380715973675098e-03
4.676452750340104499e-03
4.666296808980405567e-03
4.545476821251213419e-03
4.589276446029543800e-03
4.494982591830194024e-03
4.453610952943563676e-03
4.404381622560322486e-03
4.375707737170159498e-03
4.358205618336797108e-03
4.285446826368569974e-03
4.227670272812246964e-03
4.201065374538302637e-03
4.192302927374839429e-03
4.134346740320324690e-03
4.094319498632103399e-03
4.062895430717617350e-03
4.054731328506022518e-03
4.031763247214257585e-03
3.972674616146833031e-03
3.943374177441000619e-03
3.901439394336193942e-03
3.881902702618390127e-03
3.881009034812450600e-03
3.817905081436037944e-03
3.805145659483969399e-03
3.767288983799517259e-03
3.747179944999515927e-03
3.716914597898721834e-03
3.677423445042222669e-03
3.640345796942710734e-03
3.642163149546831860e-03
3.620612595230340760e-03
3.583892637863755285e-03
3.585918005555868270e-03
3.532859967555850716e-03
3.496894145384431014e-03
3.489485174417495707e-03
3.470979278441518445e-03
3.441539064515382156e-03
3.421126108150929213e-03
3.395752577111125093e-03
3.386268150061369150e-03
3.356490175239741722e-03
3.357290926389396371e-03
3.314602070488035807e-03
3.270926335360854927e-03
3.272305287886410983e-03
3.273710305336862986e-03
3.252450251020491331e-03
3.232366447336971690e-03
3.217126806732267200e-03
3.178153515327721869e-03
3.162233968265354585e-03
3.150734499562531619e-03
3.150848842691629948e-03
3.133915788494050572e-03
3.113024203572422200e-03
3.076489943079650357e-03
3.069664533250033699e-03
3.058098785113543168e-03
3.030659836251288486e-03
3.017272810917347690e-03
3.017968481406569335e-03
2.990209836512804087e-03
2.985979950055480184e-03
2.950510276481509066e-03
2.959998377133160781e-03
2.936835512518882856e-03
2.930537400301545803e-03
2.920735351275652487e-03
2.894860523287206937e-03
2.885817104484885744e-03
2.859983405098319009e-03
2.858419211581349293e-03
2.845938261598348566e-03
2.835393166169524175e-03
2.807398288976400980e-03
2.785629837308079178e-03
2.806541039608419046e-03
2.790835516527295085e-03
2.768665574956685142e-03
2.758880336303263896e-03
2.742820505984127407e-03
2.745538205839693439e-03
2.720728353131562569e-03
2.698575669899582787e-03
2.694067178294062750e-03
2.688318171072751322e-03
2.672628256957978142e-03
2.549853066448122107e-03
2.549138423521071783e-03
2.548771548084914716e-03
2.547785873524844799e-03
2.545760669279843562e-03
2.547051401343196787e-03
2.547569740097969850e-03
2.547628741245716848e-03
2.547011156566440868e-03
2.544658744242042116e-03
2.542044133879244310e-03
2.542010733392089609e-03
2.544341834727674879e-03
2.541172081138938846e-03
2.540425453800708184e-03
2.539275456219911367e-03
2.542116374243050692e-03
2.540118811186402835e-03
2.536956675816327313e-03
2.539433521684259388e-03
2.539424193557351765e-03
2.535624308045953540e-03
2.534753208514302879e-03
2.535062725655734539e-03
2.535553465597331375e-03
2.533965567126870207e-03
2.536183021031319929e-03
2.535789796616881933e-03
2.532273074146360308e-03
2.531540653202682574e-03
2.533147090580314433e-03
2.530773923732340235e-03
2.530916327144950694e-03
2.528343367390334471e-03
2.528176877647638193e-03
2.530417682603001549e-03
2.527542842552065686e-03
2.525244393385946921e-03
2.525706759188324144e-03
2.524379003327339912e-03
2.522359425667673478e-03
2.524617699906230028e-03
2.524009570479393127e-03
2.525296268053352743e-03
2.525485016871243608e-03
2.521610074676573169e-03
2.521658963523804985e-03
2.522041716612875416e-03
2.524998450651764689e-03
2.522656387183815248e-03
2.519157087430357825e-03
2.519074410665780514e-03
2.519811682403087436e-03
2.518428245559334658e-03
2.517045943997800374e-03
2.514951626770198321e-03
2.527639483567327167e-03
2.524900308344513178e-03
2.521646187175065161e-03
2.515192702412605372e-03
2.514891813974827646e-03
2.515791149809956401e-03
2.516841582022607323e-03
2.515456354245543605e-03
2.513971194159239728e-03
2.511325855739414675e-03
2.510190244764089456e-03
2.509445062372833365e-03
2.508399019017815666e-03
2.514281361363828338e-03
2.508714861702174021e-03
2.505104842595755939e-03
2.505457402672618770e-03
2.504503519274294508e-03
2.503640893846750207e-03
2.503614972345530841e-03
2.504380994476378044e-03
2.503468329552561034e-03
2.501146580092609029e-03
2.500709611922502518e-03
