4.874629020690917969e+00
9.832719087600708008e+00
1.486385703086853027e+01
1.975085210800170898e+01
2.472071909904479980e+01
2.963334321975708008e+01
3.453831005096435547e+01
3.935267210006713867e+01
4.427244305610656738e+01
4.917261099815368652e+01
5.415285611152648926e+01
5.897146415710449219e+01
6.385961604118347168e+01
6.874525117874145508e+01
7.372592210769653320e+01
7.867965722084045410e+01
8.361943817138671875e+01
8.850200319290161133e+01
9.353304719924926758e+01
9.845080804824829102e+01
1.033480501174926758e+02
1.083601050376892090e+02
1.132678930759429932e+02
1.181374490261077881e+02
1.231462900638580322e+02
1.280708131790161133e+02
1.329752001762390137e+02
1.378557140827178955e+02
1.428590230941772461e+02
1.477108211517333984e+02
1.525919940471649170e+02
1.576233680248260498e+02
1.626105380058288574e+02
1.674791960716247559e+02
1.724582140445709229e+02
1.773814940452575684e+02
1.822913780212402344e+02
1.871710250377655029e+02
1.921829590797424316e+02
1.971302011013031006e+02
2.021253840923309326e+02
2.070519502162933350e+02
2.120353610515594482e+02
2.169695742130279541e+02
2.218875980377197266e+02
2.267895021438598633e+02
2.316784801483154297e+02
2.365386960506439209e+02
2.404899430274963379e+02
2.438069200515747070e+02
2.471476759910583496e+02
2.504629881381988525e+02
2.537402000427246094e+02
2.570685060024261475e+02
2.603366432189941406e+02
2.636439011096954346e+02
2.669549441337585449e+02
2.702588012218475342e+02
2.735386610031127930e+02
2.768449470996856689e+02
2.801400680541992188e+02
2.834238231182098389e+02
2.867018880844116211e+02
2.899926772117614746e+02
2.932760090827941895e+02
2.965558991432189941e+02
2.996830430030822754e+02
3.029799990653991699e+02
3.062697231769561768e+02
3.095686321258544922e+02
3.128412580490112305e+02
3.161232140064239502e+02
3.194173350334167480e+02
3.226980240345001221e+02
3.259989600181579590e+02
3.292785241603851318e+02
3.325782530307769775e+02
3.358873391151428223e+02
3.391844980716705322e+02
3.424660351276397705e+02
3.457177231311798096e+02
3.489975571632385254e+02
3.522632501125335693e+02
3.554718551635742188e+02
3.587212200164794922e+02
3.619343080520629883e+02
3.652079241275787354e+02
3.684724540710449219e+02
3.717607982158660889e+02
3.750408670902252197e+02
3.783169660568237305e+02
3.816085970401763916e+02
3.848751401901245117e+02
3.881702830791473389e+02
3.914414610862731934e+02
3.946920142173767090e+02
3.979891262054443359e+02
4.012409880161285400e+02
4.045239341259002686e+02
4.078020651340484619e+02
4.110720779895782471e+02
4.143429431915283203e+02
4.175676951408386230e+02
4.207367231845855713e+02
4.239685671329498291e+02
4.272388610839843750e+02
4.305124011039733887e+02
4.338112571239471436e+02
4.370737111568450928e+02
4.403666851520538330e+02
4.436477100849151611e+02
4.469351692199707031e+02
4.502291951179504395e+02
4.535011241436004639e+02
4.568464071750640869e+02
4.601662900447845459e+02
4.634363880157470703e+02
4.666980640888214111e+02
4.699932200908660889e+02
4.732975590229034424e+02
4.787812972068786621e+02
4.849322772026062012e+02
4.905041332244873047e+02
4.959041161537170410e+02
5.016438112258911133e+02
5.074009492397308350e+02
5.129549331665039062e+02
5.185305242538452148e+02
5.245680980682373047e+02
5.310644211769104004e+02
5.363031940460205078e+02
5.417123601436614990e+02
5.479944851398468018e+02
5.534434092044830322e+02
5.591097221374511719e+02
5.647341680526733398e+02
5.701070611476898193e+02
5.760101861953735352e+02
5.819447882175445557e+02
5.874825470447540283e+02
5.943070962429046631e+02
5.995840821266174316e+02
6.059687602519989014e+02
6.121078400611877441e+02
6.176733191013336182e+02
6.234784331321716309e+02
6.288949360847473145e+02
6.345416312217712402e+02
6.404026451110839844e+02
6.461035780906677246e+02
6.533723011016845703e+02
6.589436051845550537e+02
6.652071020603179932e+02
6.710253031253814697e+02
6.775632371902465820e+02
6.835126430988311768e+02
6.887061262130737305e+02
6.950822560787200928e+02
7.006023280620574951e+02
7.067195792198181152e+02
7.127383260726928711e+02
7.184815180301666260e+02
7.247694802284240723e+02
7.304829452037811279e+02
7.356057162284851074e+02
7.414102852344512939e+02
7.469286911487579346e+02
7.523813290596008301e+02
7.583911440372467041e+02
7.643210320472717285e+02
7.695542192459106445e+02
7.746281590461730957e+02
7.804628932476043701e+02
7.863495640754699707e+02
7.931377511024475098e+02
7.986164121627807617e+02
8.043899111747741699e+02
8.102291262149810791e+02
8.157002601623535156e+02
8.212195100784301758e+02
8.267148342132568359e+02
8.329379441738128662e+02
8.389172492027282715e+02
8.447522141933441162e+02
8.520944230556488037e+02
8.582937591075897217e+02
8.639461030960083008e+02
8.693118650913238525e+02
8.746875822544097900e+02
8.807451531887054443e+02
8.867219390869140625e+02
8.918543782234191895e+02
8.984613401889801025e+02
9.040572850704193115e+02
9.096160130500793457e+02
9.149513721466064453e+02
9.205848681926727295e+02
9.266352441310882568e+02
9.326258201599121094e+02
9.382025160789489746e+02
