7.684763619303702775e-02
2.226888147369027182e-02
1.475543921068310678e-02
1.136109133251011344e-02
9.457625325769186686e-03
8.187451818026601422e-03
7.408584819175303288e-03
6.800697209313511481e-03
6.455625252798199466e-03
6.136478893458843266e-03
5.874484077095985107e-03
5.728489890694618558e-03
5.514368698932230195e-03
5.445001095533370805e-03
5.256369495764374317e-03
5.190932131372391796e-03
5.046113660559058481e-03
4.964773517102003160e-03
4.884854758158326156e-03
4.811436189338564456e-03
4.696012741886078888e-03
4.662080465815961194e-03
4.595195574685931490e-03
4.523529187776148021e-03
4.477019495330750859e-03
4.358946230262518082e-03
4.320880299434066117e-03
4.280662138015031877e-03
4.249882831238210174e-03
4.195954289287328470e-03
4.112953966483473903e-03
4.065883828327059892e-03
4.029851116240024643e-03
4.005019675474614030e-03
3.904427805449813427e-03
3.899417743552476175e-03
3.844046843238174867e-03
3.801317130681127181e-03
3.777874855790287235e-03
3.728007351979613186e-03
3.522219475824386013e-03
3.525726562831550757e-03
3.518893610686063718e-03
3.517157557886094014e-03
3.518017135560512487e-03
3.520731320139020796e-03
3.513118648901581743e-03
3.515029246918857132e-03
3.515690431464463684e-03
3.509707305114716409e-03
3.505725575145334037e-03
3.512671419885009336e-03
3.505542458966374401e-03
3.502475332468747964e-03
3.502007687464356398e-03
3.500540568493306585e-03
3.498512167017906946e-03
3.497179673984646738e-03
3.495461048558354440e-03
3.490905371028930112e-03
3.492589820176362960e-03
3.491773676127195563e-03
3.488886171951889863e-03
3.488026740029454356e-03
3.489873338490724706e-03
3.485939525999128766e-03
3.492632757406681932e-03
3.488089220598340149e-03
3.485900116618722601e-03
3.480404008645564175e-03
3.480163562577217977e-03
3.476818694267421773e-03
3.481383720412850255e-03
3.478292674757540223e-03
3.482045477256179040e-03
3.478846458718180476e-03
3.480996626429259683e-03
3.476358796469867195e-03
3.525720611680298842e-03
3.493661600165069020e-03
3.479546533897519105e-03
3.471231994684785462e-03
3.464940777979790953e-03
3.464231707621365924e-03
3.462737970519810804e-03
3.458968894090503655e-03
3.457450065296143425e-03
3.455858687870204393e-03
3.459955575875937883e-03
3.467919968999922265e-03
3.456927944906056007e-03
3.454823274165391873e-03
3.451112736016511730e-03
3.449745357502251916e-03
3.446587894111871869e-03
3.443036771379411314e-03
3.447667674627155100e-03
3.446437160950153924e-03
3.441737494897097530e-03
3.440333358943462472e-03
3.437119827140122652e-03
3.433057088404893858e-03
3.438101063948124838e-03
3.432899867650121561e-03
3.436378764454275404e-03
3.437689369544386694e-03
3.433520456776023057e-03
3.433942490722984107e-03
3.431744459550827540e-03
3.427506740670650982e-03
3.430689013097435250e-03
3.427259678952395815e-03
3.430442913435399494e-03
3.426815940998494559e-03
3.426418271847069246e-03
3.424677662085741803e-03
3.424566899426281265e-03
3.420731294900178701e-03
3.418827078770846333e-03
3.417836893349885871e-03
3.418354108463972797e-03
3.411320211831480112e-03
3.408228740561753539e-03
3.410610835999250412e-03
3.411365275736898128e-03
3.420858074910938709e-03
3.410789321642368997e-03
3.404064948204904833e-03
3.404003942385315680e-03
3.402171171270310709e-03
3.399427275173365869e-03
3.403078966774046588e-03
3.400074393488466528e-03
3.397049171384424089e-03
3.395844110287725860e-03
3.393028583377599890e-03
3.393876633141189748e-03
3.390780222136527411e-03
3.392731525469571460e-03
3.391052734106779140e-03
3.390843236818909690e-03
3.390901830978691658e-03
3.385514087043702599e-03
3.385268471203744297e-03
3.383665059693157645e-03
3.377400547731667767e-03
3.378721289802342608e-03
3.382572370581329001e-03
3.382255566306412164e-03
3.379677485674619647e-03
3.382888288702815688e-03
3.376368382945656773e-03
3.373229872900992531e-03
3.370206561870872902e-03
3.371112744789570622e-03
3.372887629549950559e-03
3.365320149809121909e-03
3.373364238068461435e-03
3.367747533600777207e-03
3.363708073273301031e-03
3.361126491334289097e-03
3.359293159097432886e-03
3.357782103586942103e-03
3.358997046481817812e-03
3.360489237587898931e-03
3.360159010626375797e-03
3.356204963289201228e-03
3.353077554143965404e-03
3.353406216949224392e-03
3.355017826892435669e-03
3.354935079813003724e-03
3.352812118362635384e-03
3.347631821874529155e-03
3.344287081155926204e-03
3.343613990582525782e-03
3.342846541665494588e-03
3.346557189244776971e-03
3.341729157604277165e-03
3.338607009965926468e-03
3.335207631811499575e-03
3.337718609720468493e-03
3.338705398142337646e-03
3.334009542129934018e-03
3.333230937831103968e-03
3.336048569995909725e-03
3.331247229594737173e-03
3.328105473890900518e-03
3.330982598476111677e-03
3.337324385996908067e-03
3.330853135790675951e-03
3.324981966987252281e-03
3.324353065807372515e-03
3.325348235201090481e-03
3.329160467721521948e-03
3.324357892386615131e-03
3.318419192917644936e-03
3.315185033716261560e-03
3.318856562487780982e-03
3.316282937303185411e-03
3.313109057024121382e-03
