7.440329081565141833e-02
2.371761463955044877e-02
1.540563882142305385e-02
1.162144327722489795e-02
9.552230268716812786e-03
8.319507097825407788e-03
7.530688716098666267e-03
6.886042081750929147e-03
6.519267300143838199e-03
6.271215600892901532e-03
5.977217364124954094e-03
5.763953587040304867e-03
5.645056699402630287e-03
5.484392646700144217e-03
5.383447966538369711e-03
5.263535973615944552e-03
5.198601844720542389e-03
5.085730008780956109e-03
5.031515303067862765e-03
4.918266832828521555e-03
4.880051599815487910e-03
4.786093274131417163e-03
4.663193101994693446e-03
4.641663014888763698e-03
4.581978783942759238e-03
4.513657155446708369e-03
4.473894678056240456e-03
4.441400528885424033e-03
4.309496542438864992e-03
4.299604742787778607e-03
4.247917046770453321e-03
4.208582687191665325e-03
4.144636849872767800e-03
4.114361719228327476e-03
4.058165078051388132e-03
4.013546774629503551e-03
3.974763200618326719e-03
3.932910920120775977e-03
3.871213390957564150e-03
3.841380589641630802e-03
3.807037910912186053e-03
3.770836744923144503e-03
3.738723811693489552e-03
3.694028789177536930e-03
3.669814491178840198e-03
3.640683074947446713e-03
3.592371347825974205e-03
3.582123043946921614e-03
3.558681043330580180e-03
3.511918901465833128e-03
3.512421418447047358e-03
3.449759297538548646e-03
3.421000971458852159e-03
3.402254958171397649e-03
3.383475606329738958e-03
3.350776793900877085e-03
3.328209871426224525e-03
3.286865692585706593e-03
3.272120831999927610e-03
3.219411306083202334e-03
3.217664115130901194e-03
3.190390784759074543e-03
3.169254530686885316e-03
3.150432438123971016e-03
3.142285760026424912e-03
3.097467747516930315e-03
3.075044485274702234e-03
3.088061912450939476e-03
3.038195833098143468e-03
3.022158510982990345e-03
3.023420711513608635e-03
2.993292378261685257e-03
2.963072306942194506e-03
2.963198170997202296e-03
2.923592528793960907e-03
2.912491939496249151e-03
2.889956603758037004e-03
2.892247744835913133e-03
2.856574801728129376e-03
2.852855016943067236e-03
2.820004254113882801e-03
2.813443921506404710e-03
2.800092625431716518e-03
2.784637896809727137e-03
2.776095865294337175e-03
2.769929149653762440e-03
2.737595854327082821e-03
2.727971291169524297e-03
2.700014698319137037e-03
2.698299780953675349e-03
2.677140901796519565e-03
2.655743466224521569e-03
2.676412674132734419e-03
2.637842735741287390e-03
2.622118958272039949e-03
2.602778225671499752e-03
2.592213857918977942e-03
2.597571653779595906e-03
2.575142451096325974e-03
2.567242686171084757e-03
2.552204492501914442e-03
2.539825257845222933e-03
2.520406092517077975e-03
2.520043788012116953e-03
2.491958375088870400e-03
2.481767715420574085e-03
2.470188059378415277e-03
2.453407188877463480e-03
2.462896606419235582e-03
2.458110096398740882e-03
2.428504100535064814e-03
2.416879487223923349e-03
2.411122737918049066e-03
2.393448789604008323e-03
2.416418674401938846e-03
2.372694635298103032e-03
2.381686083506792673e-03
2.362397573888301919e-03
2.345597791485488307e-03
2.338715032674372214e-03
2.336076145991683017e-03
2.314815876539796490e-03
2.312791721429675786e-03
2.304257042706012865e-03
2.302561677061021241e-03
2.296786913648247649e-03
2.290344593115150890e-03
2.281884063500911209e-03
2.256485883612185505e-03
2.261372564360499514e-03
2.235823191702365851e-03
2.224762978497892441e-03
2.228494320530444335e-03
2.221186673734336977e-03
2.210949792526662166e-03
2.206988018937408938e-03
2.194237564690411108e-03
2.195327758789062354e-03
2.171602573711425063e-03
2.173637290485203131e-03
2.146156218368559972e-03
2.142414635978639147e-03
2.142193978186696709e-03
2.138183494564145810e-03
2.132344529964029685e-03
2.138202058151364437e-03
2.111814995296299423e-03
2.111576775554567607e-03
2.097359340172261048e-03
2.079585797153413271e-03
2.100459207780659265e-03
2.082607938442379136e-03
2.079029372893274018e-03
2.066065108403563645e-03
2.064441692549735200e-03
2.047111898194998308e-03
2.045164192095398972e-03
2.032392988912761194e-03
2.045423510484397581e-03
2.024475055281072661e-03
1.939445925643667546e-03
1.941082686185836891e-03
1.940849951002746737e-03
1.939902578946202903e-03
1.938832398271188090e-03
1.941133259329944939e-03
1.940260400297120179e-03
1.940074218204245003e-03
1.936945466790348375e-03
1.937155896797776314e-03
1.937250704504549486e-03
1.935924060177057890e-03
1.936650657793506994e-03
1.938108166912570589e-03
1.937264587031677348e-03
1.939559815917164115e-03
1.939601049525663300e-03
1.935909879626706307e-03
1.934200360672548320e-03
1.933171575888991463e-03
1.933113336563110256e-03
1.932552239857613947e-03
1.934405213221907513e-03
1.934390880167484277e-03
1.933015315793454704e-03
1.933555231662467200e-03
1.932532273000106288e-03
1.932132181478664378e-03
1.931413004640489912e-03
1.929996693274006140e-03
1.929179875412955934e-03
1.932112876558676274e-03
1.931639319285750368e-03
1.930835922481492122e-03
1.931203919928520989e-03
1.929043887881562187e-03
1.928084713174030079e-03
1.929891411913558803e-03
1.928365169325843521e-03
