8.641516114771366497e-02
2.705607851222157495e-02
1.775392335467040547e-02
1.356379956565797323e-02
1.109570427983999283e-02
9.502096503973007230e-03
8.317280236631632503e-03
7.583352953195571754e-03
7.050686787813902241e-03
6.589326823130250109e-03
6.299667764455080081e-03
6.095436567440629290e-03
5.904898513108491898e-03
5.732921125367283592e-03
5.618328320793807874e-03
5.545651896856725570e-03
5.397806297056376677e-03
5.293181397020816498e-03
5.172871431335807242e-03
5.121844572946429412e-03
5.081894190981984562e-03
4.939555320888757393e-03
4.914798568002879710e-03
4.845455506816506545e-03
4.772347766906022762e-03
4.753820860758423486e-03
4.654141421429812582e-03
4.614737961441278853e-03
4.533701793290674693e-03
4.519899204373359347e-03
4.449487242847681434e-03
4.382502204738557630e-03
4.354462514631450218e-03
4.298039035871625141e-03
4.247165831737220558e-03
4.226981121115386264e-03
4.185554699972272169e-03
4.145422372967004672e-03
4.074284303933382000e-03
4.054542646743357175e-03
4.023558216635137776e-03
3.989048877265304049e-03
3.947020767722278847e-03
3.882965831086039338e-03
3.871871502138674211e-03
3.829040269367397012e-03
3.821481366176158242e-03
3.752800429705530419e-03
3.726236251182853988e-03
3.708597627002745839e-03
3.659581596497446347e-03
3.645672737620770862e-03
3.606909600086510154e-03
3.584135625977069237e-03
3.578367752023041328e-03
3.516775788273662252e-03
3.504553921055048732e-03
3.481576357502490400e-03
3.467260032426565993e-03
3.437703600618988425e-03
3.404444205109029981e-03
3.377517440821975296e-03
3.369089252781122881e-03
3.337453634478151649e-03
3.311777262017130772e-03
3.311154023278504738e-03
3.272381072863936226e-03
3.270448318682611134e-03
3.233862499706447336e-03
3.210794826503843118e-03
3.199775866232812231e-03
3.167611690703779626e-03
3.145650045014917844e-03
3.132573835551738951e-03
3.113223848864436240e-03
3.097449388355016497e-03
3.074751947075128524e-03
3.039421792142093289e-03
3.051215400919318060e-03
3.020204250700771632e-03
2.866556566674262341e-03
2.870472420472651703e-03
2.869148534256964807e-03
2.869244426488876294e-03
2.865913488436490353e-03
2.864529162179678748e-03
2.859676199033856468e-03
2.856627854052931278e-03
2.854473038110882238e-03
2.857186927460134140e-03
2.860088154207914880e-03
2.862575067207217237e-03
2.856431754771620191e-03
2.859390947036445207e-03
2.858439125120639922e-03
2.857282837852835773e-03
2.852717046625912172e-03
2.848376503679901292e-03
2.849299260415136953e-03
2.849057018291205248e-03
2.849435373209416918e-03
2.850382010452449499e-03
2.850506551098078677e-03
2.848797763697803048e-03
2.848234414588660113e-03
2.846742866095155425e-03
2.860052110627293431e-03
2.849004767835140121e-03
2.846869544126093277e-03
2.843522873707115574e-03
2.840833129826933132e-03
2.839340136852115237e-03
2.841959478333592592e-03
2.838489319663494923e-03
2.837518710643052895e-03
2.837952267844229791e-03
2.836738806683570310e-03
2.837777347769588395e-03
2.837360817473381664e-03
2.835632131900638238e-03
2.834614250343293028e-03
2.832630353048443822e-03
2.832997850608080792e-03
2.834596600849181598e-03
2.830372732598334697e-03
2.839404944796115274e-03
2.833875576965510980e-03
2.836096737999469018e-03
2.830274560023099319e-03
2.838027884252369588e-03
2.829582973849028519e-03
2.824396224692463705e-03
2.822666786611080243e-03
2.835340447723865356e-03
2.828530077356844995e-03
2.823388132732361586e-03
2.818589128088206091e-03
2.816796127706766052e-03
2.817333522718399805e-03
2.821510234382003553e-03
2.817624771501868811e-03
2.815152383409440500e-03
2.817701580468565288e-03
2.815429488662630261e-03
2.812440137378871552e-03
2.811603288166225015e-03
2.813896328210830668e-03
2.815199987031519451e-03
2.813639468979090529e-03
2.811011155135929689e-03
2.813480077311396581e-03
2.808627314399927705e-03
2.811196759808808499e-03
2.807413543574512147e-03
2.814936545211821958e-03
2.809603809844702510e-03
2.802801311947405137e-03
2.802356503903865887e-03
2.802284922450781063e-03
2.800209733657538919e-03
2.801696420181542559e-03
2.798926169518381295e-03
2.798091670963913282e-03
2.797437032684683793e-03
2.795627633575349918e-03
2.795201715081930063e-03
2.800575682893395504e-03
2.796422796323895510e-03
2.795603498350828723e-03
2.800701888278126894e-03
2.799633719492703853e-03
2.793776198755949618e-03
2.790754565037786850e-03
2.790390830487012724e-03
2.789851474575698494e-03
2.789886832237243632e-03
2.789273990783840487e-03
2.789101755712181194e-03
2.787300947122275940e-03
2.791596980299800457e-03
2.787110195029527011e-03
2.785462706815451488e-03
2.785988751798868044e-03
2.784975734073668902e-03
2.783893412910402008e-03
2.787118612322956115e-03
2.781981033273041217e-03
2.779246641788631761e-03
2.779753212817013402e-03
2.779409701004624186e-03
2.783560228999704209e-03
2.779560551512986252e-03
2.775353630539029778e-03
2.775662378873676277e-03
2.777620093896984981e-03
2.784970498178154438e-03
2.775250243954360558e-03
2.770246984902769230e-03
2.768129912205040486e-03
2.768934958148747648e-03
