5.048740148544311523e+00
9.980028152465820312e+00
1.495174717903137207e+01
2.001299715042114258e+01
2.503885698318481445e+01
3.000694108009338379e+01
3.500174498558044434e+01
4.009271597862243652e+01
4.509326219558715820e+01
5.018948698043823242e+01
5.518423914909362793e+01
6.018717598915100098e+01
6.528879308700561523e+01
7.034125304222106934e+01
7.522361803054809570e+01
8.023709416389465332e+01
8.524427914619445801e+01
9.016883802413940430e+01
9.524752712249755859e+01
1.002560491561889648e+02
1.051578781604766846e+02
1.101367220878601074e+02
1.151022009849548340e+02
1.200688490867614746e+02
1.250588750839233398e+02
1.300676631927490234e+02
1.349913551807403564e+02
1.400166761875152588e+02
1.449463181495666504e+02
1.499091250896453857e+02
1.549097211360931396e+02
1.599317140579223633e+02
1.649729039669036865e+02
1.699212059974670410e+02
1.749279730319976807e+02
1.799251401424407959e+02
1.848559181690216064e+02
1.898755600452423096e+02
1.948769230842590332e+02
1.998505821228027344e+02
2.047111120223999023e+02
2.096258180141448975e+02
2.147953171730041504e+02
2.197384240627288818e+02
2.247318601608276367e+02
2.297001981735229492e+02
2.347814030647277832e+02
2.398585360050201416e+02
2.449383840560913086e+02
2.499425191879272461e+02
2.549643399715423584e+02
2.599206831455230713e+02
2.649254121780395508e+02
2.698866770267486572e+02
2.748984091281890869e+02
2.798639841079711914e+02
2.848690960407257080e+02
2.898874561786651611e+02
2.949625020027160645e+02
3.000269620418548584e+02
3.049336500167846680e+02
3.099121601581573486e+02
3.149501750469207764e+02
3.199619719982147217e+02
3.249762330055236816e+02
3.299905941486358643e+02
3.349690570831298828e+02
3.399134840965270996e+02
3.450013871192932129e+02
3.500284211635589600e+02
3.549750571250915527e+02
3.600237371921539307e+02
3.650992159843444824e+02
3.700275881290435791e+02
3.750275859832763672e+02
3.800990221500396729e+02
3.852220921516418457e+02
3.903355951309204102e+02
3.954204130172729492e+02
4.003772740364074707e+02
4.086313080787658691e+02
4.173750441074371338e+02
4.257813780307769775e+02
4.357101089954376221e+02
4.436813449859619141e+02
4.521730279922485352e+02
4.606545290946960449e+02
4.693501870632171631e+02
4.805051901340484619e+02
4.892340760231018066e+02
4.974754121303558350e+02
5.068949069976806641e+02
5.150977189540863037e+02
5.237005090713500977e+02
5.315898981094360352e+02
5.404418671131134033e+02
5.483437750339508057e+02
5.566837849617004395e+02
5.649603040218353271e+02
5.734408190250396729e+02
5.829339001178741455e+02
5.925317840576171875e+02
6.011329419612884521e+02
6.113206291198730469e+02
6.205756549835205078e+02
6.291024069786071777e+02
6.383757829666137695e+02
6.474649770259857178e+02
6.567974519729614258e+02
6.656663060188293457e+02
6.749571220874786377e+02
6.835285551548004150e+02
6.927953729629516602e+02
7.030429990291595459e+02
7.122667431831359863e+02
7.215784161090850830e+02
7.300604009628295898e+02
7.389442470073699951e+02
7.476838581562042236e+02
7.559922220706939697e+02
7.641390130519866943e+02
7.730267131328582764e+02
7.812498040199279785e+02
7.895724229812622070e+02
7.982929301261901855e+02
8.076725029945373535e+02
8.167520780563354492e+02
8.250512390136718750e+02
8.334386310577392578e+02
8.425580401420593262e+02
8.513593411445617676e+02
8.613920891284942627e+02
8.695458920001983643e+02
8.788445770740509033e+02
8.873512911796569824e+02
8.950106830596923828e+02
9.029619071483612061e+02
9.113713810443878174e+02
9.199777381420135498e+02
9.282441580295562744e+02
9.364026980400085449e+02
9.441873681545257568e+02
9.523366630077362061e+02
9.612112290859222412e+02
9.715354671478271484e+02
9.799230561256408691e+02
9.885589799880981445e+02
9.971822271347045898e+02
1.007336815118789673e+03
1.015876427173614502e+03
1.026882920026779175e+03
1.035993926048278809e+03
1.044417659997940063e+03
1.052958834171295166e+03
1.062064062118530273e+03
1.072775166034698486e+03
1.080685877084732056e+03
1.089074733972549438e+03
1.097994569063186646e+03
1.106132483959197998e+03
1.117037456989288330e+03
1.125037588119506836e+03
1.134624227046966553e+03
1.142640266180038452e+03
1.151485430002212524e+03
1.159908075094223022e+03
1.168557585954666138e+03
1.176709565162658691e+03
1.185613584041595459e+03
1.195916381120681763e+03
1.203954648017883301e+03
1.213682814121246338e+03
1.222247455120086670e+03
1.231299725055694580e+03
1.240139403104782104e+03
1.249071138143539429e+03
1.259168074131011963e+03
1.267694555997848511e+03
1.276674155950546265e+03
1.284744045972824097e+03
1.292692152976989746e+03
1.301616461992263794e+03
1.309455260992050171e+03
1.318066466093063354e+03
1.325913665056228638e+03
1.334086836099624634e+03
1.341927211046218872e+03
1.350126167058944702e+03
1.359132471084594727e+03
1.367263780117034912e+03
1.375272331953048706e+03
1.384598114967346191e+03
1.393731235980987549e+03
1.401894804954528809e+03
1.410393686056137085e+03
1.420222650051116943e+03
1.430761551141738892e+03
1.439813513994216919e+03
1.447947486162185669e+03
1.456650932073593140e+03
