1.264897322869082130e-01
1.941058125901555520e-02
1.282765229447520652e-02
1.029949565362743222e-02
8.416526028325406819e-03
7.377409747368049962e-03
6.665543726506986850e-03
6.274918830643377854e-03
5.871289340527352865e-03
5.471497230808547267e-03
5.218333354851960662e-03
4.909861669187171561e-03
4.749563148224229814e-03
4.671026917705513141e-03
4.346090498274710924e-03
4.391986721567106046e-03
4.095662191166937229e-03
4.023379773909916725e-03
3.802344020283076036e-03
3.633115729476869664e-03
3.632670079047581584e-03
3.569004268694307442e-03
3.322373735750825275e-03
3.378597315817056645e-03
3.447469674088923883e-03
3.214639507734303424e-03
3.607991033570876610e-03
3.133025523542272688e-03
3.038943152757405796e-03
3.063248592254300042e-03
2.953332991470526692e-03
2.956472034184642883e-03
2.904806086664491350e-03
2.831115437859897579e-03
2.803643915312330898e-03
3.173201000230965480e-03
2.715900335832441108e-03
2.713744404322899519e-03
2.695301129116227899e-03
2.620598968912064754e-03
2.663272730622767096e-03
2.855867488090530447e-03
2.534506182387454270e-03
2.479623713828959294e-03
2.529207067091511930e-03
2.468379556257918779e-03
2.404919061916831625e-03
2.578308277077964381e-03
2.514529799368236257e-03
3.292743267633630420e-03
3.280697608213659511e-03
2.653575325935487832e-03
2.327579902003695019e-03
2.384724653253846808e-03
2.410864442902602590e-03
2.333164879927530997e-03
2.301575628376613045e-03
2.331817049596413699e-03
2.284411962915555531e-03
2.210492873063435882e-03
2.180409103900888667e-03
2.235898331839826936e-03
2.165008193833085383e-03
2.100156679038713003e-03
2.161934969533771313e-03
2.188228858424347192e-03
2.170546001165844525e-03
2.140842248722721677e-03
2.082503065228814843e-03
2.218548732424158523e-03
2.007758759425438445e-03
2.078360691862055076e-03
2.030890103569260845e-03
2.026522904842400444e-03
2.186951662773374723e-03
2.049338349394764364e-03
1.979379543254751808e-03
2.055044758932147390e-03
2.056618367383942353e-03
2.279038493566734516e-03
2.043489041308661682e-03
1.942826965529602596e-03
2.122256909679182992e-03
1.997467152561318779e-03
2.059281299345921360e-03
2.024360232300778228e-03
1.964148941688028532e-03
1.946754608099815704e-03
1.994435866152335316e-03
1.996760777544369803e-03
1.942943846991434598e-03
1.987050670418105767e-03
1.868549026281952040e-03
1.927689216781734716e-03
1.921822533857840644e-03
1.883488412885825358e-03
1.838086578165907354e-03
1.917958653606911638e-03
1.939029799013096455e-03
1.805932762882334237e-03
