9.866590993709800639e-01
9.953719051169954701e-01
9.979028945619409230e-01
9.985247947952964331e-01
9.987768606582948516e-01
9.989896703850139614e-01
9.990950421853499464e-01
9.990847116043745091e-01
9.992272734642029253e-01
9.992975213310935079e-01
9.992975213310935079e-01
9.993450419346162628e-01
9.993636369705199973e-01
9.993367774673730386e-01
9.993946286765011955e-01
9.994256203824823936e-01
9.994504137472672856e-01
9.994049592451615949e-01
9.994524798609993876e-01
9.994359509511427930e-01
9.994710748722730465e-01
9.994752071120521775e-01
9.995041327043012735e-01
9.994752071120521775e-01
9.994731409983201864e-01
9.995000004768371804e-01
9.995144632729616729e-01
9.994917360219088831e-01
9.995020665905692825e-01
9.995578516613353726e-01
9.995619838887994657e-01
9.995475210926749732e-01
9.995702483437277630e-01
9.995413227514786669e-01
9.995599177750673636e-01
9.995516533201390663e-01
9.995888433673164597e-01
9.996177689595655558e-01
9.995888433673164597e-01
9.995888433550015328e-01
9.995847111398523666e-01
9.996053722771731653e-01
9.995764466726090314e-01
9.996074383909051564e-01
9.996219011870297599e-01
9.995557855352882326e-01
9.996280995282259552e-01
9.996342978694222614e-01
9.996342978694222614e-01
9.996074383909051564e-01
9.996074383909051564e-01
9.996280995282259552e-01
9.996301656419580572e-01
9.996570251204750512e-01
9.996301656419580572e-01
9.996549590067429492e-01
9.996425623243505587e-01
9.996466945518146519e-01
9.996322317556901593e-01
9.996425623243505587e-01
9.996570251204750512e-01
9.996611573479392554e-01
9.996735540303316458e-01
9.996404962106184566e-01
9.996528928930109581e-01
9.996549590067429492e-01
9.996776862577958500e-01
9.996735540303316458e-01
9.996570251081600134e-01
9.996549589944280223e-01
9.996714879165996548e-01
9.996735540303316458e-01
9.996652895754033485e-01
9.996880168264562494e-01
9.996756201440637479e-01
9.996735540303316458e-01
9.996962812813845467e-01
9.997004135088487509e-01
9.996921490539204536e-01
9.997045457363128440e-01
9.996797523592129142e-01
9.997004135088487509e-01
9.996900829401883515e-01
9.997086779637770482e-01
9.997086779637770482e-01
9.997252068736336428e-01
9.997128101789262145e-01
9.996900829401883515e-01
9.997148763049732434e-01
9.997004135088487509e-01
9.997148763049732434e-01
9.997190085324374476e-01
9.997376035560261442e-01
9.997128101912411413e-01
9.997272729873657449e-01
9.997231407599015407e-01
9.997231407599015407e-01
9.997128101912411413e-01
9.997190085324374476e-01
9.997355374422940422e-01
