9.866260411648833939e-01
9.955227314194371457e-01
9.978388450362465356e-01
9.985185964541001269e-01
9.987665301019494901e-01
9.988677696625063440e-01
9.990289265459234569e-01
9.990971082990819374e-01
9.991756206209009283e-01
9.992396701465953157e-01
9.992582651701840124e-01
9.993202485821464087e-01
9.992995874448256099e-01
9.993264469233426039e-01
9.993264469233426039e-01
9.993677691979842015e-01
9.993739675391803967e-01
9.994008270176973907e-01
9.994235542564352537e-01
9.994297526099464868e-01
9.994979343631050783e-01
9.994442154060710903e-01
9.994834715669805858e-01
9.994917360219088831e-01
9.995227277278899702e-01
9.994628104296597870e-01
9.995144632606467461e-01
9.995268599553541744e-01
9.994772732257842796e-01
9.995764466849240693e-01
9.995392566377466759e-01
9.995433888528957311e-01
9.995661161162636699e-01
9.995826450261202645e-01
9.995723144574598651e-01
9.995619838887994657e-01
9.995971078222448680e-01
9.995929755947806639e-01
9.995557855476032705e-01
9.995991739359768591e-01
9.995929755947806639e-01
9.995847111398523666e-01
9.995929755824656260e-01
9.996260334144938531e-01
9.996115706183693606e-01
9.996301656419580572e-01
9.996384300968863545e-01
9.996012400497089612e-01
9.995847111398523666e-01
9.996446284380826608e-01
9.996549590067429492e-01
9.996549590067429492e-01
9.996363639831542525e-01
9.996198350609826200e-01
9.996466945518146519e-01
9.996797523715279521e-01
9.996177689595655558e-01
9.996756201440637479e-01
9.996590912342071533e-01
9.996528928806959202e-01
9.996611573479392554e-01
9.996776862577958500e-01
9.996818184852600542e-01
9.996880168264562494e-01
9.996797523715279521e-01
9.997066118500449461e-01
9.996508267792788560e-01
9.996776862577958500e-01
9.996962812813845467e-01
9.996859507127241473e-01
9.997066118377299082e-01
9.997128101912411413e-01
9.997024796102658151e-01
9.996942151676524446e-01
9.996797523715279521e-01
9.997107440775091503e-01
9.996942151676524446e-01
9.997045457363128440e-01
9.997024796225807419e-01
9.997438018972223395e-01
9.997128101912411413e-01
9.996900829401883515e-01
9.997107440775091503e-01
9.997190085324374476e-01
9.997148763049732434e-01
9.997210746461694386e-01
9.997438018972223395e-01
9.997396696697581353e-01
9.997128101912411413e-01
9.997520663398355989e-01
9.997396696697581353e-01
9.997272729873657449e-01
9.997210746461694386e-01
9.997376035560261442e-01
9.997334713285619401e-01
9.997314052148298380e-01
9.997396696697581353e-01
9.997334713285619401e-01
9.997644630345431382e-01
9.997561985796148409e-01
