1.255387268624218455e-01
1.890872107565687646e-02
1.263803568431022366e-02
9.785631370900511189e-03
8.506540901275122177e-03
7.494230532146435586e-03
6.835434758015388780e-03
6.174851866859727527e-03
5.857389543694612073e-03
5.343658113778180715e-03
5.061629173004134237e-03
4.852734823470207862e-03
4.680571744447210164e-03
4.476151430058541124e-03
4.371839441144643144e-03
4.172985336210767275e-03
4.113996501858437592e-03
3.860199084069302223e-03
3.735418972556086344e-03
3.670282171491229609e-03
3.622728686264993590e-03
3.404282968565608587e-03
3.386195598751922005e-03
3.338195081952776994e-03
3.150128672005615953e-03
3.165506525520259476e-03
3.058169396046259928e-03
3.084729851080504712e-03
2.916329700703747686e-03
3.080194438190337388e-03
2.888810625532371463e-03
2.854054074332415189e-03
2.834696577438005228e-03
2.785198143961371050e-03
2.828266975921710485e-03
2.731146821077548668e-03
2.618385721040780018e-03
2.729620852368656002e-03
2.713144462456346453e-03
2.684917135614657297e-03
2.561255947144928588e-03
2.536395742115116637e-03
2.447309038855805235e-03
2.406161684555388480e-03
2.499029614680070132e-03
2.447154028715626661e-03
2.744233649586235932e-03
2.486552776112005772e-03
2.368368979889303415e-03
2.380665923468231263e-03
2.317838461920112853e-03
2.402359676162361523e-03
2.279131883244175059e-03
2.299316882401440578e-03
2.370937472137897833e-03
2.232472234274895592e-03
2.311035379821716959e-03
2.174761643550764210e-03
2.425669504530030690e-03
2.183589187165095591e-03
2.294930734366373848e-03
2.097478745121517715e-03
2.240551788361150581e-03
2.232259319015148825e-03
2.181753627191073634e-03
2.105881399285039913e-03
2.153310922691196744e-03
2.154727738363037756e-03
2.030785336325582630e-03
2.063809906697555794e-03
1.999641076587962453e-03
1.993232043578894129e-03
2.102282785289406441e-03
2.012060279254736066e-03
2.034055071371645464e-03
1.976108024851559036e-03
2.092633024428712518e-03
1.974991459559775377e-03
2.000879738295304345e-03
1.974112691655117817e-03
2.058284463066167511e-03
1.930274137832613647e-03
1.886168596519719170e-03
1.909469091969954232e-03
1.933910183588696818e-03
1.910846188774713425e-03
1.922504040596803273e-03
1.872453182885498030e-03
1.941732847920471950e-03
1.819928287977205404e-03
1.900762560335149658e-03
1.878895098685538691e-03
1.875765670659405339e-03
1.862724419012055151e-03
1.845318855971236037e-03
1.858136098442577473e-03
1.820164167036215138e-03
1.839013712585010982e-03
1.868462594845912532e-03
1.932231993818157943e-03
