9.865248016782166562e-01
9.952169465747746635e-01
9.978615722626693607e-01
9.984772741794586404e-01
9.987851251255381868e-01
9.989338853142478714e-01
9.990371909885367163e-01
9.991590917110443337e-01
9.992458684877916220e-01
9.992293395779349163e-01
9.992582651701840124e-01
9.993367774920030033e-01
9.992747940800407180e-01
9.993181824684143066e-01
9.993553725155917000e-01
9.993636369582049594e-01
9.994049592451615949e-01
9.994111575863577901e-01
9.994152898138219943e-01
9.994276864962143847e-01
9.994421492923389883e-01
9.994710748845880843e-01
9.994628104296597870e-01
9.994979343631050783e-01
9.995103310454975798e-01
9.995041327043012735e-01
9.994896699081767810e-01
9.995371905240145738e-01
9.995185955004258771e-01
9.995268599553541744e-01
9.995516533201390663e-01
9.995289260690862765e-01
9.995661161162636699e-01
9.995619838887994657e-01
9.995557855476032705e-01
9.995743805711919672e-01
9.995723144574598651e-01
9.995495872064070753e-01
9.996074383909051564e-01
9.995950417085127659e-01
9.995661161162636699e-01
9.996033061511260254e-01
9.995702483437277630e-01
9.995888433673164597e-01
9.996363639831542525e-01
9.995805789123881624e-01
9.996404962106184566e-01
9.996528928930109581e-01
9.996074383785902295e-01
9.996384300968863545e-01
9.995764466849240693e-01
9.996280995282259552e-01
9.996446284380826608e-01
9.996446284380826608e-01
9.996508267792788560e-01
9.996632234616713575e-01
9.996590912342071533e-01
9.996611573479392554e-01
9.996487606655467539e-01
9.996508267792788560e-01
9.996363639831542525e-01
9.996673556891354506e-01
9.996632234616713575e-01
9.996632234493563196e-01
9.996404962106184566e-01
9.996942151676524446e-01
9.996921490539204536e-01
9.996694218028675527e-01
9.996735540303316458e-01
9.996735540303316458e-01
9.996549589944280223e-01
9.997190085324374476e-01
9.997107440775091503e-01
9.996776862577958500e-01
9.996900829278733136e-01
9.996838845866771184e-01
9.997066118500449461e-01
9.996838845989920452e-01
9.997004135088487509e-01
9.996900829401883515e-01
9.996942151676524446e-01
9.997107440775091503e-01
9.997272729873657449e-01
9.996859507127241473e-01
9.996921490539204536e-01
9.997148763049732434e-01
9.997128101912411413e-01
9.997314052148298380e-01
9.997293391010978469e-01
9.997458680109544416e-01
9.997252068736336428e-01
9.997004135088487509e-01
9.997252068736336428e-01
9.997376035560261442e-01
9.996962812690695088e-01
9.997458680109544416e-01
9.997314052148298380e-01
9.997272729873657449e-01
9.997500002384185347e-01
9.997417357834902374e-01
