2.380617880821228027e+01
4.778558588027954102e+01
7.154634499549865723e+01
9.535548877716064453e+01
1.187161099910736084e+02
1.427886178493499756e+02
1.695830719470977783e+02
1.941084008216857910e+02
2.176800429821014404e+02
2.415328779220581055e+02
2.660802659988403320e+02
2.903865778446197510e+02
3.147562029361724854e+02
3.386572577953338623e+02
3.627826719284057617e+02
3.865514779090881348e+02
4.106714518070220947e+02
4.351086218357086182e+02
4.598131439685821533e+02
4.843978679180145264e+02
5.087177579402923584e+02
5.329489078521728516e+02
5.567490339279174805e+02
5.814740478992462158e+02
6.052964689731597900e+02
6.296301238536834717e+02
6.541001777648925781e+02
6.785601038932800293e+02
7.028996629714965820e+02
7.270180869102478027e+02
7.515274188518524170e+02
7.755832078456878662e+02
8.000600359439849854e+02
8.237495229244232178e+02
8.482714459896087646e+02
8.727746829986572266e+02
8.972007727622985840e+02
9.211522109508514404e+02
9.450624508857727051e+02
9.692167768478393555e+02
9.930762829780578613e+02
1.017067868947982788e+03
1.041274142980575562e+03
1.065681204795837402e+03
1.089603460788726807e+03
1.113512063980102539e+03
1.137876121997833252e+03
1.161750626802444458e+03
1.185695856809616089e+03
1.209650257825851440e+03
1.233732002973556519e+03
1.257952259778976440e+03
1.281709742784500122e+03
1.305428399801254272e+03
1.329150517940521240e+03
1.353349459886550903e+03
1.377134056806564331e+03
1.401083207845687866e+03
1.425367115974426270e+03
1.449639737844467163e+03
1.473375071763992310e+03
1.497248203992843628e+03
1.521175511837005615e+03
1.545118554830551147e+03
1.569371359825134277e+03
1.593350592851638794e+03
1.617690972805023193e+03
1.641473747968673706e+03
1.665504284858703613e+03
1.689267854928970337e+03
1.713213135957717896e+03
1.737164945840835571e+03
1.760961242914199829e+03
1.785098923921585083e+03
1.809381326913833618e+03
1.833188860893249512e+03
1.858662217855453491e+03
1.885087517976760864e+03
1.913443286895751953e+03
1.939980565786361694e+03
1.963915495872497559e+03
1.987673069000244141e+03
2.011651130914688110e+03
2.035732284784317017e+03
2.060119905948638916e+03
2.083861348867416382e+03
2.107657434940338135e+03
2.131459693908691406e+03
2.155203275918960571e+03
2.179010957956314087e+03
2.202772636890411377e+03
2.226897911787033081e+03
2.251073090791702271e+03
2.274873731851577759e+03
2.299570579767227173e+03
2.328124837875366211e+03
2.355774484872817993e+03
2.379735751867294312e+03
2.403526374816894531e+03
2.427467041969299316e+03
