1.179778194427490234e+01
2.355002903938293457e+01
3.514016389846801758e+01
4.689520597457885742e+01
5.861150097846984863e+01
7.036185884475708008e+01
8.204959106445312500e+01
9.381048488616943359e+01
1.055521769523620605e+02
1.171752178668975830e+02
1.289145519733428955e+02
1.406701400279998779e+02
1.522692430019378662e+02
1.640223369598388672e+02
1.757221469879150391e+02
1.874119679927825928e+02
1.991346430778503418e+02
2.108707020282745361e+02
2.226376509666442871e+02
2.342514140605926514e+02
2.460766379833221436e+02
2.577948319911956787e+02
2.694169909954071045e+02
2.811502640247344971e+02
2.929358620643615723e+02
3.046375210285186768e+02
3.163436610698699951e+02
3.281820399761199951e+02
3.399391438961029053e+02
3.515323619842529297e+02
3.633362629413604736e+02
3.750895340442657471e+02
3.867526729106903076e+02
3.984558310508728027e+02
4.101198699474334717e+02
4.216506738662719727e+02
4.331135070323944092e+02
4.447166810035705566e+02
4.563457789421081543e+02
4.677862899303436279e+02
4.793827869892120361e+02
4.909797048568725586e+02
5.026151719093322754e+02
5.140305449962615967e+02
5.256048159599304199e+02
5.370527770519256592e+02
5.483230528831481934e+02
5.597680718898773193e+02
5.711575000286102295e+02
5.825943169593811035e+02
5.938918938636779785e+02
6.053170969486236572e+02
6.167013690471649170e+02
6.279770259857177734e+02
6.394115450382232666e+02
6.508078548908233643e+02
6.621555578708648682e+02
6.735060789585113525e+02
6.849629819393157959e+02
6.963880660533905029e+02
7.076636040210723877e+02
7.191439790725708008e+02
7.306029598712921143e+02
7.419333250522613525e+02
7.533310239315032959e+02
7.647286088466644287e+02
7.761231610774993896e+02
7.874034428596496582e+02
7.989385249614715576e+02
8.103946249485015869e+02
8.216854948997497559e+02
8.331498050689697266e+02
8.445898878574371338e+02
8.560366330146789551e+02
8.673485200405120850e+02
8.788303549289703369e+02
8.902703189849853516e+02
9.015623779296875000e+02
9.130021460056304932e+02
9.243957009315490723e+02
9.358239018917083740e+02
9.471681978702545166e+02
9.586746649742126465e+02
9.701272048950195312e+02
9.813951320648193359e+02
9.928832819461822510e+02
1.004249696969985962e+03
1.015639657974243164e+03
1.027015995979309082e+03
1.038456552028656006e+03
1.049881429910659790e+03
1.061161817073822021e+03
1.072599220991134644e+03
1.084018037080764771e+03
1.095336987972259521e+03
1.106681313037872314e+03
1.118210371017456055e+03
1.129668788909912109e+03
1.140937114953994751e+03
1.152569072961807251e+03
