1.230113387107849121e+01
2.567385578155517578e+01
5.333193778991699219e+01
8.078163194656372070e+01
1.079066429138183594e+02
1.373306128978729248e+02
1.687752139568328857e+02
2.063362228870391846e+02
2.346665937900543213e+02
2.619501669406890869e+02
2.896933248043060303e+02
3.173810079097747803e+02
3.450510838031768799e+02
3.727424609661102295e+02
4.005555689334869385e+02
4.288722419738769531e+02
4.561440689563751221e+02
4.832385859489440918e+02
5.107037978172302246e+02
5.379733548164367676e+02
5.659800579547882080e+02
5.934828310012817383e+02
6.209780209064483643e+02
6.489579730033874512e+02
6.762693037986755371e+02
7.038712987899780273e+02
7.312299978733062744e+02
7.586773447990417480e+02
7.863681609630584717e+02
8.139799768924713135e+02
8.415902519226074219e+02
8.696022570133209229e+02
8.971502158641815186e+02
9.245993368625640869e+02
9.526352808475494385e+02
9.801289899349212646e+02
1.007950497865676880e+03
1.035854560852050781e+03
1.063275851011276245e+03
1.091041066884994507e+03
1.118949996948242188e+03
1.146401498794555664e+03
1.173899026870727539e+03
1.201740469932556152e+03
1.229289817810058594e+03
1.256644447803497314e+03
1.284210590839385986e+03
1.311764724969863892e+03
1.339600014925003052e+03
1.367134325981140137e+03
1.394494216918945312e+03
1.421916938781738281e+03
1.449382142782211304e+03
1.476988835811614990e+03
1.504906500816345215e+03
1.532452834844589233e+03
1.560380451917648315e+03
1.587956713914871216e+03
1.615187936782836914e+03
1.642915823936462402e+03
1.670340884923934937e+03
1.697808882951736450e+03
1.725409227848052979e+03
1.752826395988464355e+03
1.780262454986572266e+03
1.807414386987686157e+03
1.835007941961288452e+03
1.862607226848602295e+03
1.890043790817260742e+03
1.920974175930023193e+03
1.948518631935119629e+03
1.976031786918640137e+03
2.003544290781021118e+03
2.031010437011718750e+03
2.058131002902984619e+03
2.085538851976394653e+03
2.112896528959274292e+03
2.140284693002700806e+03
2.167679807901382446e+03
2.195072635889053345e+03
2.222337473869323730e+03
2.249780478000640869e+03
2.277169654846191406e+03
2.304683685779571533e+03
2.333627914905548096e+03
2.363545212984085083e+03
2.390563074827194214e+03
2.417982008934020996e+03
2.445494338989257812e+03
2.461259338855743408e+03
2.473270543813705444e+03
2.485373721837997437e+03
2.497630078792572021e+03
2.509737290859222412e+03
2.521912258863449097e+03
2.534076133012771606e+03
2.545790615797042847e+03
2.557669772863388062e+03
2.569696520805358887e+03
2.581570712804794312e+03
