1.167636108398437500e+01
2.330043792724609375e+01
3.492275905609130859e+01
4.643450498580932617e+01
5.814098095893859863e+01
6.979412412643432617e+01
8.129472303390502930e+01
9.292014098167419434e+01
1.045740950107574463e+02
1.162033519744873047e+02
1.277566659450531006e+02
1.393936820030212402e+02
1.510295181274414062e+02
1.625390100479125977e+02
1.742082970142364502e+02
1.858321480751037598e+02
1.973593869209289551e+02
2.090381789207458496e+02
2.206870830059051514e+02
2.323213250637054443e+02
2.438456499576568604e+02
2.555633380413055420e+02
2.671906499862670898e+02
2.786497471332550049e+02
2.902582519054412842e+02
3.016809849739074707e+02
3.131106290817260742e+02
3.245330159664154053e+02
3.360843939781188965e+02
3.475664570331573486e+02
3.588997070789337158e+02
3.704532370567321777e+02
3.819892680644989014e+02
3.933722000122070312e+02
4.047690520286560059e+02
4.163320739269256592e+02
4.278551199436187744e+02
4.391609060764312744e+02
4.507040579319000244e+02
4.622231309413909912e+02
4.735985579490661621e+02
4.849488310813903809e+02
4.963790960311889648e+02
5.077866001129150391e+02
5.191002950668334961e+02
5.309169189929962158e+02
5.423873770236968994e+02
5.537103099822998047e+02
5.651014649868011475e+02
5.765178849697113037e+02
5.879262719154357910e+02
5.992294640541076660e+02
6.106574940681457520e+02
6.221310651302337646e+02
6.334100019931793213e+02
6.449087519645690918e+02
6.563359630107879639e+02
6.677482140064239502e+02
6.790962989330291748e+02
6.905906040668487549e+02
7.020342690944671631e+02
7.133191189765930176e+02
7.247691271305084229e+02
7.361726500988006592e+02
7.475621559619903564e+02
7.589034829139709473e+02
7.703382310867309570e+02
7.818416340351104736e+02
7.931142868995666504e+02
8.045674309730529785e+02
8.159890639781951904e+02
8.274302070140838623e+02
8.388385629653930664e+02
8.503530809879302979e+02
8.617904949188232422e+02
8.731016700267791748e+02
8.845731430053710938e+02
8.960145599842071533e+02
9.073458869457244873e+02
9.186990671157836914e+02
9.301246590614318848e+02
9.415741679668426514e+02
9.529035530090332031e+02
9.643433349132537842e+02
9.758451471328735352e+02
9.871929299831390381e+02
9.985744631290435791e+02
1.009995674133300781e+03
1.021372287034988403e+03
1.032683176994323730e+03
1.044164119005203247e+03
1.055641165018081665e+03
1.066940325975418091e+03
1.078392857074737549e+03
1.089792726039886475e+03
1.101208002090454102e+03
1.112539453029632568e+03
1.124053870916366577e+03
1.135584054946899414e+03
1.146759820938110352e+03
