5.684596061706542969e+00
1.192838096618652344e+01
1.806650018692016602e+01
2.424081897735595703e+01
3.044625806808471680e+01
3.645290708541870117e+01
4.263284611701965332e+01
4.886826395988464355e+01
5.503445005416870117e+01
6.123956513404846191e+01
6.747564005851745605e+01
7.360988903045654297e+01
7.993671917915344238e+01
8.618777608871459961e+01
9.237992501258850098e+01
9.848173904418945312e+01
1.046014001369476318e+02
1.107821781635284424e+02
1.169137229919433594e+02
1.231358599662780762e+02
1.293601310253143311e+02
1.356019380092620850e+02
1.417903711795806885e+02
1.479622690677642822e+02
1.541014449596405029e+02
1.602631101608276367e+02
1.664578289985656738e+02
1.726118299961090088e+02
1.786860301494598389e+02
1.850220470428466797e+02
1.912672550678253174e+02
1.973319230079650879e+02
2.036024789810180664e+02
2.098515870571136475e+02
2.160968301296234131e+02
2.220921950340270996e+02
2.282209579944610596e+02
2.344576010704040527e+02
2.408978061676025391e+02
2.471191539764404297e+02
2.534773681163787842e+02
2.597648971080780029e+02
2.659333159923553467e+02
2.721654579639434814e+02
2.784499089717864990e+02
2.845884180068969727e+02
2.908028581142425537e+02
2.970443811416625977e+02
3.033517441749572754e+02
3.096628081798553467e+02
3.158707540035247803e+02
3.220919129848480225e+02
3.283519930839538574e+02
3.345455181598663330e+02
3.407039780616760254e+02
3.468879110813140869e+02
3.530685369968414307e+02
3.593476860523223877e+02
3.655409350395202637e+02
3.717897419929504395e+02
3.779486660957336426e+02
3.841106011867523193e+02
3.902528061866760254e+02
3.964373731613159180e+02
4.028019781112670898e+02
4.089268000125885010e+02
4.151095471382141113e+02
4.213444371223449707e+02
4.274998931884765625e+02
4.336380090713500977e+02
4.398684611320495605e+02
4.462565469741821289e+02
4.525324320793151855e+02
4.586363461017608643e+02
4.648428821563720703e+02
4.709358751773834229e+02
4.770956130027770996e+02
4.833958699703216553e+02
4.896178870201110840e+02
4.958154079914093018e+02
5.021240329742431641e+02
5.083755571842193604e+02
5.146853260993957520e+02
5.209472241401672363e+02
5.270676701068878174e+02
5.331856579780578613e+02
5.393696591854095459e+02
5.455650291442871094e+02
5.518762049674987793e+02
5.580872211456298828e+02
5.642555520534515381e+02
5.704760110378265381e+02
5.766445951461791992e+02
5.828336091041564941e+02
5.890553991794586182e+02
5.951515140533447266e+02
6.014557039737701416e+02
6.076034359931945801e+02
6.137679481506347656e+02
6.200100421905517578e+02
6.262977170944213867e+02
6.325382480621337891e+02
6.387487089633941650e+02
6.449184529781341553e+02
6.510344591140747070e+02
6.572645499706268311e+02
6.634642851352691650e+02
6.696357021331787109e+02
6.757836830615997314e+02
6.819262700080871582e+02
6.881659340858459473e+02
6.942877471446990967e+02
7.006045529842376709e+02
7.067547681331634521e+02
7.128870739936828613e+02
7.193162860870361328e+02
7.254242551326751709e+02
7.315398180484771729e+02
7.376484811305999756e+02
7.438412530422210693e+02
7.500268180370330811e+02
7.561629140377044678e+02
7.624608941078186035e+02
7.687084960937500000e+02
7.748861720561981201e+02
7.810628681182861328e+02
7.873104650974273682e+02
7.936121890544891357e+02
7.997178061008453369e+02
8.058394770622253418e+02
8.119881191253662109e+02
8.181279480457305908e+02
8.243349831104278564e+02
8.304883930683135986e+02
8.367932620048522949e+02
8.430659441947937012e+02
8.492146310806274414e+02
8.553984360694885254e+02
8.616084401607513428e+02
8.677543530464172363e+02
8.739807591438293457e+02
8.801517670154571533e+02
8.864133169651031494e+02
8.925734601020812988e+02
8.987910201549530029e+02
9.048642590045928955e+02
9.110543200969696045e+02
9.171826341152191162e+02
9.234119100570678711e+02
9.296319580078125000e+02
9.358236711025238037e+02
9.419822330474853516e+02
9.481326999664306641e+02
9.542826499938964844e+02
9.604532890319824219e+02
9.667169389724731445e+02
9.728133540153503418e+02
9.790642201900482178e+02
9.852555279731750488e+02
9.915033049583435059e+02
9.976073281764984131e+02
1.003821521997451782e+03
1.010059048175811768e+03
1.016201939105987549e+03
1.022451545000076294e+03
1.028668076992034912e+03
1.034901394128799438e+03
1.041079866170883179e+03
1.047312620162963867e+03
1.053448023080825806e+03
1.059619601011276245e+03
1.065672356128692627e+03
1.071925405979156494e+03
1.078101759195327759e+03
1.084177019119262695e+03
1.090357767105102539e+03
1.096551052093505859e+03
1.102732418060302734e+03
1.108937565088272095e+03
1.115107602119445801e+03
1.121304373979568481e+03
1.127623908042907715e+03
1.133943557977676392e+03
1.140133785963058472e+03
1.146247451066970825e+03
1.152547854185104370e+03
1.158672108173370361e+03
1.164804176092147827e+03
1.171047585010528564e+03
1.177200392961502075e+03
1.183306046009063721e+03
1.187535732030868530e+03
1.191754117965698242e+03
1.195958930015563965e+03
1.200191524982452393e+03
1.204310502052307129e+03
1.208451981067657471e+03
1.212155779123306274e+03
1.215899489164352417e+03
1.219613376140594482e+03
