1.244092819685691964e+00
5.642409122346423445e-01
4.477525338430829449e-01
3.972858617059210062e-01
3.673532029958443967e-01
3.464306730734438289e-01
3.306048759064864062e-01
3.174768819318665170e-01
3.062602403656949912e-01
2.967103683921331059e-01
2.879047171932548332e-01
2.801314486890666422e-01
2.728917797578615523e-01
2.663611696019750341e-01
2.601827607988826951e-01
2.542858032690408221e-01
2.485800631868518018e-01
2.434180959202669470e-01
2.384778544876217099e-01
2.335496884528495132e-01
