6.975600000000008460e-01
8.615000000000004876e-01
8.838599999999996459e-01
8.931800000000006401e-01
9.001599999999997381e-01
9.050200000000004907e-01
9.087200000000001943e-01
9.121000000000003549e-01
9.154400000000000315e-01
9.183800000000003072e-01
9.204199999999995718e-01
9.228000000000003977e-01
9.246999999999998554e-01
9.263200000000004763e-01
9.278599999999995740e-01
9.298200000000005350e-01
9.316199999999992265e-01
9.330599999999997785e-01
9.345799999999996333e-01
9.360400000000006493e-01
