2.226254273249718363e+00
9.358343381739605560e-01
5.772854639299795920e-01
4.266336303362399662e-01
3.392055857336099822e-01
2.870073056647244880e-01
2.475159572533702779e-01
2.228337200801472073e-01
2.032687325614315754e-01
1.824799847685216470e-01
1.713145485977810856e-01
1.581755116501660230e-01
1.470569075543635418e-01
1.359203921194638842e-01
1.299556273368856207e-01
1.229529107098876611e-01
1.160279444363556262e-01
1.083195423744604952e-01
1.058757466706758410e-01
1.007187588714962695e-01
