6.887200000000007760e-01
9.074399999999998023e-01
9.295000000000006590e-01
9.400800000000000267e-01
9.498999999999997446e-01
9.550200000000012013e-01
9.608400000000009156e-01
9.640800000000024905e-01
9.665800000000019931e-01
9.708400000000037000e-01
9.722200000000036368e-01
9.745800000000037766e-01
9.766000000000046866e-01
9.788000000000051104e-01
9.797600000000042941e-01
9.815800000000050041e-01
9.829800000000047389e-01
9.839800000000041846e-01
9.847400000000049447e-01
9.856600000000053097e-01
