2.060052562236785789e+00
1.253484197139739909e+00
1.119890671968460039e+00
1.034464732527732744e+00
9.740055768489838117e-01
9.265641689300536665e-01
8.881220076084136439e-01
8.535542684793472334e-01
8.257140777111053875e-01
7.993325953483580992e-01
7.791570034027099911e-01
7.596601006984711191e-01
7.434138660430907874e-01
7.272033210992813190e-01
7.140552378892898178e-01
7.021137953996657854e-01
6.887965992689132344e-01
6.775591738224029381e-01
6.689748206138610431e-01
6.593310618400574086e-01
6.510454210042952994e-01
6.424641672372818357e-01
6.350390079021454026e-01
6.278071233034133725e-01
6.208187235593796149e-01
6.130608652830124017e-01
6.069879424571991144e-01
6.012381429672241095e-01
5.957345235347747403e-01
5.903870844841003773e-01
5.850900453329086481e-01
5.800164388418197481e-01
5.742791926860809637e-01
5.699742411375046114e-01
5.640208407640456834e-01
5.605341894626617583e-01
5.550900062322616790e-01
5.512100626230239664e-01
5.477244790792464846e-01
5.428032010793686357e-01
4.350866425335407350e-01
4.875149496048689080e-01
1.970228745937347425e-01
9.929280312731861846e-01
4.145431414544582527e-01
2.565915452986955447e-01
1.570508620962500490e-01
2.456898315697908508e-01
1.673078384324908352e-01
1.343688810989260574e-01
1.139259638786315892e-01
2.911383018195629058e-01
1.469272516667842754e-01
1.272316183820366986e-01
1.112364828661084187e-01
9.423444537818431721e-02
1.096114010587334597e-01
1.349658712595701304e-01
1.192468381971120844e-01
8.107120283693075580e-02
1.603085871785879246e-01
9.324755356460809330e-02
1.084210238382220248e-01
7.008735175058246336e-02
8.621899201720953365e-02
6.944444520771503315e-02
5.688767443969845738e-02
6.678399331867694577e-02
6.273788894340395772e-02
5.388610762357711609e-02
6.231279471889138166e-02
5.372095585614442698e-02
6.276730222254991998e-02
7.275047473981977042e-02
7.681476981565356354e-02
1.187536741793155659e-01
6.419211324676871167e-02
5.609255273640155470e-02
4.822260972112417388e-02
5.795900193601846717e-02
7.968001196905970251e-02
6.728439302742481032e-02
5.913899427279829812e-02
7.152163526788353487e-02
4.631478971987963017e-02
7.149241711199283422e-02
4.744183765724301061e-02
4.440762117132544817e-02
3.759671477600932260e-02
3.846533238515258135e-02
3.649612388014793207e-02
5.233904297277331558e-02
3.771763584762811983e-02
3.392595648765563826e-02
5.809608312696218357e-02
5.336113666370510822e-02
6.033997510373592665e-02
4.297813352942466553e-02
3.770923681557178386e-02
3.789481551200151593e-02
3.356327793374657559e-02
3.012182492017746044e-02
5.379271162673830708e-02
3.324752288684248991e-02
7.659091179817914541e-02
1.596867509968578902e-01
1.438258588016033124e-01
6.833263780921697284e-02
4.433495675399899694e-02
7.962581673264503002e-02
4.765211782604455992e-02
4.225350075960159629e-02
4.732039271295070820e-02
3.839197925850749288e-02
8.033005454391241307e-02
4.122295159846544460e-02
3.371358387917280236e-02
3.066232458874583108e-02
3.548887655511498429e-02
3.819873049855232461e-02
3.954822055995464020e-02
3.682081919535994813e-02
3.477316175773739748e-02
3.268505598232149950e-02
7.252019187062978822e-02
3.958729187771677788e-02
3.612863202393055279e-02
3.390672300010919710e-02
4.549591290578246239e-02
3.243669275939464747e-02
6.915714267268777138e-02
3.372686713188886853e-02
2.935350714623928201e-02
2.888144391775131214e-02
3.559684599563479185e-02
3.221298693493008375e-02
2.668607466295361622e-02
3.350695442408323232e-02
3.605243547633290441e-02
3.668161929771304036e-02
4.791945027559995490e-02
2.987522944435477140e-02
2.765168308094143740e-02
2.551737088337540510e-02
2.458158272504806438e-02
2.390704265981912630e-02
2.330240968987345659e-02
2.206972341239452420e-02
2.210159338079393035e-02
2.370674980804324261e-02
2.431020698696374771e-02
2.375953621044754951e-02
2.173884223587810999e-02
2.575681759975850457e-02
2.140102577395737102e-02
1.981950084865093109e-02
2.159164505824446786e-02
2.122539216838777165e-02
2.005176721140742441e-02
2.021022231504321018e-02
2.043172241188585814e-02
1.916176464222371645e-02
2.116502937301993278e-02
2.205309514701366339e-02
9.379186273366213467e-02
3.645311640948057513e-02
2.984229249507188916e-02
7.608673629909754044e-02
9.141893273219466043e-02
4.200373856350779478e-02
3.088142605498432960e-02
3.529586776345967902e-02
3.959267250075935995e-02
2.692713238671421913e-02
2.423309396207332447e-02
2.952126259356737184e-02
2.937536872178315994e-02
2.414055266231298486e-02
2.402289402484893838e-02
2.096498394943773630e-02
2.280660182796418606e-02
2.087148242630064432e-02
2.163381442986428774e-02
2.048213193379342517e-02
2.226633129268884570e-02
2.214523581042885866e-02
1.929233929514884843e-02
1.927399467863142452e-02
1.933728022873401620e-02
2.979475914686918400e-02
2.357159902900457515e-02
5.074758524075150684e-02
2.511600991711020539e-02
2.060076094605028593e-02
1.917979371733963614e-02
1.915237081982195527e-02
1.948983933962881651e-02
1.803678237833082620e-02
1.992742515914142087e-02
1.918715314753353593e-02
