3.505311965942382812e+00
7.137294054031372070e+00
1.071112895011901855e+01
1.428043889999389648e+01
1.789360809326171875e+01
2.151057386398315430e+01
2.512761998176574707e+01
2.869313788414001465e+01
3.223601293563842773e+01
3.582891488075256348e+01
3.945806789398193359e+01
4.304217195510864258e+01
4.664147496223449707e+01
5.021441388130187988e+01
5.380893301963806152e+01
5.741746187210083008e+01
6.092757296562194824e+01
6.447605109214782715e+01
6.804243493080139160e+01
7.163036990165710449e+01
7.520647788047790527e+01
7.879447603225708008e+01
8.234958004951477051e+01
8.594936299324035645e+01
8.954593801498413086e+01
9.319366502761840820e+01
9.678378796577453613e+01
1.003971989154815674e+02
1.039841630458831787e+02
1.075181879997253418e+02
1.111021080017089844e+02
1.147337379455566406e+02
1.183012239933013916e+02
1.218322460651397705e+02
1.253472850322723389e+02
1.289083950519561768e+02
1.325179150104522705e+02
1.361272158622741699e+02
1.397412459850311279e+02
1.433075869083404541e+02
1.469154620170593262e+02
1.505397050380706787e+02
1.541181299686431885e+02
1.576941919326782227e+02
1.613678689002990723e+02
1.650513288974761963e+02
1.686263720989227295e+02
1.722596628665924072e+02
1.758669219017028809e+02
1.795016720294952393e+02
1.829745199680328369e+02
1.865450100898742676e+02
1.901133790016174316e+02
1.937358388900756836e+02
1.973433458805084229e+02
2.010013458728790283e+02
2.045440640449523926e+02
2.081186809539794922e+02
2.117237150669097900e+02
2.153034749031066895e+02
2.189109909534454346e+02
2.224996769428253174e+02
2.261039819717407227e+02
2.296888399124145508e+02
2.333098158836364746e+02
2.368721449375152588e+02
2.405061168670654297e+02
2.440917770862579346e+02
2.477041590213775635e+02
2.512738978862762451e+02
2.569304289817810059e+02
2.609903490543365479e+02
2.646116249561309814e+02
2.680612339973449707e+02
2.715605709552764893e+02
2.830104050636291504e+02
3.012491750717163086e+02
3.045985469818115234e+02
3.079630050659179688e+02
3.113198590278625488e+02
3.150963430404663086e+02
3.184839830398559570e+02
3.218114578723907471e+02
3.251382150650024414e+02
3.285507690906524658e+02
3.319446229934692383e+02
3.353123490810394287e+02
3.390045418739318848e+02
3.426485788822174072e+02
3.471483559608459473e+02
3.505898110866546631e+02
3.539140710830688477e+02
3.572313430309295654e+02
3.605478899478912354e+02
3.638673338890075684e+02
3.672071890830993652e+02
3.705721380710601807e+02
3.739072129726409912e+02
3.772609648704528809e+02
3.805716118812561035e+02
3.840007019042968750e+02
3.873650920391082764e+02
3.907028770446777344e+02
3.940430269241333008e+02
3.973685059547424316e+02
4.007145700454711914e+02
4.041603190898895264e+02
4.074886779785156250e+02
4.107792239189147949e+02
4.141157810688018799e+02
4.174882009029388428e+02
4.208563630580902100e+02
4.241888339519500732e+02
4.275019090175628662e+02
4.308640079498291016e+02
4.342146470546722412e+02
4.375527739524841309e+02
4.408954689502716064e+02
4.442296829223632812e+02
4.475483438968658447e+02
4.508893358707427979e+02
4.542451529502868652e+02
4.575914409160614014e+02
4.609066169261932373e+02
4.642503890991210938e+02
4.676004879474639893e+02
4.709449949264526367e+02
4.742772538661956787e+02
4.776560330390930176e+02
4.810277519226074219e+02
4.843717420101165771e+02
4.876908259391784668e+02
4.910306770801544189e+02
4.943729369640350342e+02
4.977201778888702393e+02
5.010493950843811035e+02
5.043814609050750732e+02
5.077328159809112549e+02
5.110658240318298340e+02
5.144070689678192139e+02
5.177741780281066895e+02
5.211115720272064209e+02
5.244561650753021240e+02
5.277919189929962158e+02
5.311396110057830811e+02
5.344993970394134521e+02
5.378695468902587891e+02
5.412097349166870117e+02
5.445699970722198486e+02
5.479733080863952637e+02
5.513176338672637939e+02
5.546403028964996338e+02
5.579892289638519287e+02
5.613407399654388428e+02
5.647505688667297363e+02
5.680681638717651367e+02
5.714102919101715088e+02
5.747515258789062500e+02
5.781317059993743896e+02
5.814520740509033203e+02
7.568464994430541992e+00
1.323330998420715332e+01
1.913855504989624023e+01
2.580112004280090332e+01
3.216471600532531738e+01
3.808634209632873535e+01
4.456520700454711914e+01
5.082591104507446289e+01
5.756124401092529297e+01
6.525348901748657227e+01
7.201969313621520996e+01
7.787976217269897461e+01
8.407239603996276855e+01
9.039629697799682617e+01
9.655250406265258789e+01
1.035125310420989990e+02
1.103262341022491455e+02
1.164346261024475098e+02
1.227729980945587158e+02
1.289933390617370605e+02
1.349990580081939697e+02
1.413319799900054932e+02
1.470616140365600586e+02
1.535754849910736084e+02
1.595894200801849365e+02
1.661050291061401367e+02
1.717454409599304199e+02
1.774928941726684570e+02
1.831911110877990723e+02
1.899521501064300537e+02
1.961891050338745117e+02
2.022460379600524902e+02
2.081127181053161621e+02
2.139953069686889648e+02
2.200075690746307373e+02
2.258616859912872314e+02
2.317287051677703857e+02
2.375268659591674805e+02
2.435692379474639893e+02
