9.637200073003768797e-01
9.866800106763840006e-01
9.914000074863433820e-01
9.938800054788589078e-01
9.954200042486190947e-01
9.965800032615661497e-01
9.974200024604796821e-01
9.979400019645691122e-01
9.984800014495849307e-01
9.987800011634826447e-01
9.989200010299682519e-01
9.991400008201598570e-01
9.993200006484985742e-01
9.994600005149841815e-01
9.995800004005431783e-01
9.996400003433227877e-01
9.996600003242492871e-01
9.997600002288817844e-01
9.997200002670287855e-01
9.997600002288817844e-01
9.998200001716613938e-01
9.998000001907348944e-01
9.998000001907348944e-01
9.998200001716613938e-01
9.998800001144408922e-01
9.999000000953673917e-01
9.999000000953673917e-01
9.999400000572205016e-01
9.999200000762938911e-01
9.999200000762938911e-01
9.999400000572205016e-01
9.999400000572205016e-01
9.999400000572205016e-01
9.999200000762938911e-01
9.999600000381470011e-01
9.999400000572205016e-01
9.999400000572205016e-01
9.999600000381470011e-01
9.999200000762938911e-01
9.999800000190735005e-01
9.279000031948089200e-01
9.217600001096725171e-01
9.619600065946578571e-01
8.756600002646446335e-01
9.421000028848648400e-01
9.555600047111511008e-01
9.691000088453293193e-01
9.557800053358077585e-01
9.693400090932846602e-01
9.734200093746184779e-01
9.796400097608566337e-01
9.515600053071975317e-01
9.752600101232529184e-01
9.765000091791152803e-01
9.800000089406967207e-01
9.837600097656250542e-01
9.788800089359283030e-01
9.798400096893310485e-01
9.784000085592270413e-01
9.867000093460083221e-01
9.763800078630446855e-01
9.848400102853774873e-01
9.803000087738037438e-01
9.895600079298019214e-01
9.853600095510482992e-01
9.896600075960159115e-01
9.925600066184997461e-01
9.906800072193145956e-01
9.925800062417984293e-01
9.930800056457519398e-01
9.914200072288512633e-01
9.933400056362151620e-01
9.909200056791305222e-01
9.888600082397460689e-01
9.871400088071823342e-01
9.793800085783004317e-01
9.908400073051452095e-01
9.921200066804886086e-01
9.943200052976608472e-01
9.922000060081481720e-01
9.870000076293945490e-01
9.904200071096420643e-01
9.912600070238113403e-01
9.896400064229965432e-01
9.946800047159194413e-01
9.891000077724456663e-01
9.946200050115585611e-01
9.950800045728683818e-01
9.967400031089782564e-01
9.967600030899047558e-01
9.969800028800964720e-01
9.931800053119659299e-01
9.967800030708312553e-01
9.974000024795531827e-01
9.919400057792663317e-01
9.934200057983398890e-01
9.919800063371658760e-01
9.959400037527084137e-01
9.965600030422210320e-01
9.969000029563903631e-01
9.979600019454956117e-01
9.987600011825561452e-01
9.939600051641463985e-01
9.981200017929077184e-01
9.906600059270859182e-01
9.779400066137313718e-01
9.748200078010559322e-01
9.909600073099136264e-01
9.957600040435791167e-01
9.894400068521499447e-01
9.947800046205520497e-01
9.957600040435791167e-01
9.945800048112869440e-01
9.966200032234191486e-01
9.902200065851211042e-01
9.968400030136108647e-01
9.982400016784668262e-01
9.987400012016296458e-01
9.976400021314620892e-01
9.976800022125243972e-01
9.966600029468536404e-01
9.969000028371810540e-01
9.979200019836426128e-01
9.981800017356872168e-01
9.902600069046020304e-01
9.968800029754638636e-01
9.974400023221969835e-01
9.979000020027161133e-01
9.952400040626525612e-01
9.982600016593933256e-01
9.914200057983398873e-01
9.980200018882751101e-01
9.985400013923645401e-01
9.985400013923645401e-01
9.969600026607513543e-01
9.976400022506713983e-01
9.989400010108947514e-01
9.978600020408630034e-01
9.973000025749206854e-01
9.967800028324127481e-01
9.941600046157836879e-01
9.984400013685226227e-01
9.988400011062622541e-01
9.990400009155273597e-01
9.993000006675720748e-01
9.995200004577636799e-01
9.995000004768371804e-01
9.997600002288817844e-01
9.996400003433227877e-01
9.993600006103515732e-01
9.989800009727477503e-01
9.991600008010864675e-01
9.995000004768371804e-01
9.985600013732910396e-01
9.996600003242492871e-01
9.999400000572205016e-01
9.995400004386901793e-01
9.997000002861022860e-01
9.998400001525878933e-01
9.997200002670287855e-01
9.997800002098083949e-01
9.998600001335143928e-01
9.995000004768371804e-01
9.992000007629394664e-01
9.885600060224533081e-01
9.975200023651122905e-01
9.982600016593933256e-01
9.910000053644180129e-01
9.893600066900253287e-01
9.962000033855438197e-01
9.980600018501282200e-01
9.973800022602081761e-01
9.961600033044815117e-01
9.986600012779235369e-01
9.993200006484985742e-01
9.981800017356872168e-01
9.983600015640259340e-01
9.991400008201598570e-01
9.991600008010864675e-01
9.997800002098083949e-01
9.993800005912780726e-01
9.997800002098083949e-01
9.994800004959106809e-01
9.996600003242492871e-01
9.991800007820129670e-01
9.994000005722045721e-01
9.997600002288817844e-01
9.998600001335143928e-01
9.998000001907348944e-01
9.983800014257431243e-01
9.990400009155273597e-01
9.954400031566620344e-01
9.987800011634826447e-01
9.996200003623962882e-01
9.996800003051757866e-01
9.997800002098083949e-01
9.997800002098083949e-01
9.999200000762938911e-01
9.995800004005431783e-01
9.998000001907348944e-01
