2.952057123184204102e+00
6.051228046417236328e+00
9.161170959472656250e+00
1.224468612670898438e+01
1.534017705917358398e+01
1.842049908638000488e+01
2.152560305595397949e+01
2.461372995376586914e+01
2.772462010383605957e+01
3.083324193954467773e+01
3.393137502670288086e+01
3.705608797073364258e+01
4.014806199073791504e+01
4.323688602447509766e+01
4.631475901603698730e+01
4.940874600410461426e+01
5.247027301788330078e+01
5.551541900634765625e+01
5.847289013862609863e+01
6.159093713760375977e+01
6.467054104804992676e+01
6.774741315841674805e+01
7.086612200736999512e+01
7.393897914886474609e+01
7.703516912460327148e+01
8.010707998275756836e+01
8.321426296234130859e+01
8.628337407112121582e+01
8.940321016311645508e+01
9.252924799919128418e+01
9.561532902717590332e+01
9.872072196006774902e+01
1.018542039394378662e+02
1.049119241237640381e+02
1.080217230319976807e+02
1.110679919719696045e+02
1.140741319656372070e+02
1.170975589752197266e+02
1.202235860824584961e+02
1.233506889343261719e+02
5.968737125396728516e+00
1.182401800155639648e+01
1.765987205505371094e+01
2.295987296104431152e+01
2.830396914482116699e+01
3.404523801803588867e+01
4.019949316978454590e+01
4.527617812156677246e+01
5.094329309463500977e+01
5.751320695877075195e+01
6.289032411575317383e+01
6.808313202857971191e+01
7.381100702285766602e+01
7.952119517326354980e+01
8.561100506782531738e+01
9.108110904693603516e+01
9.667943310737609863e+01
1.028863651752471924e+02
1.081796660423278809e+02
1.140900940895080566e+02
1.197381920814514160e+02
1.254470760822296143e+02
1.311605031490325928e+02
1.368707420825958252e+02
1.421841931343078613e+02
1.479031481742858887e+02
1.538384630680084229e+02
1.589791719913482666e+02
1.657808561325073242e+02
1.709359121322631836e+02
1.766806609630584717e+02
1.824056701660156250e+02
1.876650161743164062e+02
1.927417721748352051e+02
1.976996541023254395e+02
2.029559571743011475e+02
2.092361810207366943e+02
2.148071689605712891e+02
2.213292729854583740e+02
2.272810871601104736e+02
2.338056941032409668e+02
2.396779220104217529e+02
2.455160801410675049e+02
2.514944670200347900e+02
2.580411050319671631e+02
2.639023780822753906e+02
2.692373771667480469e+02
2.751365950107574463e+02
2.810847010612487793e+02
2.866156530380249023e+02
2.925091421604156494e+02
2.982011699676513672e+02
3.044320390224456787e+02
3.108526360988616943e+02
3.165082559585571289e+02
3.221164920330047607e+02
3.274214110374450684e+02
3.345461959838867188e+02
3.401116161346435547e+02
3.461840720176696777e+02
3.523066940307617188e+02
3.580654151439666748e+02
3.636875400543212891e+02
3.705943491458892822e+02
3.762173180580139160e+02
3.815477769374847412e+02
3.869320750236511230e+02
3.934749350547790527e+02
4.027068591117858887e+02
4.088612260818481445e+02
4.151338620185852051e+02
4.209280669689178467e+02
4.266301081180572510e+02
4.326806230545043945e+02
4.384501991271972656e+02
4.465212869644165039e+02
4.538056120872497559e+02
4.617987630367279053e+02
4.681685941219329834e+02
4.743541121482849121e+02
4.800471889972686768e+02
4.856393091678619385e+02
4.916815760135650635e+02
4.971440300941467285e+02
5.029155361652374268e+02
5.089551451206207275e+02
5.162295920848846436e+02
5.225981621742248535e+02
5.284142370223999023e+02
5.344074549674987793e+02
5.397724480628967285e+02
5.463449630737304688e+02
5.530868821144104004e+02
5.597371449470520020e+02
5.651233470439910889e+02
5.707953009605407715e+02
5.768794600963592529e+02
5.831602070331573486e+02
5.886544001102447510e+02
5.939297821521759033e+02
5.998548309803009033e+02
6.056989080905914307e+02
6.116496319770812988e+02
6.179177250862121582e+02
6.239650671482086182e+02
6.311740951538085938e+02
6.374329791069030762e+02
6.435883960723876953e+02
6.495647950172424316e+02
6.549920079708099365e+02
6.617145090103149414e+02
6.690069110393524170e+02
6.750434250831604004e+02
6.805188059806823730e+02
6.876365051269531250e+02
6.934831960201263428e+02
6.988186249732971191e+02
7.056901309490203857e+02
7.128283481597900391e+02
7.188535220623016357e+02
7.249052960872650146e+02
7.303531210422515869e+02
7.361728119850158691e+02
7.422000520229339600e+02
7.474920561313629150e+02
7.539212119579315186e+02
7.596608049869537354e+02
7.654474799633026123e+02
7.711943919658660889e+02
7.782092740535736084e+02
7.849133269786834717e+02
7.908768250942230225e+02
7.983821361064910889e+02
8.045537340641021729e+02
8.114471230506896973e+02
8.187943091392517090e+02
8.246477310657501221e+02
8.305382339954376221e+02
8.366152951717376709e+02
8.434305140972137451e+02
8.501514601707458496e+02
8.567343900203704834e+02
8.630271339416503906e+02
8.697634589672088623e+02
8.761199750900268555e+02
8.827652590274810791e+02
8.892658369541168213e+02
8.964568431377410889e+02
9.028379881381988525e+02
9.094893770217895508e+02
9.150781309604644775e+02
9.216323480606079102e+02
9.280939121246337891e+02
9.345110981464385986e+02
9.416057150363922119e+02
9.474473800659179688e+02
9.530029289722442627e+02
9.612394781112670898e+02
9.672767109870910645e+02
9.731150190830230713e+02
