9.623000075817108590e-01
9.863000102043152362e-01
9.908800078630447539e-01
9.937800059318542267e-01
9.953000043630599869e-01
9.963000035285949352e-01
9.972400026321410760e-01
9.977200021743773961e-01
9.980600018501282200e-01
9.985600013732910396e-01
9.988600010871887536e-01
9.990400009155273597e-01
9.991200008392333576e-01
9.993200006484985742e-01
9.993400006294250737e-01
9.994600005149841815e-01
9.995800004005431783e-01
9.996200003623962882e-01
9.997000002861022860e-01
9.997400002479552850e-01
9.997800002098083949e-01
9.998600001335143928e-01
9.998800001144408922e-01
9.998400001525878933e-01
9.999000000953673917e-01
9.999600000381470011e-01
9.999600000381470011e-01
9.999200000762938911e-01
9.999600000381470011e-01
9.999600000381470011e-01
9.999400000572205016e-01
9.999400000572205016e-01
9.999600000381470011e-01
9.999800000190735005e-01
9.999600000381470011e-01
9.999800000190735005e-01
9.999800000190735005e-01
9.999800000190735005e-01
9.999800000190735005e-01
9.999800000190735005e-01
9.999800000190735005e-01
9.999800000190735005e-01
9.999800000190735005e-01
9.999800000190735005e-01
9.999800000190735005e-01
9.999800000190735005e-01
9.999800000190735005e-01
9.999800000190735005e-01
9.999800000190735005e-01
9.999800000190735005e-01
9.999800000190735005e-01
9.999800000190735005e-01
9.999800000190735005e-01
9.999800000190735005e-01
9.999800000190735005e-01
9.999800000190735005e-01
9.999800000190735005e-01
9.999800000190735005e-01
9.999800000190735005e-01
9.999800000190735005e-01
9.999800000190735005e-01
9.999800000190735005e-01
9.999800000190735005e-01
9.999800000190735005e-01
9.999800000190735005e-01
9.999800000190735005e-01
9.999800000190735005e-01
9.999800000190735005e-01
9.999800000190735005e-01
9.999800000190735005e-01
9.999800000190735005e-01
9.999800000190735005e-01
9.999800000190735005e-01
9.999800000190735005e-01
9.999800000190735005e-01
9.999800000190735005e-01
9.999800000190735005e-01
9.999800000190735005e-01
9.999800000190735005e-01
9.999800000190735005e-01
9.999800000190735005e-01
9.999800000190735005e-01
9.999800000190735005e-01
9.999800000190735005e-01
9.999800000190735005e-01
9.999800000190735005e-01
9.999800000190735005e-01
9.999800000190735005e-01
9.999800000190735005e-01
9.999800000190735005e-01
9.999800000190735005e-01
9.999800000190735005e-01
9.999800000190735005e-01
9.999800000190735005e-01
9.999800000190735005e-01
9.999800000190735005e-01
9.999800000190735005e-01
9.999800000190735005e-01
9.999800000190735005e-01
9.999800000190735005e-01
9.999800000190735005e-01
9.999800000190735005e-01
9.999800000190735005e-01
9.999800000190735005e-01
9.999800000190735005e-01
9.999800000190735005e-01
9.999800000190735005e-01
9.999800000190735005e-01
9.999800000190735005e-01
9.999800000190735005e-01
9.999800000190735005e-01
9.999800000190735005e-01
9.999800000190735005e-01
9.999800000190735005e-01
9.999800000190735005e-01
9.999800000190735005e-01
9.999800000190735005e-01
9.999800000190735005e-01
9.999800000190735005e-01
9.999800000190735005e-01
7.459200009852647861e-01
8.725999989509582999e-01
9.356600013971329011e-01
9.285200021266937220e-01
9.347200033664703200e-01
9.529200025796890072e-01
9.520000041723251094e-01
9.654200063943862986e-01
9.663800066709518077e-01
9.694800071716308532e-01
9.693200063705443847e-01
9.667400062084198220e-01
9.635400050878524247e-01
9.752800095081329834e-01
9.652400076389312522e-01
9.798200089931488055e-01
9.791600099802016954e-01
9.740600090026855229e-01
9.803600103855133474e-01
9.816000099182129457e-01
9.663200057744979476e-01
9.718200076818466204e-01
9.798800103664397909e-01
9.842200096845626911e-01
9.772000086307525146e-01
9.837000098228454448e-01
9.794000084400177331e-01
9.823000086545944365e-01
9.889400088787079213e-01
9.879600092172622361e-01
9.880000087022781097e-01
9.846200096607208296e-01
9.840600090026855318e-01
9.906000076532364140e-01
9.898600076436996353e-01
9.917800068855285867e-01
9.846400092840195128e-01
9.907400078773498375e-01
9.819400081634521715e-01
9.895600086450576649e-01
9.899400078058242514e-01
9.906800074577331028e-01
9.936400058269501123e-01
9.911600065231322976e-01
9.940000054836273247e-01
9.960200036764145226e-01
9.942600049972534215e-01
9.942000050544739231e-01
9.946800047159194413e-01
9.922800067663192225e-01
9.699400061368942394e-01
9.783200089931487486e-01
9.832400085926056299e-01
9.857000075578689069e-01
9.889000073671341262e-01
9.901800074577331578e-01
9.866400076150894094e-01
9.924200060367583953e-01
9.926200057268143029e-01
9.918800065517425768e-01
9.913600072860717649e-01
9.932600057125091642e-01
9.954800043106079022e-01
9.919600067138671928e-01
9.938600051403045921e-01
9.902200071811676496e-01
9.954200041294097856e-01
9.960600035190582124e-01
9.893000061511993959e-01
9.948800046443939671e-01
9.970800027847289693e-01
9.977000021934508966e-01
9.971200023889541519e-01
9.964000033140182344e-01
9.927200064659118528e-01
9.967400029897689473e-01
9.979000020027161133e-01
9.924400047063827168e-01
9.971600023508071509e-01
9.960400036573410221e-01
