8.090960004925727977e-01
4.339637278914451612e-01
3.395841038525104771e-01
2.813846862018108408e-01
2.431060525774955683e-01
2.267942901551723567e-01
1.939361058771610358e-01
1.816268157213926371e-01
1.684916166067123300e-01
1.671430563330650321e-01
1.539374579936265974e-01
1.464292843490838936e-01
1.357444932460784848e-01
1.379471561834215987e-01
1.322507872655987737e-01
1.217335843667387979e-01
1.148268831558525577e-01
1.075180377326905717e-01
1.095004115030169534e-01
1.043027279786765543e-01
1.106150858774781198e-01
1.030261490270495406e-01
9.810665287449955863e-02
8.943683232367038993e-02
8.783598465099930197e-02
8.803242394700645790e-02
9.150990657880901658e-02
8.373990692198277075e-02
9.090359275974332909e-02
8.072813383489847727e-02
7.864291892945766971e-02
7.468074362352490614e-02
7.827416669204831368e-02
6.757524657435715065e-02
7.172228766232728592e-02
7.187260508537292314e-02
6.980797076970338133e-02
6.933806962333619039e-02
7.172340333461761641e-02
6.630536357685923310e-02
6.963622293993830537e-02
6.843628074973821807e-02
6.365963358432054353e-02
6.382823712937533978e-02
6.228942975029349433e-02
6.138302513398229826e-02
5.420872036740184002e-02
5.430895277671515808e-02
5.746653722226619659e-02
5.735388263501226686e-02
5.682394087873399169e-02
5.730845936574041621e-02
5.092767890356481031e-02
5.300488536059856648e-02
5.394884192571043624e-02
6.116836291737854508e-02
5.102282108552753936e-02
5.179791610315442191e-02
4.660243265051394745e-02
4.353070012480020345e-02
4.653437071107328210e-02
4.366737033613025953e-02
4.363754124846309229e-02
4.623750152625143856e-02
4.037951540946960183e-02
4.016690816357731952e-02
3.922263305354863061e-02
4.160867542680352776e-02
3.830054980795830760e-02
3.711345913354307385e-02
4.171051659993827571e-02
3.751269878260791307e-02
3.848833885975182223e-02
3.448474056273698879e-02
3.414906788896769629e-02
4.186373205017298454e-02
3.985912991873920286e-02
3.580308988597243752e-02
2.993906843103468288e-02
3.260988732147961783e-02
2.835528910253196783e-02
3.412797900289297331e-02
3.355521453265100651e-02
3.314735778421163542e-02
3.401772369910031901e-02
3.424775797780603426e-02
3.217106191441417018e-02
2.729802410304546512e-02
3.175258231442421725e-02
3.083783332165330668e-02
2.821842571813613226e-02
2.427543433383107241e-02
2.713485869811847750e-02
2.886079576704651123e-02
2.698566641053185000e-02
2.903477456793189179e-02
2.936166950315237043e-02
2.520526277087628900e-02
2.547565242368727764e-02
2.442339289374649558e-02
2.346405398100614645e-02
2.574832216650247557e-02
2.395715898089110715e-02
2.252094116061926013e-02
2.276825339207425719e-02
2.186236804025247851e-02
2.301949009485542916e-02
2.246131661906838536e-02
2.415542802121490099e-02
2.363974399492144510e-02
2.323597530182450882e-02
2.517742747301235720e-02
2.595871618762612271e-02
2.531747726909816185e-02
2.576667614886537366e-02
2.784492821339517796e-02
3.019294475764036298e-02
2.632317806128412624e-02
2.467131108790636060e-02
2.118891072459518771e-02
2.339209498418495098e-02
2.393620595615357158e-02
2.212770930211991130e-02
1.953730441536754431e-02
2.084408166026696652e-02
2.065190587611868966e-02
1.958513849740848092e-02
1.830197334755212166e-02
1.961839164094999338e-02
1.728159735212102602e-02
1.830426738271489703e-02
1.634448884241282776e-02
2.105793975386768477e-02
1.773223060416057734e-02
1.918697001598775390e-02
2.059518122300505599e-02
1.809451483655720797e-02
1.916392414690926832e-02
1.664106864202767599e-02
1.741659255558624872e-02
1.614122840855270608e-02
1.433455040352418948e-02
1.600858173053711780e-02
1.433147504599764990e-02
1.656359835946932466e-02
1.690621320437640102e-02
1.509278030646964835e-02
1.578917879704385893e-02
1.619829643890261656e-02
1.641813449561595889e-02
1.715357527229935050e-02
1.475283549074083572e-02
1.459543245332315525e-02
1.387709112511947666e-02
1.349809758015908280e-02
1.475268177455291152e-02
1.610021965578198322e-02
1.566640892787836414e-02
1.427909501828253207e-02
1.494231674168258923e-02
1.354926562984474017e-02
1.460322960466146555e-02
1.321061637881211850e-02
1.172469067457132010e-02
1.270274995407089623e-02
1.224705720716156090e-02
1.104293291596695863e-02
1.076857199193909792e-02
1.159150303411297586e-02
1.201373136858455842e-02
1.141703267954289995e-02
1.204910352220758818e-02
1.186655247979797462e-02
1.080813647410832322e-02
1.155565251782536551e-02
1.114909313805401321e-02
1.377273572492413237e-02
1.029619579296559180e-02
1.055767081119120092e-02
1.136539336713031020e-02
9.440304133808240586e-03
9.411980681819840516e-03
1.134747774014249408e-02
9.985887807095424062e-03
1.021237369114533049e-02
1.016679645911790393e-02
9.214367720531298905e-03
8.836726184235886572e-03
8.946058103814720497e-03
8.340569563675671177e-03
8.896857791114598513e-03
1.219021628075279279e-02
1.213667388586327396e-02
1.266017280193045685e-02
1.076287584775127530e-02
1.113649238948710186e-02
9.311555903870612910e-03
9.426696327747776868e-03
8.613872681977228010e-03
9.072885192232206866e-03
