1.040000000000000000e+03
2.079000000000000000e+03
3.111000000000000000e+03
4.146000000000000000e+03
5.187000000000000000e+03
6.214000000000000000e+03
7.255000000000000000e+03
8.296000000000000000e+03
9.340000000000000000e+03
1.037100000000000000e+04
1.139800000000000000e+04
1.243000000000000000e+04
1.346500000000000000e+04
1.450100000000000000e+04
1.554000000000000000e+04
1.657900000000000000e+04
1.761700000000000000e+04
1.865300000000000000e+04
1.968400000000000000e+04
2.071400000000000000e+04
2.175100000000000000e+04
2.278900000000000000e+04
2.383200000000000000e+04
2.487400000000000000e+04
2.591100000000000000e+04
2.694100000000000000e+04
2.797400000000000000e+04
2.901100000000000000e+04
3.004200000000000000e+04
3.107400000000000000e+04
3.211400000000000000e+04
3.314500000000000000e+04
3.417900000000000000e+04
3.521800000000000000e+04
3.625300000000000000e+04
3.727800000000000000e+04
3.831200000000000000e+04
3.935200000000000000e+04
4.038100000000000000e+04
4.142000000000000000e+04
4.245300000000000000e+04
4.349000000000000000e+04
4.452500000000000000e+04
4.555500000000000000e+04
4.658900000000000000e+04
4.762100000000000000e+04
4.865800000000000000e+04
4.968900000000000000e+04
5.072200000000000000e+04
5.175700000000000000e+04
5.280000000000000000e+04
5.382900000000000000e+04
5.486200000000000000e+04
5.588800000000000000e+04
5.692500000000000000e+04
5.795500000000000000e+04
5.898100000000000000e+04
6.001800000000000000e+04
6.106300000000000000e+04
6.210300000000000000e+04
6.313800000000000000e+04
6.417000000000000000e+04
6.520300000000000000e+04
6.624300000000000000e+04
6.727700000000000000e+04
6.831300000000000000e+04
6.934200000000000000e+04
7.038600000000000000e+04
7.142200000000000000e+04
7.245800000000000000e+04
7.349500000000000000e+04
7.452900000000000000e+04
7.555600000000000000e+04
7.660100000000000000e+04
7.763500000000000000e+04
7.866400000000000000e+04
7.970700000000000000e+04
8.074800000000000000e+04
8.179200000000000000e+04
8.282900000000000000e+04
8.386300000000000000e+04
8.489400000000000000e+04
8.593000000000000000e+04
8.696700000000000000e+04
8.800800000000000000e+04
8.903600000000000000e+04
9.007500000000000000e+04
9.110400000000000000e+04
9.213900000000000000e+04
9.316800000000000000e+04
9.420400000000000000e+04
9.525000000000000000e+04
9.628700000000000000e+04
9.732100000000000000e+04
9.835500000000000000e+04
9.937800000000000000e+04
1.004140000000000000e+05
1.014520000000000000e+05
1.024940000000000000e+05
1.035300000000000000e+05
1.045650000000000000e+05
1.055950000000000000e+05
1.066440000000000000e+05
1.076800000000000000e+05
1.087150000000000000e+05
1.097480000000000000e+05
1.107810000000000000e+05
1.118160000000000000e+05
1.128490000000000000e+05
1.138870000000000000e+05
1.149190000000000000e+05
1.159480000000000000e+05
1.169810000000000000e+05
1.180210000000000000e+05
1.190560000000000000e+05
1.200880000000000000e+05
1.211210000000000000e+05
1.221520000000000000e+05
1.231890000000000000e+05
1.242220000000000000e+05
1.252550000000000000e+05
1.262890000000000000e+05
1.273220000000000000e+05
1.283700000000000000e+05
1.294040000000000000e+05
1.304510000000000000e+05
1.314800000000000000e+05
1.325120000000000000e+05
1.335550000000000000e+05
1.345970000000000000e+05
1.356320000000000000e+05
1.366710000000000000e+05
1.377110000000000000e+05
1.387450000000000000e+05
1.397770000000000000e+05
1.408180000000000000e+05
1.418530000000000000e+05
1.428940000000000000e+05
1.439270000000000000e+05
1.449650000000000000e+05
1.460010000000000000e+05
1.470360000000000000e+05
1.480710000000000000e+05
1.491080000000000000e+05
1.501440000000000000e+05
1.511780000000000000e+05
1.522080000000000000e+05
1.532470000000000000e+05
1.542830000000000000e+05
1.553140000000000000e+05
1.563480000000000000e+05
1.573790000000000000e+05
1.584160000000000000e+05
1.594550000000000000e+05
1.604880000000000000e+05
1.615240000000000000e+05
1.625550000000000000e+05
1.636000000000000000e+05
1.646350000000000000e+05
1.656730000000000000e+05
1.667100000000000000e+05
1.677530000000000000e+05
1.687880000000000000e+05
1.698190000000000000e+05
1.708560000000000000e+05
1.719060000000000000e+05
1.729440000000000000e+05
1.739830000000000000e+05
1.750130000000000000e+05
1.760460000000000000e+05
1.770810000000000000e+05
1.781200000000000000e+05
1.791570000000000000e+05
1.802000000000000000e+05
1.812320000000000000e+05
1.822710000000000000e+05
1.833100000000000000e+05
1.843500000000000000e+05
1.853740000000000000e+05
1.864140000000000000e+05
1.874480000000000000e+05
1.884850000000000000e+05
1.895250000000000000e+05
1.905660000000000000e+05
1.916110000000000000e+05
1.926460000000000000e+05
1.936770000000000000e+05
1.947210000000000000e+05
1.957610000000000000e+05
1.968020000000000000e+05
1.978380000000000000e+05
1.988720000000000000e+05
1.999070000000000000e+05
2.009400000000000000e+05
2.019740000000000000e+05
2.030080000000000000e+05
2.040390000000000000e+05
2.050760000000000000e+05
2.061070000000000000e+05
2.071400000000000000e+05
