8.235600005537271340e-01
9.271800009012222121e-01
9.380400015115737400e-01
9.463200014829635798e-01
9.530800038576126010e-01
9.555400013923645020e-01
9.631600054502487129e-01
9.649600070714950961e-01
9.680200068950652881e-01
9.685600060224532903e-01
9.702400071620941313e-01
9.703600065708160027e-01
9.740800086259842061e-01
9.729800081253051625e-01
9.739200091361999156e-01
9.758200110197067234e-01
9.774000113010405943e-01
9.797400093078613148e-01
9.786800105571746844e-01
9.794600102901458438e-01
9.777200094461441227e-01
9.800000114440917676e-01
9.800800114870071855e-01
9.820800114870071873e-01
9.820200109481811435e-01
9.832600101232528145e-01
9.813600103855133483e-01
9.836800098419189453e-01
9.828800095319747410e-01
9.835800099372863370e-01
9.853600101470947337e-01
9.867600085735320770e-01
9.853200101852417347e-01
9.884400086402893582e-01
9.858800102472304872e-01
9.867400101423263736e-01
9.880000089406967279e-01
9.870400092601776532e-01
9.866000094413757138e-01
9.884400091171264835e-01
9.875800088644027808e-01
9.874000089168548655e-01
9.886200083494186552e-01
9.881200089454650337e-01
9.878000087738036950e-01
9.889200085401534945e-01
9.905400077104568046e-01
9.911000077724456681e-01
9.906000081300735394e-01
9.903600088357925602e-01
9.909200065135955748e-01
9.911800073385238496e-01
9.923800067901611399e-01
9.913000077009200828e-01
9.913200075626373842e-01
9.885400089025497827e-01
9.916800075769424128e-01
9.911200077533721675e-01
9.919600067138671928e-01
9.932800060510635909e-01
9.921000068187713072e-01
9.938200057744980276e-01
9.929600064754485755e-01
9.927200069427489781e-01
9.939000054597854072e-01
9.938000056743622190e-01
9.938400056362152180e-01
9.936200057268143038e-01
9.945000051259994533e-01
9.937200055122376030e-01
9.939200055599212158e-01
9.946400047540664424e-01
9.947000048160552499e-01
9.950600047111510804e-01
9.950400044918060738e-01
9.935800052881240685e-01
9.942600051164627306e-01
9.951400045156478802e-01
9.963400034904480451e-01
9.955400042533874005e-01
9.968600029945373642e-01
9.954600042104720936e-01
9.953800042867660958e-01
9.956200041770935094e-01
9.957000041007995073e-01
9.951200041770934535e-01
9.958800039291382244e-01
9.969400027990341639e-01
9.959600038528442223e-01
9.961400036811828285e-01
9.967800030708312553e-01
9.974000024795531827e-01
9.968600029945373642e-01
9.966200032234191486e-01
9.974000024795531827e-01
9.962800033092499286e-01
9.960600035190582124e-01
9.968400030136108647e-01
9.973600025177001838e-01
9.977400021553040066e-01
9.973200025558471848e-01
9.965600032806396502e-01
9.972600026130675754e-01
9.970800027847289693e-01
9.978800020217895028e-01
9.977200021743773961e-01
9.976000021696090903e-01
9.976400022506713983e-01
9.972000026702880771e-01
9.975800023078918999e-01
9.973800023794173741e-01
9.965600032806396502e-01
9.967600030899047558e-01
9.966400032043456481e-01
9.969400027990341639e-01
9.965600032806396502e-01
9.958000038862228065e-01
9.967800030708312553e-01
9.969000028371810540e-01
9.979600019454956117e-01
9.974000024795531827e-01
9.970400028228759703e-01
9.971800026893615776e-01
9.981200017929077184e-01
9.977600021362305061e-01
9.976600021123885886e-01
9.980600018501282200e-01
9.979800019264221111e-01
9.976800022125243972e-01
9.983800015449524334e-01
9.981200017929077184e-01
9.985400013923645401e-01
9.974000024795531827e-01
9.985800013542175391e-01
9.981000018119812189e-01
9.980200018882751101e-01
9.982800016403198251e-01
9.979200019836426128e-01
9.987400012016296458e-01
9.983400015830993235e-01
9.991400008201598570e-01
9.987600011825561452e-01
9.987200012207031463e-01
9.988800010681152530e-01
9.986200013160705380e-01
9.987200012207031463e-01
9.989400010108947514e-01
9.988600010871887536e-01
9.986600012779235369e-01
9.986600012779235369e-01
9.985400013923645401e-01
9.990000009536743608e-01
9.988200011253356436e-01
9.990400009155273597e-01
9.992400007247924654e-01
9.987400012016296458e-01
9.988800010681152530e-01
9.985800013542175391e-01
9.991200008392333576e-01
9.990200009346008603e-01
9.989000010490417525e-01
9.986200013160705380e-01
9.992800006866454643e-01
9.994000005722045721e-01
9.992000007629394664e-01
9.991600008010864675e-01
9.993400006294250737e-01
9.995000004768371804e-01
9.993600006103515732e-01
9.994800004959106809e-01
9.991200008392333576e-01
9.990600008964538592e-01
9.989200010299682519e-01
9.994200005531310715e-01
9.990800008773803587e-01
9.993200006484985742e-01
9.988200011253356436e-01
9.996400003433227877e-01
9.995000004768371804e-01
9.991400008201598570e-01
9.995800004005431783e-01
9.995600004196166788e-01
9.993400006294250737e-01
9.993600006103515732e-01
9.994800004959106809e-01
9.996200003623962882e-01
9.996000003814696777e-01
9.997800002098083949e-01
9.997200002670287855e-01
9.997200002670287855e-01
9.996400003433227877e-01
9.986800012588501474e-01
9.990800008773803587e-01
9.991600008010864675e-01
9.991200008392333576e-01
9.993000006675720748e-01
9.995200004577636799e-01
9.996000003814696777e-01
9.996000003814696777e-01
9.996000003814696777e-01
