3.287896871566772461e+00
6.583356857299804688e+00
9.857102870941162109e+00
1.310464000701904297e+01
1.637668085098266602e+01
1.964408588409423828e+01
2.291778492927551270e+01
2.618764781951904297e+01
2.946047782897949219e+01
3.271935796737670898e+01
3.598555684089660645e+01
3.928301596641540527e+01
4.251707196235656738e+01
4.579957103729248047e+01
4.905472588539123535e+01
5.213351702690124512e+01
5.539295196533203125e+01
5.867132401466369629e+01
6.193757891654968262e+01
6.520527887344360352e+01
6.848090982437133789e+01
7.174491381645202637e+01
7.502182793617248535e+01
7.828525185585021973e+01
8.155501389503479004e+01
8.484363889694213867e+01
8.810739398002624512e+01
9.138974285125732422e+01
9.466346287727355957e+01
9.791680002212524414e+01
1.011953289508819580e+02
1.044265868663787842e+02
1.076229588985443115e+02
1.108336369991302490e+02
1.140928189754486084e+02
1.173718028068542480e+02
1.206419558525085449e+02
1.238802688121795654e+02
1.271490490436553955e+02
1.304132578372955322e+02
1.336829910278320312e+02
1.369492769241333008e+02
1.402207329273223877e+02
1.434912378787994385e+02
1.467428269386291504e+02
1.499841358661651611e+02
1.532639369964599609e+02
1.565376288890838623e+02
1.598282878398895264e+02
1.630755548477172852e+02
1.662631289958953857e+02
1.695119998455047607e+02
1.728107059001922607e+02
1.761055679321289062e+02
1.793845469951629639e+02
1.826538000106811523e+02
1.859266259670257568e+02
1.891937239170074463e+02
1.924755079746246338e+02
1.957737748622894287e+02
1.990493109226226807e+02
2.023569469451904297e+02
2.056308999061584473e+02
2.088826148509979248e+02
2.121499588489532471e+02
2.153842549324035645e+02
2.187050628662109375e+02
2.219724009037017822e+02
2.251381700038909912e+02
2.283527569770812988e+02
2.316073958873748779e+02
2.348909168243408203e+02
2.381789009571075439e+02
2.414433019161224365e+02
2.447389779090881348e+02
2.479956238269805908e+02
2.512523448467254639e+02
2.545090699195861816e+02
2.577873258590698242e+02
2.610740988254547119e+02
2.643358559608459473e+02
2.676233489513397217e+02
2.708943560123443604e+02
2.741578288078308105e+02
2.773951029777526855e+02
2.806776299476623535e+02
2.839202258586883545e+02
2.870047240257263184e+02
2.902661869525909424e+02
2.935377888679504395e+02
2.967834959030151367e+02
3.000644588470458984e+02
3.033260259628295898e+02
3.065792348384857178e+02
3.098393259048461914e+02
3.131248300075531006e+02
3.164291279315948486e+02
3.196946878433227539e+02
3.229700000286102295e+02
3.262527348995208740e+02
3.295269279479980469e+02
3.328021810054779053e+02
3.360685148239135742e+02
3.393387708663940430e+02
3.426205999851226807e+02
3.457399029731750488e+02
3.490046670436859131e+02
3.522615599632263184e+02
3.555413429737091064e+02
3.588053359985351562e+02
3.620716948509216309e+02
3.653439738750457764e+02
3.685937559604644775e+02
3.718464839458465576e+02
3.751336739063262939e+02
3.784093298912048340e+02
3.816772348880767822e+02
3.849424760341644287e+02
3.882210140228271484e+02
3.914754478931427002e+02
3.947413239479064941e+02
3.979953279495239258e+02
4.012326939105987549e+02
4.044057939052581787e+02
4.076416468620300293e+02
4.108788528442382812e+02
4.141189918518066406e+02
4.173869128227233887e+02
4.206892328262329102e+02
4.239299428462982178e+02
4.272049739360809326e+02
4.304567079544067383e+02
4.337163758277893066e+02
4.369967799186706543e+02
4.402657558917999268e+02
4.435638618469238281e+02
4.468407618999481201e+02
4.501185150146484375e+02
4.533960578441619873e+02
4.566964888572692871e+02
4.599345920085906982e+02
4.632170708179473877e+02
4.664706199169158936e+02
4.695667529106140137e+02
4.728311839103698730e+02
4.761044960021972656e+02
4.793516089916229248e+02
4.826572909355163574e+02
4.859131708145141602e+02
4.891751120090484619e+02
4.924206628799438477e+02
4.956888689994812012e+02
4.989727308750152588e+02
5.022333779335021973e+02
5.055279858112335205e+02
5.087904520034790039e+02
5.120386660099029541e+02
5.153303129673004150e+02
5.186106138229370117e+02
5.218671419620513916e+02
5.250535089969635010e+02
5.282266588211059570e+02
5.315123260021209717e+02
5.347729170322418213e+02
5.380357599258422852e+02
5.412872509956359863e+02
5.445322890281677246e+02
5.478153228759765625e+02
5.510675258636474609e+02
5.543460199832916260e+02
5.576210470199584961e+02
5.609020369052886963e+02
5.641933689117431641e+02
5.674689829349517822e+02
5.707338118553161621e+02
5.739897060394287109e+02
5.772592828273773193e+02
5.805107688903808594e+02
5.837200319766998291e+02
5.868821480274200439e+02
5.901325550079345703e+02
5.933938949108123779e+02
5.966762938499450684e+02
5.999359798431396484e+02
6.032035360336303711e+02
6.064366238117218018e+02
6.096958110332489014e+02
6.129623298645019531e+02
6.162628588676452637e+02
6.195242888927459717e+02
6.227901380062103271e+02
6.260656650066375732e+02
6.293235378265380859e+02
6.325751848220825195e+02
6.358540129661560059e+02
6.390958838462829590e+02
6.422717900276184082e+02
6.455189900398254395e+02
6.487591710090637207e+02
6.520146069526672363e+02
