8.002599997520446484e-01
8.953400000333785469e-01
9.198200020790100462e-01
9.359400012493133136e-01
9.431400034427642742e-01
9.488000026941298959e-01
9.542000023126602226e-01
9.576000012159348040e-01
9.597400027513504073e-01
9.621800038814544154e-01
9.644600051641464278e-01
9.657400047779083341e-01
9.671400054693222170e-01
9.681800065040588876e-01
9.692400085926056175e-01
9.704000073671340543e-01
9.714000074863433642e-01
9.725000087022781514e-01
9.731200096607208749e-01
9.735600085258483416e-01
9.743600093126296713e-01
9.748200107812881043e-01
9.751400090456009417e-01
9.758200083971023675e-01
9.762600095272063738e-01
9.768800084590911759e-01
9.772000108957290543e-01
9.777600108385086086e-01
9.780400108098983303e-01
9.787600100040435569e-01
9.794000107049941617e-01
9.795200109481811968e-01
9.799200090169906119e-01
9.801400104761123222e-01
9.805200105905532704e-01
9.808600116968154703e-01
9.808400102853774838e-01
9.812400108575820568e-01
9.815000110864638971e-01
9.818400113582611555e-01
9.822200109958648673e-01
9.822400108575820576e-01
9.827600111961364293e-01
9.830000103712082105e-01
9.829800107479095272e-01
9.834600105285644656e-01
9.835000108480453918e-01
9.837400106191634963e-01
9.839600088596344163e-01
9.841800092458724558e-01
9.842800109386443674e-01
9.846600105762481903e-01
9.846000102758407646e-01
9.850800113677978809e-01
9.852200095653533829e-01
9.854800099134445324e-01
9.854400101900100406e-01
9.855800104141235751e-01
9.857000104188918810e-01
9.858000112771987400e-01
9.862200102806091273e-01
9.862600106000900535e-01
9.863800095319747996e-01
9.865600104331970766e-01
9.867000100612640656e-01
9.870000097751617796e-01
9.870200104713440226e-01
9.870400096178054694e-01
9.872800101041794285e-01
9.873800096511841096e-01
9.876800085306167709e-01
9.878000093698501294e-01
9.879000103473662975e-01
9.880600097179412789e-01
9.881800093650817685e-01
9.883200099468231192e-01
9.883200095891953030e-01
9.883800097703934195e-01
9.886200094223022150e-01
9.888000088930130049e-01
9.889400088787079213e-01
9.890400081872939841e-01
9.890000087022781106e-01
9.890600094795226616e-01
9.891400086879730269e-01
9.890400094985961621e-01
9.892600092887878782e-01
9.892600094079970763e-01
9.893400086164474416e-01
9.895800085067748553e-01
9.896200088262557815e-01
9.897800095081329408e-01
9.896600087881087804e-01
9.899800086021423029e-01
9.901200081110000939e-01
9.900000081062316770e-01
9.901200081110000939e-01
9.903400079011916990e-01
9.904000080823898156e-01
9.905400081872940410e-01
9.906200079917907297e-01
9.905200078487396143e-01
9.906800081729888463e-01
9.907800078392028365e-01
9.908200080394744536e-01
9.909400080442428704e-01
9.907600075006485207e-01
9.909800078868865603e-01
9.910800074338912413e-01
9.911400076150894689e-01
9.911400074958801598e-01
9.914000073671340729e-01
9.913800078630446988e-01
9.913200073242187660e-01
9.914400075674056900e-01
9.914600073099136823e-01
9.915800073146819882e-01
9.917400072813034040e-01
9.917600077390670288e-01
9.916200078725815326e-01
9.917800067663192776e-01
9.919200069904327011e-01
9.919200072288513192e-01
9.920200070142746185e-01
9.920400073528289342e-01
9.921000069379806163e-01
9.920000071525574281e-01
9.921400067806244172e-01
9.921200070381164249e-01
9.922000064849852974e-01
9.923000068664550311e-01
9.923800067901611399e-01
9.925200062990188199e-01
9.924200063943863226e-01
9.924800069332122554e-01
9.924000068902969485e-01
9.925200067758560563e-01
9.924600068330764469e-01
9.926800066232681630e-01
9.926200067996978627e-01
9.926800065040588539e-01
9.929200062751769584e-01
9.929400063753127670e-01
9.929000066518783862e-01
9.928600064516067691e-01
9.929400064945220761e-01
9.928800063133239595e-01
9.929000067710876953e-01
9.930400063991546844e-01
9.930400061607360662e-01
9.932000061273574820e-01
9.931800063848496007e-01
9.932000060081481729e-01
9.932400062084197900e-01
9.932800061702727890e-01
9.934200060367583962e-01
9.934600061178207042e-01
9.934000062942505149e-01
9.935400059223175040e-01
9.935800057649611938e-01
9.936200058460236129e-01
9.936200056076049947e-01
9.937200058698654193e-01
9.937200057506561102e-01
9.937400058507919187e-01
9.937800058126449176e-01
9.937800055742264105e-01
9.938600056171417174e-01
9.938400057554245270e-01
9.938200056552887185e-01
9.940000056028366338e-01
9.940600055456161321e-01
9.939600054025650167e-01
9.940200052261352059e-01
9.940400054454803236e-01
9.940800052881241244e-01
9.942000052928924303e-01
9.942200055122375479e-01
9.941800055503845490e-01
9.942200051546097317e-01
9.942600052356720397e-01
9.943000054359436568e-01
9.943800048828125293e-01
9.943600053787231552e-01
9.943600051403045370e-01
9.943600050210952279e-01
9.944200052022933445e-01
9.945400048494339451e-01
9.946000049114227526e-01
9.946000051498412597e-01
9.945800050497054512e-01
9.946200048923492520e-01
9.946200050115585611e-01
9.946800050735473686e-01
9.946200050115585611e-01
9.946400046348571333e-01
9.947600048780441684e-01
9.948600049018859748e-01
9.947800049781799769e-01
9.948800048828124742e-01
