2.284808693885803432e+00
1.545159928798675475e+00
1.204593928575515838e+00
9.931791435480117336e-01
8.492695935964584830e-01
7.430904469490051678e-01
6.659046574831009035e-01
6.046703721284866218e-01
5.591567437648773398e-01
5.263191834688186743e-01
5.006575794816017222e-01
4.812936624288559062e-01
4.655200533866882262e-01
4.517658306360244902e-01
4.412842511534690870e-01
4.324800724387168893e-01
4.233842344880103803e-01
4.163150542974471957e-01
4.090411470532417382e-01
4.022177067399024808e-01
3.974975610971450690e-01
3.910485244989395093e-01
3.871245791316032525e-01
3.826996251344680910e-01
3.782311117053032135e-01
3.740603227615356685e-01
3.701377613544464262e-01
3.669280748963356098e-01
3.640993086695671344e-01
3.604402212500572023e-01
3.580639842152595342e-01
3.547363260984420785e-01
3.518924379944801117e-01
3.482047041654586783e-01
3.476888338327407957e-01
3.452279884219169870e-01
3.422019470930099394e-01
3.403706854581832753e-01
3.375415050387382543e-01
3.353226920962333879e-01
3.324690657258033699e-01
3.326835646033287075e-01
3.296929150223731897e-01
3.277601478099823051e-01
3.259141458868980434e-01
3.242815170884132403e-01
3.233631548285484381e-01
3.204713405370712143e-01
3.199666461348533719e-01
3.183976312279701015e-01
3.173312041163444674e-01
3.154896652102470167e-01
3.146485679745674169e-01
3.122609100341796617e-01
3.120415007472038260e-01
3.109439502358436469e-01
3.080670910477638080e-01
3.080031818151474088e-01
3.066125811338424878e-01
3.062803835868835312e-01
3.043983251452446193e-01
3.029966623783111324e-01
3.030172998309135224e-01
3.016837864518165380e-01
3.003740788102149950e-01
2.999966926574706982e-01
2.977787308096885854e-01
2.972575311064720172e-01
2.963616596460342256e-01
2.953642313182354151e-01
2.942679606080055299e-01
2.941850333809852835e-01
2.927323291897773738e-01
2.917215788662433362e-01
2.908183652162552035e-01
2.897783617973327397e-01
2.887043789327144450e-01
2.882735335230827145e-01
2.870908590257167936e-01
2.859719107747077937e-01
2.858313904404640171e-01
2.847241026759147475e-01
2.842191023528575777e-01
2.837604249715804938e-01
2.830863734781742247e-01
2.829255389869212989e-01
2.812199753820895931e-01
2.805201861858367951e-01
2.804807677865028270e-01
2.796098197400569974e-01
2.784372903406620026e-01
2.776252735257148663e-01
2.768127118647098484e-01
2.765470430254935996e-01
2.759494778513908453e-01
2.755883136689663004e-01
2.743593851625919511e-01
2.748391336798667872e-01
2.734303287863731335e-01
2.722519897818565515e-01
2.725139445960521600e-01
2.720232820510864458e-01
2.712591511905193542e-01
2.695023852586746482e-01
2.710609642267227115e-01
2.694484167695045396e-01
2.692224494218826147e-01
2.685889872610568996e-01
2.676341554820537705e-01
2.677268075942993431e-01
2.682086503803730038e-01
2.659623945057392191e-01
2.658757636249065581e-01
2.659312697350978971e-01
2.647936808466911374e-01
2.641652556061744872e-01
2.628225442469119821e-01
2.636122738718986724e-01
2.625771600604057121e-01
2.622319676280021605e-01
2.620906739532947727e-01
2.610769755244254919e-01
2.612219150960445324e-01
2.606009795665740758e-01
2.601305994093418006e-01
2.595636964738369246e-01
2.590467106997966784e-01
2.586011431813239891e-01
2.589735485613345878e-01
2.581264281570911368e-01
2.571099531352519785e-01
2.567933574318885803e-01
2.566165727674961095e-01
2.561967240273952395e-01
2.556095052957534919e-01
2.552516271173954077e-01
2.542420326769351813e-01
2.539588159322738736e-01
2.541867567896842761e-01
2.533836579918861132e-01
2.529840328395366877e-01
2.530146788954734660e-01
2.525822539627551877e-01
2.515497370660305099e-01
2.509013708829879730e-01
2.507841176092624469e-01
2.507399810254573591e-01
2.510493048429489060e-01
2.497601213753223304e-01
2.501704439818859260e-01
2.486495186090469378e-01
2.490931109488010442e-01
2.486102921664714860e-01
2.486035892069339837e-01
2.482247758507728497e-01
2.468911727666854850e-01
2.469258278608322255e-01
2.469198093712329789e-01
2.464031205475330222e-01
2.456969164609908995e-01
2.457668517827987786e-01
2.448493377268314286e-01
2.449118449687957833e-01
2.451109559237956981e-01
2.442102541923522885e-01
2.441898386180400837e-01
2.435120846331119415e-01
2.430503289401531319e-01
2.433355287015438184e-01
2.440994895994663128e-01
2.425541106462478502e-01
2.416743176281452299e-01
2.418345269858837021e-01
2.416826088726520549e-01
2.414105743169784601e-01
2.407871622145175972e-01
2.399538118541240661e-01
2.404469355046749135e-01
2.403352524936199219e-01
2.400553136467933613e-01
2.398870316147804216e-01
2.388259033560752864e-01
2.391182922422885881e-01
2.384036676883697636e-01
2.384141964316368045e-01
2.380759206414222728e-01
2.378744003176689048e-01
2.377254348397254968e-01
2.377869411110878073e-01
2.366751034855842650e-01
2.367913064360618602e-01
2.360165599584579388e-01
2.367692917585372814e-01
2.366458214819431305e-01
2.357190797030925822e-01
2.355207164585590429e-01
2.349464627504348757e-01
2.344178673624992271e-01
2.340334962010383602e-01
2.347585459053516399e-01
