4.638000000000001011e-01
7.437400000000002898e-01
7.999199999999997424e-01
8.264400000000000635e-01
8.434399999999997455e-01
8.548199999999998022e-01
8.634800000000000253e-01
8.698999999999998956e-01
8.746399999999999730e-01
8.782400000000003537e-01
8.817800000000000082e-01
8.847599999999999909e-01
8.875000000000006217e-01
8.892799999999997373e-01
8.920400000000003882e-01
8.938800000000004520e-01
8.953800000000007309e-01
8.969400000000006257e-01
8.983000000000005425e-01
8.999000000000004773e-01
9.007800000000003582e-01
9.018800000000003481e-01
9.029600000000002069e-01
9.041000000000003478e-01
9.052000000000003377e-01
9.064800000000005076e-01
9.072800000000001974e-01
9.083400000000003693e-01
9.091600000000003012e-01
9.097000000000003972e-01
9.108200000000005181e-01
9.113400000000000389e-01
9.125000000000003109e-01
9.130800000000003358e-01
9.135400000000000187e-01
9.147000000000007347e-01
9.151600000000003066e-01
9.158400000000006536e-01
9.166400000000004544e-01
9.169600000000004414e-01
9.178400000000001002e-01
9.183000000000001162e-01
9.189400000000002011e-01
9.196800000000004971e-01
9.198800000000001420e-01
9.205400000000003580e-01
9.210200000000007270e-01
9.216199999999998838e-01
9.222399999999999487e-01
9.222400000000005038e-01
