3.078799999999999870e-01
6.524400000000001310e-01
7.873600000000005039e-01
8.509200000000001207e-01
8.825200000000000822e-01
8.985400000000004495e-01
9.081800000000006534e-01
9.148000000000005016e-01
9.200000000000000400e-01
9.249199999999998534e-01
9.285600000000003851e-01
9.321000000000005947e-01
9.356600000000002693e-01
9.380799999999999139e-01
9.413399999999999546e-01
9.422999999999998044e-01
9.459199999999994279e-01
9.470799999999996999e-01
9.487799999999996237e-01
9.495399999999999396e-01
9.516799999999995263e-01
9.533199999999993901e-01
9.546399999999996000e-01
9.560999999999998389e-01
9.567599999999994997e-01
9.578399999999994696e-01
9.593799999999997885e-01
9.602799999999999114e-01
9.611199999999997523e-01
9.622999999999996001e-01
9.630799999999996031e-01
9.637599999999997280e-01
9.645600000000000840e-01
9.651599999999994628e-01
9.662599999999997857e-01
9.666199999999999237e-01
9.673999999999993715e-01
9.680399999999993454e-01
9.686999999999997835e-01
9.693799999999995753e-01
9.697599999999992892e-01
9.704200000000002824e-01
9.713999999999988200e-01
9.711999999999992861e-01
9.720599999999997021e-01
9.729999999999995319e-01
9.729199999999998960e-01
9.737399999999993838e-01
9.742599999999990157e-01
9.746799999999993247e-01
