3.450315250948319257e+00
2.494071219196744682e+00
1.976364494927930204e+00
1.596697179581718418e+00
1.319247757835252388e+00
1.112441297538441232e+00
9.574259277748172758e-01
8.375936778134195348e-01
7.445127234329124155e-01
6.672871994940460239e-01
6.055439641180817567e-01
5.556522913017845067e-01
5.126518735164118379e-01
4.771881442315417665e-01
4.439385728037843482e-01
4.174375990458195074e-01
3.933498368482644114e-01
3.718309033732988822e-01
3.527679994991998469e-01
3.371287106745943229e-01
3.208634962146085234e-01
3.067703692449014752e-01
2.953573688020627031e-01
2.833685288105584621e-01
2.731116311851126133e-01
2.629759758897003974e-01
2.545385117203696757e-01
2.460423967069216566e-01
2.378210533704321894e-01
2.307560970243382747e-01
2.251795509292860709e-01
2.183141302944076323e-01
2.105241713447504603e-01
2.052827631338253744e-01
2.005410989525644450e-01
1.964366798313789408e-01
1.906017898790056675e-01
1.859058690927840318e-01
1.810741372377800973e-01
1.778002514081048480e-01
1.741133660381734005e-01
1.679683459040815785e-01
1.650874440633981477e-01
1.626261592291345370e-01
1.592468001371934172e-01
1.559145075174639128e-01
1.533320840871991164e-01
1.494589489167948149e-01
1.466118418796047151e-01
1.449777489213081860e-01
