9.238200000000011958e-01
9.750600000000041456e-01
9.838200000000043577e-01
9.880800000000042882e-01
9.909200000000037978e-01
9.928800000000030934e-01
9.941000000000027592e-01
9.948200000000021470e-01
9.960400000000018128e-01
9.964800000000018088e-01
9.967600000000016447e-01
9.974000000000016186e-01
9.977600000000013125e-01
9.981200000000012285e-01
9.982800000000011664e-01
9.984200000000008624e-01
9.984200000000009734e-01
9.990000000000007763e-01
9.988200000000005963e-01
9.990200000000004632e-01
